0.009619 0.000000
0.019071 0.000544
0.000000 0.008688
0.009535 0.000000
0.000000 0.000000
0.000000 0.008488
0.000000 0.000000
0.000000 0.000000
0.000000 0.001001
0.000000 0.001631
0.000000 0.000000
0.000000 0.000553
0.000000 0.008450
0.000000 0.000000
0.000000 0.000000
0.000000 0.008783
0.000000 0.000000
0.000000 0.000000
0.000000 0.001087
0.000000 0.001431
0.000000 0.000000
0.000000 0.000582
0.000000 0.008287
0.000000 0.000000
0.000000 0.000000
0.000000 0.009089
0.000000 0.000000
0.000000 0.000000
0.000000 0.001192
0.000000 0.001202
0.000000 0.000000
0.000000 0.000563
0.000000 0.008030
0.000000 0.000000
0.000000 0.000000
0.000000 0.009336
0.000000 0.000000
0.000000 0.000000
0.000000 0.001345
0.000000 0.001011
0.000000 0.000000
0.000000 0.000572
0.000000 0.007792
0.000000 0.000000
0.000000 0.000000
0.000000 0.009537
0.000000 0.000000
0.000000 0.000000
0.000000 0.001507
0.008797 0.000811
0.000000 0.000000
0.000000 0.000582
0.000000 0.007563
0.000000 0.000000
0.000000 0.000000
0.000000 0.009727
0.000000 0.000000
0.000000 0.000000
0.000000 0.001678
0.000000 0.000648
0.000000 0.000000
0.000000 0.000591
0.000000 0.007257
0.000000 0.000000
0.000000 0.000000
0.000000 0.009871
0.000000 0.000000
0.000000 0.000000
0.000000 0.001888
0.000000 0.000486
0.000000 0.000000
0.000000 0.000582
0.000000 0.006990
0.000000 0.000000
0.000000 0.000000
0.000000 0.009985
0.000000 0.000000
0.000000 0.000000
0.000000 0.002098
0.000000 0.000305
0.000000 0.000000
0.000000 0.000582
0.000000 0.006714
0.000000 0.000000
0.000000 0.000000
0.000000 0.010109
0.000000 0.000000
0.000000 0.000000
0.000000 0.002375
0.000000 0.000162
0.000000 0.000000
0.000000 0.000582
0.000000 0.006418
0.000000 0.000000
0.000000 0.000000
0.000000 0.010128
0.000000 0.000000
0.000000 0.000000
0.000000 0.002680
0.000000 0.000038
0.000000 0.000000
0.000000 0.000591
0.000000 0.006132
0.000000 0.000000
0.000000 0.000000
0.000000 0.010157
0.000000 0.000000
0.000000 0.000000
0.000000 0.002947
0.000000 0.000000
0.000000 0.000000
0.000000 0.000591
0.000000 0.005827
0.000000 0.000000
0.000000 0.000000
0.000000 0.010185
0.000000 0.000000
0.000000 0.000000
0.000000 0.003300
0.000000 0.000000
0.000000 0.000000
0.000000 0.000591
0.000000 0.005493
0.000000 0.000000
0.000000 0.000000
0.000000 0.010128
0.000000 0.000000
0.000000 0.000000
0.000000 0.003643
0.000000 0.000000
0.000000 0.000000
0.000000 0.000610
0.000000 0.005198
0.000000 0.000000
0.000000 0.000000
0.000000 0.010099
0.000000 0.000000
0.000000 0.000000
0.000000 0.004063
0.000000 0.000000
0.000000 0.000000
0.000000 0.000610
0.000000 0.004845
0.000000 0.000000
0.000000 0.000076
0.000000 0.010052
0.000000 0.000000
0.000000 0.000000
0.000000 0.004501
0.000000 0.000000
0.000000 0.000000
0.000000 0.000610
0.000000 0.004530
0.000000 0.000000
0.000000 0.000153
0.000000 0.009975
0.000000 0.000000
0.000000 0.000000
0.000000 0.004892
0.000000 0.000000
0.000000 0.000000
0.000000 0.000629
0.000000 0.004206
0.000000 0.000000
0.000000 0.000219
0.000000 0.009880
0.000000 0.000000
0.000000 0.000000
0.000000 0.005322
0.000000 0.000000
0.000000 0.000000
0.000000 0.000639
0.000000 0.003862
0.000000 0.000000
0.000000 0.000296
0.000000 0.009718
0.000000 0.000000
0.000000 0.000000
0.000000 0.005751
0.000000 0.000000
0.000000 0.000000
0.000000 0.000668
0.000000 0.003567
0.000000 0.000000
0.000000 0.000353
0.000000 0.009661
0.000000 0.000000
0.000000 0.000000
0.000000 0.006199
0.000000 0.000000
0.000000 0.000000
0.000000 0.000696
0.000000 0.003223
0.000000 0.000000
0.000000 0.000391
0.000000 0.009518
0.000000 0.000000
0.000000 0.000000
0.000000 0.006647
0.000000 0.000000
0.000000 0.000000
0.000000 0.000725
0.000000 0.002947
0.000000 0.000000
0.000000 0.000448
0.000000 0.009356
0.000000 0.000000
0.000000 0.000000
0.000000 0.007038
0.000000 0.000000
0.000000 0.000000
0.000000 0.000763
0.000000 0.002661
0.000000 0.000000
0.000000 0.000496
0.000000 0.009203
0.000000 0.000000
0.000000 0.000000
0.000000 0.007496
0.000000 0.000000
0.000000 0.000000
0.000000 0.000811
0.000000 0.002375
0.000000 0.000000
0.000000 0.000496
0.000000 0.009041
0.000000 0.000000
0.000000 0.000000
0.000000 0.007858
0.000000 0.000000
0.000000 0.000000
0.000000 0.000868
0.000000 0.002117
0.000000 0.000000
0.000000 0.000544
0.000000 0.008841
0.000000 0.000000
0.000000 0.000000
0.000000 0.008240
0.000000 0.000000
0.000000 0.000000
0.000000 0.000935
0.000000 0.001850
0.000000 0.000000
0.000000 0.000553
0.000000 0.008640
0.000000 0.000000
0.000000 0.000000
0.000000 0.008593
0.000000 0.000000
0.000000 0.000000
0.000000 0.001020
0.000000 0.001602
0.000000 0.000000
0.000000 0.000563
0.000000 0.008430
0.000000 0.000000
0.000000 0.000000
0.000000 0.008888
0.000000 0.000000
0.000000 0.000000
0.000000 0.001125
0.000000 0.001383
0.000000 0.000000
0.000000 0.000563
0.000000 0.008183
0.000000 0.000000
0.000000 0.000000
0.000000 0.009136
0.000000 0.000000
0.000000 0.000000
0.000000 0.001240
0.000000 0.001154
0.000000 0.000000
0.000000 0.000572
0.000000 0.007963
0.000000 0.000000
0.000000 0.000000
0.000000 0.009413
0.000000 0.000000
0.000000 0.000000
0.000000 0.001383
0.000000 0.000954
0.000000 0.000000
0.000000 0.000591
0.000000 0.007734
0.000000 0.000000
0.000000 0.000000
0.000000 0.009584
0.000000 0.000000
0.000000 0.000000
0.000000 0.001545
0.000000 0.000744
0.000000 0.000000
0.017623 0.000582
0.027292 0.007420
0.046551 0.000000
0.094340 0.000000
0.103969 0.009737
0.132721 0.000000
0.170983 0.000000
0.190067 0.001726
0.228234 0.000563
0.237932 0.000000
0.266450 0.000572
0.276067 0.007133
0.304781 0.000000
0.333306 0.000000
0.361976 0.009975
0.381091 0.000000
0.400179 0.000000
0.419070 0.001984
0.438069 0.000439
0.457070 0.000000
0.476004 0.000572
0.494933 0.010090
0.523430 0.082779
0.542371 0.260162
0.580655 0.463991
0.618822 0.572109
0.647384 0.646315
0.695130 0.803957
0.733396 0.844173
0.790976 0.880404
0.858162 0.940285
0.915513 0.992336
0.982639 1.017828
1.068921 1.054106
1.116620 1.099491
1.183633 1.122026
1.250541 1.189032
1.307894 1.263828
1.355684 1.318321
1.422635 1.381912
1.479935 1.448870
1.527795 1.507158
1.585112 1.522446
1.632915 1.553888
1.680520 1.566210
1.728622 1.590586
1.766916 1.587496
1.804871 1.581774
1.814573 1.585970
1.853035 1.603794
1.881731 1.628904
1.891369 1.655445
1.910766 1.660795
1.948838 1.682262
1.948858 1.705675
1.948886 1.723232
1.977641 1.725407
1.987026 1.743994
1.996501 1.758280
2.006107 1.745338
2.025024 1.769724
2.044041 1.789284
2.072746 1.786947
2.082238 1.802950
2.101272 1.833029
2.129947 1.823540
2.149329 1.828623
2.168253 1.862688
2.177936 1.883812
2.197073 1.885090
2.216285 1.892214
2.235378 1.901884
2.264146 1.900892
2.302388 1.918526
2.311933 1.937008
2.340657 1.945410
2.369367 1.952705
2.397779 1.958170
2.426602 1.983261
2.426709 2.005987
2.464748 2.040415
2.493251 2.077980
2.522183 2.081146
2.560469 2.156677
2.598657 2.224627
2.627491 2.233715
2.694556 2.244816
2.742399 2.277336
2.809563 2.315254
2.876738 2.349825
2.953325 2.399607
3.039530 2.414789
3.144918 2.426443
3.230943 2.457342
3.335921 2.491312
3.450684 2.536850
3.584303 2.565727
3.708296 2.608061
3.851325 2.646971
3.984815 2.673998
4.146523 2.695885
4.289133 2.709589
4.450988 2.725859
4.602821 2.745113
4.754701 2.766323
4.897140 2.775564
5.048878 2.780371
5.200582 2.807341
5.352487 2.824783
5.495204 2.831774
5.637637 2.855740
5.789689 2.884207
5.932566 2.909193
6.113742 2.933178
6.266158 2.955227
6.418849 2.957401
6.590905 2.967300
6.753199 2.981024
6.906036 2.997742
7.068487 3.005962
7.221543 3.020849
7.364598 3.029070
7.517542 3.034725
7.670390 3.051300
7.803790 3.061543
7.947067 3.069925
8.080446 3.074646
8.204348 3.084536
8.337748 3.097105
8.452032 3.104048
8.556674 3.118801
8.661147 3.129263
8.775223 3.134174
8.898678 3.146420
9.003052 3.160772
9.117082 3.167543
9.250137 3.172817
9.354373 3.185854
9.477672 3.190632
9.591649 3.199282
9.705602 3.209229
9.829437 3.216152
9.962789 3.217840
10.076952 3.233900
10.220059 3.252306
10.382443 3.255568
10.535576 3.261652
10.688599 3.271875
10.851729 3.278599
11.024472 3.289080
11.197259 3.297625
11.360716 3.308344
11.543692 3.310509
11.726511 3.322039
11.918961 3.330002
12.111752 3.332682
12.314030 3.339014
12.516245 3.348379
12.709225 3.351049
12.911718 3.357382
13.114048 3.368454
13.306802 3.374548
13.499719 3.378229
13.692311 3.385382
13.875380 3.392296
14.058303 3.391848
14.250552 3.397427
14.413928 3.404655
14.548662 3.406267
14.702302 3.407488
14.836724 3.410349
14.923209 3.412743
15.048106 3.411741
15.134768 3.420954
15.211789 3.429689
15.279393 3.433018
15.347071 3.438864
15.423990 3.449202
15.482014 3.452730
15.540061 3.457479
15.597899 3.464718
15.665327 3.468561
15.723111 3.472528
15.780574 3.480387
15.847576 3.487549
15.924355 3.488903
16.010361 3.495235
16.115401 3.502493
16.230289 3.503218
16.354783 3.501663
16.488418 3.506107
16.612800 3.506298
16.708704 3.503695
16.823595 3.505955
16.900326 3.508234
16.967819 3.504677
17.025625 3.504858
17.054811 3.513412
17.093924 3.513403
17.123464 3.517561
17.191218 3.526344
17.240093 3.531647
17.317957 3.531837
17.424127 3.537807
17.511344 3.545990
17.627394 3.545256
17.743215 3.545704
17.839615 3.550472
17.945983 3.548908
18.051881 3.553610
18.148325 3.559160
18.225391 3.561010
18.312113 3.559504
18.369935 3.563204
18.417941 3.565426
18.456386 3.565569
18.494643 3.567944
18.532805 3.575068
18.551820 3.577929
18.599270 3.577747
18.636947 3.581657
18.684119 3.582439
18.731263 3.582220
18.768569 3.585796
18.834197 3.589554
18.881149 3.588257
18.956486 3.589249
18.993321 3.593035
19.059224 3.592138
19.115526 3.591747
19.161966 3.596115
19.218299 3.597555
19.265084 3.596134
19.311904 3.599377
19.358708 3.601856
19.396121 3.599958
19.423955 3.600674
19.470880 3.605032
19.489508 3.602638
19.517593 3.601570
19.517216 3.604183
19.526275 3.604631
19.526014 3.602781
19.525716 3.606606
19.544556 3.609543
19.554296 3.608370
19.592421 3.607597
19.621104 3.610954
19.650018 3.608742
19.698056 3.607254
19.755402 3.610477
19.803500 3.611784
19.870611 3.609905
19.918468 3.612709
19.966666 3.614473
20.014700 3.612356
20.053002 3.613348
20.091251 3.616562
20.129702 3.615007
20.168113 3.615370
20.206131 3.618832
20.234889 3.618612
20.282695 3.616943
20.330285 3.620501
20.358948 3.623190
20.406816 3.622227
20.463896 3.623409
20.492279 3.626890
20.539989 3.627911
20.597261 3.627138
20.664097 3.631020
20.721065 3.631649
20.797585 3.630552
20.873753 3.634710
20.959337 3.638029
21.045166 3.637161
21.140302 3.638449
21.225782 3.641872
21.301910 3.639402
21.387310 3.637428
21.444108 3.640184
21.491182 3.640127
21.528813 3.638592
21.547185 3.642178
21.556188 3.644505
21.584526 3.643532
21.612487 3.646021
21.611820 3.649530
21.668756 3.647509
21.716087 3.648567
21.753818 3.651638
21.791796 3.651447
21.848952 3.649569
21.896122 3.652363
21.934101 3.654709
21.972158 3.652582
22.019766 3.653727
22.028771 3.656855
22.047754 3.654890
22.066607 3.654613
22.075607 3.657331
22.075204 3.657141
22.103685 3.654842
22.122286 3.658361
22.140941 3.660660
22.169085 3.659067
22.206859 3.660269
22.215625 3.662844
22.234196 3.660202
22.252709 3.659077
22.261609 3.661747
22.270741 3.660793
22.270271 3.658829
22.269466 3.661318
22.259399 3.662291
22.258546 3.660793
22.248366 3.661785
22.218937 3.662052
22.198629 3.659201
22.159630 3.658333
22.129797 3.661394
22.099804 3.659363
22.060417 3.656979
22.011419 3.659220
21.943414 3.659592
21.865903 3.656750
21.768928 3.657818
21.662587 3.659039
21.547076 3.655348
21.422002 3.654060
21.277473 3.657799
21.123812 3.657665
20.979909 3.655539
20.845464 3.657885
20.720555 3.657980
20.605591 3.654814
20.481023 3.654537
20.385093 3.655014
20.289479 3.651609
20.184196 3.648720
20.069183 3.647709
19.954555 3.642502
19.839922 3.637686
19.715672 3.638201
19.601239 3.636169
19.458010 3.631697
19.314750 3.631411
19.171415 3.633175
19.018763 3.629971
18.875360 3.629446
18.731876 3.630657
18.578831 3.627682
18.454239 3.622932
18.329389 3.624687
18.204440 3.625021
18.098542 3.620205
17.992388 3.615885
17.876734 3.616257
17.751566 3.609762
17.626452 3.604488
17.501370 3.602476
17.376505 3.596363
17.232841 3.588467
17.060730 3.586597
16.907826 3.582487
16.726559 3.578215
16.535574 3.577890
16.354291 3.580971
16.163597 3.578024
15.982340 3.579369
15.810514 3.579512
15.629245 3.571072
15.476307 3.563347
15.323301 3.562365
15.189200 3.561306
15.045609 3.553677
14.921306 3.548641
14.796496 3.544130
14.672145 3.538456
14.557358 3.537731
14.451695 3.540001
14.336852 3.535109
14.231623 3.527689
14.135756 3.525190
14.039850 3.518686
13.944006 3.511496
13.847698 3.509178
13.770496 3.505850
13.683875 3.487921
13.587259 3.476801
13.490690 3.473473
13.365259 3.466692
13.239900 3.456869
13.085807 3.451538
12.913056 3.445702
12.749867 3.436546
12.548641 3.433113
12.357110 3.437243
12.166214 3.436813
11.984923 3.438406
11.813261 3.444061
11.670624 3.442745
11.537826 3.445425
11.442830 3.449793
11.338473 3.449764
11.262782 3.445549
11.206193 3.445749
11.149126 3.440828
11.092169 3.433485
11.035159 3.425770
10.996837 3.423090
10.939685 3.411207
10.873011 3.395624
10.787219 3.384485
10.691911 3.370695
10.597007 3.359289
10.492464 3.346176
10.349952 3.332253
10.198255 3.314781
10.046558 3.307648
9.856798 3.309669
9.667129 3.308172
9.496799 3.310022
9.326507 3.315077
9.175049 3.316317
9.014114 3.311338
8.910382 3.311548
8.777643 3.306303
8.683032 3.294430
8.588292 3.281984
8.483591 3.271465
8.388419 3.254108
8.293138 3.233223
8.187952 3.219528
8.092097 3.203650
7.948357 3.189030
7.823703 3.188572
7.689060 3.190413
7.554733 3.188448
7.429577 3.189354
7.313849 3.195162
7.207924 3.188496
7.111517 3.180561
7.014818 3.177700
6.946920 3.170242
6.879326 3.157244
6.820872 3.150520
6.743620 3.142757
6.685706 3.125124
6.627820 3.118925
6.560458 3.114576
6.483853 3.101978
6.407397 3.094330
6.330963 3.093548
6.264419 3.083820
6.179144 3.079157
6.103448 3.079195
6.018455 3.081226
5.952674 3.074350
5.896469 3.070631
5.830815 3.069973
5.775100 3.061390
5.719593 3.052406
5.663776 3.048725
5.617925 3.038235
5.581770 3.024015
5.535968 3.020220
5.490113 3.012056
5.444269 3.001051
5.417396 2.992983
5.352385 2.989426
5.306293 2.970514
5.250621 2.956200
5.204309 2.945766
5.167696 2.931080
5.102263 2.917395
5.046230 2.917414
4.980484 2.907267
4.914753 2.896328
4.858373 2.889767
4.801825 2.889071
4.745202 2.876205
4.678921 2.872162
4.612495 2.863188
4.564742 2.856760
4.479070 2.846508
4.412189 2.847719
4.354470 2.844429
4.277820 2.824974
4.200797 2.814703
4.133073 2.803917
4.065608 2.795086
4.017043 2.790632
3.939704 2.792540
3.891186 2.788315
3.823594 2.779455
3.756054 2.779055
3.707709 2.775307
3.659626 2.765617
3.602147 2.758474
3.582511 2.751083
3.534717 2.741671
3.496528 2.733212
3.458330 2.726536
3.429685 2.714548
3.382275 2.695932
3.344104 2.677498
3.305986 2.659435
3.267923 2.622232
3.239227 2.599621
3.172258 2.595663
3.124573 2.586193
3.067294 2.563276
3.019369 2.557106
2.952383 2.550850
2.904585 2.544556
2.856640 2.531366
2.799273 2.536259
2.751461 2.522421
2.713077 2.509651
2.655613 2.501316
2.598239 2.480135
2.550426 2.449942
2.492994 2.440023
2.445038 2.417355
2.387757 2.392483
2.339867 2.389297
2.282406 2.361431
2.224984 2.343826
2.177189 2.341537
2.138755 2.347202
2.090898 2.349558
2.071675 2.349682
2.042721 2.361145
2.023569 2.365236
2.013947 2.360039
1.994714 2.367144
2.004024 2.362051
1.994707 2.353554
2.004177 2.348099
1.994495 2.342243
2.004138 2.327566
2.004264 2.306919
2.004258 2.294760
1.994741 2.280645
1.994840 2.264948
1.985452 2.250795
1.966317 2.242146
1.956946 2.192698
1.947222 2.173262
1.918629 2.150478
1.899587 2.127123
1.880557 2.121401
1.861169 2.126904
1.842164 2.118282
1.813579 2.105341
1.803863 2.096004
1.784910 2.085629
1.765884 2.063856
1.765633 2.046833
1.746469 2.024260
1.727189 2.001562
1.717739 1.975603
1.698451 1.960468
1.679246 1.944427
1.650696 1.920557
1.631446 1.889763
1.612173 1.870966
1.583680 1.844206
1.554940 1.829901
1.526465 1.820164
1.497649 1.799002
1.469213 1.799250
1.449880 1.793604
1.411866 1.774836
1.402472 1.759367
1.364090 1.756678
1.344917 1.756516
1.326027 1.740170
1.297093 1.725731
1.268453 1.725950
1.249531 1.715097
1.249537 1.703749
1.230449 1.708803
1.211443 1.697006
1.192348 1.684446
1.182956 1.685104
1.163959 1.677647
1.145014 1.670561
1.145239 1.629534
1.126098 1.618843
1.116651 1.572008
1.116636 1.531315
1.087888 1.495857
1.078336 1.467552
1.068756 1.442585
1.039998 1.430101
1.020739 1.421585
1.001622 1.402216
0.991857 1.385431
0.981984 1.392679
0.953304 1.404457
0.934111 1.417322
0.924349 1.432705
0.905035 1.453409
0.895467 1.449194
