[0.0, 0.005931854248046875]
[-3.3950805665483585e-05, -0.00270843505859375]
[0.009487533569334516, -0.0002956390380859375]
[0.009400463104242363, 0.010242462158203125]
[0.019011402130132637, -0.000591278076171875]
[0.028489780426028233, -0.0060558319091796875]
[0.02845621109008789, 0.0031185150146484375]
[0.037994098663325815, -0.0001049041748046875]
[0.02871294021606019, -0.01010894775390625]
[0.019043731689457388, 0.000591278076171875]
[0.02867221832276101, 0.0057315826416015625]
[0.019246578216552734, -0.002899169921875]
[0.01922702789307351, -0.0002288818359375]
[0.00962009429932209, 0.01026153564453125]
[0.01926298141479066, -0.000591278076171875]
[0.02864036560058736, -0.0058650970458984375]
[0.019006729125976562, 0.0034046173095703125]
[0.009450626373293858, -0.000152587890625]
[0.0189477920532255, -0.01007080078125]
[0.018825244903567295, 0.0006008148193359375]
[-0.00984048843383789, 0.0055217742919921875]
[-0.00020570755004456487, -0.0031185150146484375]
[-0.00026702880858664457, -0.0001621246337890625]
[-0.009927463531496983, 0.010232925415039062]
[-0.009992027282713423, -0.0006008148193359375]
[-0.009889030456541548, -0.0056743621826171875]
[-0.009889030456541548, 0.0035858154296875]
[0.009333133697509766, -0.000209808349609375]
[0.009288406372064628, -0.010061264038085938]
[0.018904876708980112, 0.0006008148193359375]
[0.0092688560485783, 0.005340576171875]
[0.018952751159666548, -0.0033092498779296875]
[0.02863512039185423, -0.0001049041748046875]
[0.03798370361327841, 0.010213851928710938]
[0.05726289749145508, -0.0006103515625]
[0.057337570190426845, -0.0054931640625]
[0.057155895233151455, 0.003814697265625]
[0.06680593490600728, -0.00026702880859375]
[0.057059288024902344, -0.010061264038085938]
[0.057155895233151455, 0.0006008148193359375]
[0.057130718231206856, 0.005092620849609375]
[0.06658506393432617, -0.00354766845703125]
[0.06655559539795064, -2.86102294921875e-05]
[0.05696334838867756, 0.0101470947265625]
[0.04720239639282653, -0.0006198883056640625]
[0.04741239547729492, -0.0052642822265625]
[0.0472986221313505, 0.004062652587890625]
[0.028179550170904122, -0.0003337860107421875]
[0.018556308746340733, -0.009975433349609375]
[0.008932685852052202, 0.0006103515625]
[-0.010302162170411577, 0.0048828125]
[-0.029312324523928623, -0.0037384033203125]
[-0.029423236846930934, 3.814697265625e-05]
[-0.03902006149291992, 0.01007080078125]
[-0.0485139846801772, -0.0006198883056640625]
[-0.058113193511957206, -0.0050830841064453125]
[-0.04849281311035014, 0.0042819976806640625]
[-0.05790481567382244, -0.000362396240234375]
[-0.03884477615356019, -0.009946823120117188]
[-0.04842338562011861, 0.0006103515625]
[-0.03890151977539347, 0.0046825408935546875]
[-0.029322528839109907, -0.003986358642578125]
[-0.019750118255615234, 0.0001049041748046875]
[-0.01965188980102539, 0.010013580322265625]
[-0.029194927215577593, -0.0006198883056640625]
[-0.01957845687866211, -0.0048542022705078125]
[-0.029146289825440874, 0.004558563232421875]
[-0.029096317291262608, -0.0004100799560546875]
[-0.038665771484382105, -0.009889602661132812]
[-0.05782365798950195, 0.0006198883056640625]
[-0.057860755920408735, 0.0044536590576171875]
[-0.05782489776611044, -0.00423431396484375]
[-0.048189258575440874, 0.000171661376953125]
[-0.05781211853027912, 0.009937286376953125]
[-0.0674285888671875, -0.0006389617919921875]
[-0.05782289505005167, -0.004673004150390625]
[-0.06740865707397603, 0.0048542022705078125]
[-0.06746606826781942, -0.00041961669921875]
[-0.0673055648803711, -0.009851455688476562]
[-0.05768384933472248, 0.0006389617919921875]
[-0.06742687225342081, 0.0042724609375]
[-0.06730518341063885, -0.0045013427734375]
[-0.04816761016845561, 0.0002002716064453125]
[-0.05795097351074219, 0.009918212890625]
[-0.048227500915530186, -0.000629425048828125]
[-0.03880910873412802, -0.0045013427734375]
[-0.03886222839355469, 0.0050449371337890625]
[-0.048414421081538705, -0.0004673004150390625]
[-0.029203414916999293, -0.009822845458984375]
[-0.029470920562751246, 0.0006389617919921875]
[-0.019917488098151637, 0.004100799560546875]
[-0.01977500915527486, -0.004730224609375]
[-0.010162544250484018, 0.00026702880859375]
[-0.019897651672366123, 0.009889602661132812]
[-0.019773101806642046, -0.00064849853515625]
[-0.01013679504395526, -0.0043201446533203125]
[-0.01016244888304385, 0.005359649658203125]
[-0.019595241546625175, -0.0004863739013671875]
[-0.009942531585686254, -0.009794235229492188]
[-0.029019069671626596, 0.0006580352783203125]
[-0.028958797454833984, 0.0039005279541015625]
[-0.038522624969473895, -0.005016326904296875]
[-0.038601303100584516, 0.0002956390380859375]
[-0.03861846923827983, 0.009822845458984375]
[-0.038735866546637965, -0.00064849853515625]
[-0.019337940216054506, -0.004138946533203125]
[-0.028970050811764736, 0.0056362152099609375]
[-0.02896318435668377, -0.0005054473876953125]
[-0.038437175750736685, -0.0096893310546875]
[-0.03839445114136453, 0.0006580352783203125]
[-0.02880477905274148, 0.0037479400634765625]
[-0.038421249389656964, -0.005207061767578125]
[-0.038762569427490234, 0.0002956390380859375]
[-0.03867311477661417, 0.00972747802734375]
[-0.029007434844970703, -0.000667572021484375]
[-0.019455242156972474, -0.00400543212890625]
[-0.01954946517944478, 0.0058460235595703125]
[-0.019489479064937143, -0.0005245208740234375]
[-0.019457530975330428, -0.009670257568359375]
[-0.019618034362785863, 0.0006771087646484375]
[-0.019568443298339844, 0.0035572052001953125]
[-0.019489860534662284, -0.005474090576171875]
[-0.03847532272338583, 0.0003910064697265625]
[-0.03836994171142294, 0.009670257568359375]
[-0.0383363723754897, -0.0006771087646484375]
[-0.03831682205199627, -0.0038051605224609375]
[-0.04787902832030966, 0.0061893463134765625]
[-0.03836307525634908, -0.0005340576171875]
[-0.04780988693237731, -0.009603500366210938]
[-0.04785261154174947, 0.0006866455078125]
[-0.05747261047363139, 0.003337860107421875]
[-0.05760755538940998, -0.0057697296142578125]
[-0.06706190109252219, 0.0003814697265625]
[-0.06707944869994975, 0.009593963623046875]
[-0.05746297836302716, -0.0006866455078125]
[-0.04799499511718608, -0.003643035888671875]
[-0.04802732467651083, 0.00640869140625]
[-0.04793033599852947, -0.0005340576171875]
[-0.028936195373532314, -0.0095367431640625]
[-0.019354438781739702, 0.0007152557373046875]
[-0.00986251831054119, 0.0031566619873046875]
[-0.00033712387084250395, -0.0060272216796875]
[-0.00043764114379740704, 0.0004291534423828125]
[-0.0003746032714744274, 0.00949859619140625]
[-0.01002855300902894, -0.000705718994140625]
[-0.010084438323971767, -0.003452301025390625]
[-0.019530868530260648, 0.00667572021484375]
[-0.029083061218258877, -0.0005626678466796875]
[-0.03856220245361186, -0.00942230224609375]
[-0.029074287414545097, 0.00072479248046875]
[-0.03861246109008931, 0.0029754638671875]
[-0.04792718887328817, -0.006275177001953125]
[-0.07674818038939435, 0.000438690185546875]
[-0.06725072860717773, 0.009403228759765625]
[-0.06736164093016583, -0.0007152557373046875]
[-0.06745986938476278, -0.003299713134765625]
[-0.06745986938476278, 0.0069522857666015625]
[-0.06739425659179688, -0.000553131103515625]
[-0.07689981460571005, -0.0093841552734375]
[-0.0674106597900348, 0.000743865966796875]
[-0.07698926925658611, 0.0028228759765625]
[-0.0767553329467745, -0.0065326690673828125]
[-0.07684516906738992, 0.000438690185546875]
[-0.0768033027648869, 0.009355545043945312]
[-0.06740674972533611, -0.0007343292236328125]
[-0.05769767761229616, -0.0031566619873046875]
[-0.04842100143432759, 0.007228851318359375]
[-0.048471260070805045, -0.00057220458984375]
[-0.038830089569088955, -0.00934600830078125]
[-0.039109516143795986, 0.000782012939453125]
[-0.04869766235351847, 0.00263214111328125]
[-0.038921070098879795, -0.0068187713623046875]
[-0.04851999282836772, 0.0005054473876953125]
[-0.05813245773315856, 0.009298324584960938]
[-0.06746511459350302, -0.000762939453125]
[-0.05789575576781658, -0.0029850006103515625]
[-0.07693157196044353, 0.0075244903564453125]
[-0.06729717254638246, -0.00057220458984375]
[-0.06720418930053995, -0.009241104125976562]
[-0.05771274566649964, 0.00080108642578125]
[-0.07668857574462606, 0.00247955322265625]
[-0.04793739318847656, -0.0070858001708984375]
[-0.04794816970824911, 0.000514984130859375]
[-0.04794778823852397, 0.009164810180664062]
[-0.03841352462767844, -0.0007915496826171875]
[-0.03831996917724467, -0.002841949462890625]
[-0.02881212234496644, 0.0077342987060546875]
[-0.028976535797113456, -0.000591278076171875]
[-0.0288763999938908, -0.009145736694335938]
[-0.029137420654294033, 0.0008392333984375]
[-0.029057121276849784, 0.0023365020751953125]
[-0.019651126861568002, -0.007305145263671875]
[-0.019484138488770952, 0.0005245208740234375]
[-0.019576454162596235, 0.009069442749023438]
[-0.00047245025634623516, -0.000820159912109375]
[-0.00048713684082457576, -0.0026798248291015625]
[-0.0005742073059096242, 0.007982254028320312]
[-0.0006113052368164062, -0.0006008148193359375]
[-0.010243797302244673, -0.00904083251953125]
[-0.010297298431396484, 0.00087738037109375]
[-0.01039152145385458, 0.0021266937255859375]
[-0.01961879730224325, -0.007572174072265625]
[-0.019681835174559126, 0.000553131103515625]
[-0.0292883872985783, 0.0089263916015625]
[-0.029336643218996983, -0.0008392333984375]
[-0.019686603546141157, -0.002498626708984375]
[-0.03909721374510866, 0.008220672607421875]
[-0.048696041107177734, -0.000591278076171875]
[-0.03904762268066264, -0.008916854858398438]
[-0.03915033340454244, 0.0009250640869140625]
[-0.058408355712892046, 0.0019550323486328125]
[-0.04861307144165039, -0.007829666137695312]
[-0.03910713195800497, 0.0005340576171875]
[-0.029581642150880327, 0.008802413940429688]
[-0.029608345031739702, -0.000896453857421875]
[-0.039317798614504795, -0.0023555755615234375]
[-0.0393102645873995, 0.00843048095703125]
[-0.0394224166870103, -0.0006103515625]
[-0.029726123809815874, -0.008802413940429688]
[-0.02993450164795064, 0.000972747802734375]
[-0.02992048263550373, 0.001811981201171875]
[-0.020359134674080792, -0.008039474487304688]
[-0.029784393310549717, 0.0005435943603515625]
[-0.0298004150390625, 0.008687973022460938]
[-0.039342212677006216, -0.0009250640869140625]
[-0.029718971252449933, -0.0021839141845703125]
[-0.02962884902953533, 0.008649826049804688]
[-0.03926687240600302, -0.0006103515625]
[-0.029580974578863106, -0.008668899536132812]
[-0.03941144943237873, 0.0010204315185546875]
[-0.048791980743409624, 0.0016021728515625]
[-0.02962884902953533, -0.008287429809570312]
[-0.0200926780700712, 0.0005626678466796875]
[-0.019990921020507812, 0.008516311645507812]
[-0.019746208190916548, -0.000972747802734375]
[-0.019720649719239702, -0.002040863037109375]
[-0.0006031036377009968, 0.008878707885742188]
[-0.010235214233389911, -0.000591278076171875]
[0.009136676788337184, -0.00850677490234375]
[0.018531894683832206, 0.001087188720703125]
[0.008966636657717686, 0.0014781951904296875]
[0.018495941162107954, -0.008487701416015625]
[0.028176689147954903, 0.0005817413330078125]
[0.01866197586060281, 0.008392333984375]
[0.018629264831538705, -0.0010395050048828125]
[0.018588161468500175, -0.001888275146484375]
[0.018411636352531957, 0.00904083251953125]
[0.009146881103504256, -0.0006008148193359375]
[0.018671894073484907, -0.008373260498046875]
[0.009093284606926488, 0.001163482666015625]
[0.009126853942859725, 0.001316070556640625]
[0.009253406524656782, -0.00865936279296875]
[0.01867704391479208, 0.00057220458984375]
[0.018586063385008345, 0.008249282836914062]
[0.01868877410888814, -0.0010967254638671875]
[0.018598079681396484, -0.00171661376953125]
[0.018473529815672407, 0.0092315673828125]
[0.027967929840094996, -0.0006008148193359375]
[0.028176307678222656, -0.00823974609375]
[0.01859054565429119, 0.0012302398681640625]
[0.01857061386107972, 0.0011539459228515625]
[0.028211879730228873, -0.00888824462890625]
[0.028120899200445137, 0.00057220458984375]
[0.0280945777893038, 0.00804901123046875]
[0.01848926544189311, -0.0011730194091796875]
[0.02789421081543253, -0.001583099365234375]
[0.00885715484619709, 0.0093841552734375]
[0.01834545135498189, -0.000591278076171875]
[0.018453121185302734, -0.008058547973632812]
[0.02797927856445881, 0.0013256072998046875]
[0.056814289093011894, 0.0010395050048828125]
[0.07591772079467773, -0.009031295776367188]
[0.09494256973267312, 0.000591278076171875]
[0.11412229537964436, 0.007915496826171875]
[0.14268331527709677, -0.00125885009765625]
[0.18093671798705913, -0.0014591217041015625]
[0.19999265670776367, 0.009555816650390625]
[0.21910257339477113, -0.000591278076171875]
[0.23838014602661417, -0.008411407470703125]
[0.2669500350952063, 0.0014400482177734375]
[0.2764255523681669, 0.000934600830078125]
[0.28611574172973775, -0.009508132934570312]
[0.2957308769226046, 0.0005817413330078125]
[0.3053317070007395, 0.007991790771484375]
[0.3341236114501953, 0.028924942016601562]
[0.36290864944457724, 0.06632804870605469]
[0.3818936347961497, 0.20109176635742188]
[0.42024650573730327, 0.5480098724365234]
[0.4489505767822237, 0.6279087066650391]
[0.4871593475341811, 0.7740879058837891]
[0.5157968521118121, 0.8177757263183594]
[0.5543077468872113, 0.7853317260742188]
[0.5923828125000057, 0.8800697326660156]
[0.6401885032653851, 0.9364795684814453]
[0.6785941123962473, 0.9917926788330078]
[0.7357288360595717, 1.083059310913086]
[0.7738980293273983, 1.1401653289794922]
[0.8312654495239258, 1.2385177612304688]
[0.888655281066896, 1.3231086730957031]
[0.9555573463439941, 1.4173030853271484]
[1.013129234313972, 1.4278030395507812]
[1.08008966445923, 1.4882850646972656]
[1.1664379119873018, 1.5649795532226562]
[1.2335724830627441, 1.6452789306640625]
[1.300762462615971, 1.6823101043701172]
[1.377619743347168, 1.7285728454589844]
[1.4541535377502512, 1.801919937133789]
[1.512061309814456, 1.7879867553710938]
[1.5887292861938462, 1.803274154663086]
[1.6653596878051715, 1.8636417388916016]
[1.722963714599608, 1.882772445678711]
[1.799870491027832, 1.9403743743896484]
[1.8574611663818388, 1.9751644134521484]
[1.9246667861938462, 1.9848918914794922]
[1.9920332908630343, 2.0183467864990234]
[2.0590285301208553, 2.100973129272461]
[2.126296043395996, 2.204713821411133]
[2.1936426162719727, 2.2269630432128906]
[2.280086040496826, 2.263021469116211]
[2.356726455688481, 2.3009777069091797]
[2.443047237396243, 2.3061561584472656]
[2.519874191284181, 2.3232173919677734]
[2.6063223838806167, 2.3450756072998047]
[2.682959270477305, 2.3491573333740234]
[2.7597661972045913, 2.3516368865966797]
[2.8174798965454073, 2.3735523223876953]
[2.894131851196292, 2.4102020263671875]
[2.970902442932129, 2.416706085205078]
[3.038041305541988, 2.4405479431152344]
[3.076140785217291, 2.464323043823242]
[3.1242128372192326, 2.474679946899414]
[3.1820031166076745, 2.4928665161132812]
[3.2397119522094755, 2.5183486938476562]
[3.278066158294692, 2.530374526977539]
[3.326127052307129, 2.5506114959716797]
[3.383635997772217, 2.555990219116211]
[3.4218971252441364, 2.5741004943847656]
[3.469977951049806, 2.5738906860351562]
[3.517911529541017, 2.573060989379883]
[3.57535200119019, 2.5816822052001953]
[3.5944006919860954, 2.59185791015625]
[3.6615263938903837, 2.601289749145508]
[3.7091527938842788, 2.6235485076904297]
[3.776136779785155, 2.650938034057617]
[3.8243206024169893, 2.6599597930908203]
[3.9102564811706557, 2.6807212829589844]
[3.948617744445798, 2.708406448364258]
[4.0154831886291475, 2.724790573120117]
[4.092033767700201, 2.7425670623779297]
[4.177917766571049, 2.767658233642578]
[4.2452076911926255, 2.772397994995117]
[4.3409010887146025, 2.776355743408203]
[4.417044544219969, 2.7925872802734375]
[4.493824768066403, 2.808046340942383]
[4.570511627197263, 2.804431915283203]
[4.656541156768803, 2.8191661834716797]
[4.733003616333008, 2.833566665649414]
[4.80979948043823, 2.86285400390625]
[4.895762634277354, 2.8696823120117188]
[4.972338867187503, 2.8925228118896484]
[5.058174419403066, 2.9166603088378906]
[5.163735866546631, 2.9335784912109375]
[5.259213352203382, 2.951078414916992]
[5.373936176300042, 2.9674911499023438]
[5.479115962982178, 2.973051071166992]
[5.593990898132326, 2.9842472076416016]
[5.718041515350343, 2.9962921142578125]
[5.851935386657715, 3.0054092407226562]
[5.97594776153565, 3.020458221435547]
[6.109388542175296, 3.033590316772461]
[6.233598995208737, 3.0433177947998047]
[6.3673319816589355, 3.047304153442383]
[6.4818057060241685, 3.0547142028808594]
[6.605753421783447, 3.0652523040771484]
[6.710687255859369, 3.068532943725586]
[6.805713653564453, 3.0849552154541016]
[6.920081138610833, 3.0989551544189453]
[7.024971389770506, 3.1141090393066406]
[7.149175357818599, 3.1319332122802734]
[7.2723795890808205, 3.1593990325927734]
[7.415575790405278, 3.1754589080810547]
[7.548539447784428, 3.1876087188720703]
[7.700730895996088, 3.2034778594970703]
[7.862420272827137, 3.2160377502441406]
[8.033841896057133, 3.2196903228759766]
[8.19513645172119, 3.223142623901367]
[8.375453567504884, 3.241586685180664]
[8.546614456176762, 3.242216110229492]
[8.708082580566405, 3.2491207122802734]
[8.87891235351563, 3.2566261291503906]
[9.002166175842284, 3.2587528228759766]
[9.17324533462525, 3.2633590698242188]
[9.305980396270762, 3.2686996459960938]
[9.438849258422856, 3.2768630981445312]
[9.562466430664067, 3.282928466796875]
[9.685995864868161, 3.290863037109375]
[9.800220012664795, 3.3077526092529297]
[9.924117374420163, 3.315572738647461]
[10.048299312591553, 3.320493698120117]
[10.172300815582275, 3.332548141479492]
[10.287062644958489, 3.3387184143066406]
[10.430949306488039, 3.348846435546875]
[10.564917278289798, 3.3609962463378906]
[10.698956775665287, 3.372983932495117]
[10.842780303955081, 3.378477096557617]
[11.005642032623292, 3.3893871307373047]
[11.158905696868892, 3.3985233306884766]
[11.321973419189455, 3.3987998962402344]
[11.475236701965336, 3.40423583984375]
[11.637945270538324, 3.4124183654785156]
[11.800829982757577, 3.417062759399414]
[11.96387681961059, 3.4192848205566406]
[12.135995197296147, 3.426198959350586]
[12.279296112060543, 3.430204391479492]
[12.432740879058848, 3.431720733642578]
[12.576503849029542, 3.4368038177490234]
[12.710543155670166, 3.4449195861816406]
[12.83470687866211, 3.4467601776123047]
[12.959305095672612, 3.454122543334961]
[13.083457756042478, 3.4633255004882812]
[13.207749748229979, 3.464794158935547]
[13.341732120513917, 3.4634017944335938]
[13.465749073028569, 3.4692764282226562]
[13.580248641967778, 3.4747886657714844]
[13.704452896118163, 3.480405807495117]
[13.828405189514164, 3.489055633544922]
[13.980858802795417, 3.4978199005126953]
[14.123966312408449, 3.5009288787841797]
[14.286062431335452, 3.5059452056884766]
[14.448251628875724, 3.512554168701172]
[14.619910049438474, 3.5140037536621094]
[14.791570758819581, 3.515033721923828]
[14.953579139709468, 3.5192108154296875]
[15.096561431884773, 3.5204505920410156]
[15.249245452880857, 3.519277572631836]
[15.363709545135507, 3.5219860076904297]
[15.477938079833983, 3.5274124145507812]
[15.5733910560608, 3.5280323028564453]
[15.678379535675049, 3.528881072998047]
[15.773478031158447, 3.531808853149414]
[15.888039016723631, 3.534402847290039]
[15.983377456665046, 3.534107208251953]
[16.088155841827394, 3.540639877319336]
[16.183488655090336, 3.5439491271972656]
[16.297877216339117, 3.5447311401367188]
[16.393066692352292, 3.550090789794922]
[16.51697425842285, 3.564424514770508]
[16.631431007385252, 3.568248748779297]
[16.746095466613767, 3.570985794067383]
[16.879586315155024, 3.574953079223633]
[16.9943621635437, 3.575305938720703]
[17.0995777130127, 3.573789596557617]
[17.204620456695565, 3.5771560668945312]
[17.281278419494626, 3.578319549560547]
[17.35788326263428, 3.5756587982177734]
[17.415614795684817, 3.578805923461914]
[17.46348991394043, 3.582143783569336]
[17.502047061920173, 3.5811614990234375]
[17.531141090393064, 3.5843563079833984]
[17.569480228424062, 3.5888671875]
[17.61725587844849, 3.591470718383789]
[17.674976539611812, 3.5932254791259766]
[17.741888523101807, 3.5976791381835938]
[17.818211460113517, 3.600006103515625]
[17.923446178436286, 3.598966598510742]
[18.009319782257087, 3.602266311645508]
[18.09523448944092, 3.6072254180908203]
[18.190782070159912, 3.6067676544189453]
[18.295747852325434, 3.6091995239257812]
[18.400686454772952, 3.613882064819336]
[18.486693191528325, 3.6150169372558594]
[18.581977081298824, 3.6138248443603516]
[18.677382659912112, 3.618040084838867]
[18.763115978240968, 3.620481491088867]
[18.849113082885744, 3.618288040161133]
[18.9253851890564, 3.6185741424560547]
[18.99182596206665, 3.6188507080078125]
[19.030204200744627, 3.616056442260742]
[19.058575820922854, 3.6152076721191406]
[19.077392005920416, 3.6178016662597656]
[19.058324623107907, 3.616161346435547]
[19.04874238967895, 3.6148548126220703]
[19.019827270507818, 3.619537353515625]
[18.99100522994995, 3.623781204223633]
[18.962372398376466, 3.623332977294922]
[18.943145656585692, 3.6257076263427734]
[18.952465343475346, 3.629465103149414]
[18.9621527671814, 3.629426956176758]
[18.99076147079468, 3.630704879760742]
[19.05737018585205, 3.6348724365234375]
[19.124177742004406, 3.6359596252441406]
[19.21008739471435, 3.6353588104248047]
[19.295927619934076, 3.6398887634277344]
[19.372004127502443, 3.642282485961914]
[19.4678092956543, 3.641834259033203]
[19.563132667541502, 3.6449050903320312]
[19.649238300323482, 3.6487483978271484]
[19.716139030456546, 3.646984100341797]
[19.80239639282226, 3.646574020385742]
[19.869597148895267, 3.6498451232910156]
[19.927629089355463, 3.6481094360351562]
[19.966763496398926, 3.647613525390625]
[20.015326595306398, 3.653287887573242]
[20.054181861877446, 3.6577892303466797]
[20.10338983535766, 3.656949996948242]
[20.161661720275873, 3.661661148071289]
[20.22005062103272, 3.668365478515625]
[20.307277011871335, 3.6687469482421875]
[20.38480234146118, 3.6701393127441406]
[20.490972232818606, 3.6742115020751953]
[20.57783899307251, 3.6727428436279297]
[20.68369064331055, 3.672037124633789]
[20.78006286621094, 3.675975799560547]
[20.885660648345947, 3.6775684356689453]
[20.97218627929687, 3.676176071166992]
[21.05838499069214, 3.678293228149414]
[21.163836574554445, 3.6808204650878906]
[21.230874156951906, 3.678455352783203]
[21.297952842712398, 3.6780548095703125]
[21.345582485198975, 3.6799049377441406]
[21.354872894287112, 3.6773204803466797]
[21.36414995193482, 3.6754608154296875]
[21.35436248779297, 3.6769866943359375]
[21.3352409362793, 3.6777782440185547]
[21.29679641723633, 3.6773109436035156]
[21.26786937713623, 3.6811447143554688]
[21.229292774200438, 3.683338165283203]
[21.219359207153317, 3.6823463439941406]
[21.22840509414673, 3.6829185485839844]
[21.227875995635983, 3.6868953704833984]
[21.255988883972172, 3.6864471435546875]
[21.274745559692384, 3.684835433959961]
[21.312306499481195, 3.6873912811279297]
[21.359691905975346, 3.6873912811279297]
[21.38803453445434, 3.6850643157958984]
[21.406507110595697, 3.6867332458496094]
[21.434101104736328, 3.689556121826172]
[21.453160667419432, 3.6876869201660156]
[21.452625846862794, 3.688201904296875]
[21.480424594879153, 3.6927318572998047]
[21.508652591705314, 3.691272735595703]
[21.5462043762207, 3.690195083618164]
[21.60287408828735, 3.6928272247314453]
[21.65007829666137, 3.6936569213867188]
[21.697843837738034, 3.691873550415039]
[21.764403533935543, 3.6945056915283203]
[21.79261035919189, 3.6969661712646484]
[21.849702930450448, 3.6950302124023438]
[21.878134918212893, 3.694915771484375]
[21.916083049774173, 3.697786331176758]
[21.954216957092285, 3.696126937866211]
[21.992417907714838, 3.6949539184570312]
[22.030422019958493, 3.69842529296875]
[22.058794498443604, 3.6995315551757812]
[22.125486278533934, 3.6974525451660156]
[22.163937854766843, 3.700437545776367]
[22.220934104919436, 3.703136444091797]
[22.25913581848144, 3.701152801513672]
[22.297339439392104, 3.7007808685302734]
[22.316217041015634, 3.7038803100585938]
[22.335379695892335, 3.7011146545410156]
[22.34493188858032, 3.699159622192383]
[22.34494371414184, 3.7005996704101562]
[22.34500551223755, 3.700265884399414]
[22.32618999481201, 3.6978721618652344]
[22.307020378112796, 3.700122833251953]
[22.25936851501465, 3.702239990234375]
[22.22109365463257, 3.7010669708251953]
[22.18313694000244, 3.702974319458008]
[22.164094543457026, 3.7073516845703125]
[22.145047378540042, 3.7071609497070312]
[22.164262199401847, 3.707866668701172]
[22.19281320571899, 3.7125301361083984]
[22.230859470367434, 3.71551513671875]
[22.30736722946167, 3.7117385864257812]
[22.39325675964355, 3.715505599975586]
[22.49816026687622, 3.7177276611328125]
[22.612804317474364, 3.715686798095703]
[22.736849308013916, 3.7160205841064453]
[22.83223295211792, 3.718080520629883]
[22.918381404876712, 3.715066909790039]
[23.004222774505607, 3.712930679321289]
[23.070969390869145, 3.7147045135498047]
[23.099468803405756, 3.7147045135498047]
[23.108981990814208, 3.712759017944336]
[23.108677005767824, 3.7154102325439453]
[23.10841026306153, 3.7175464630126953]
[23.079763984680177, 3.7162017822265625]
[23.07951202392578, 3.7163734436035156]
[23.04089231491089, 3.7191009521484375]
[23.031052112579346, 3.7169265747070312]
[23.021438312530513, 3.7155723571777344]
[23.001691055297847, 3.7177371978759766]
[23.010887813568118, 3.7178516387939453]
[23.000961494445804, 3.7156200408935547]
[22.990899467468267, 3.7179088592529297]
[22.980872154235833, 3.719806671142578]
[22.97090950012207, 3.7174510955810547]
[22.951358795166016, 3.7160682678222656]
[22.922188854217524, 3.719015121459961]
[22.89320840835571, 3.716917037963867]
[22.864195823669434, 3.716573715209961]
[22.82550630569459, 3.7194156646728516]
[22.806102085113523, 3.720102310180664]
[22.777154064178468, 3.7181568145751953]
[22.776645088195806, 3.7201309204101562]
[22.7570517539978, 3.722085952758789]
[22.7664463043213, 3.7198829650878906]
[22.766067981719964, 3.720245361328125]
[22.775316429138186, 3.722963333129883]
[22.803623771667482, 3.7210464477539062]
[22.803460693359376, 3.719921112060547]
[22.81269960403442, 3.7225818634033203]
[22.841074085235597, 3.723154067993164]
[22.850756454467778, 3.7210750579833984]
[22.88885679244995, 3.72344970703125]
[22.90782070159912, 3.7252426147460938]
[22.955819606781, 3.723316192626953]
[23.003599548339842, 3.7232112884521484]
[23.013137340545654, 3.725872039794922]
[23.05136613845825, 3.723306655883789]
[23.089771747589104, 3.7217140197753906]
[23.1089771270752, 3.7239837646484375]
[23.128114700317383, 3.7233638763427734]
[23.14768648147583, 3.7211132049560547]
[23.14769401550293, 3.723316192626953]
[23.14778604507446, 3.7247180938720703]
[23.129020023345944, 3.722400665283203]
[23.09086294174194, 3.7224292755126953]
[23.052523422241215, 3.7250232696533203]
[22.995634365081784, 3.7221527099609375]
[22.93873090744019, 3.7203216552734375]
[22.8717303276062, 3.7216949462890625]
[22.786141300201415, 3.7211132049560547]
[22.700566959381113, 3.7177562713623047]
[22.61449880599975, 3.7200546264648438]
[22.509551048278816, 3.721771240234375]
[22.414272022247317, 3.719930648803711]
[22.328252696990965, 3.7204837799072266]
[22.242080783843996, 3.723173141479492]
[22.156337642669683, 3.7204360961914062]
[22.089495372772213, 3.7186336517333984]
[22.022307014465326, 3.720722198486328]
[21.936194610595706, 3.7191104888916016]
[21.869242954254148, 3.7166976928710938]
[21.802212619781493, 3.719663619995117]
[21.744568157196042, 3.7218379974365234]
[21.6870735168457, 3.7200355529785156]
[21.64872426986694, 3.7198829650878906]
[21.59092063903809, 3.721485137939453]
[21.543210124969484, 3.716602325439453]
[21.485680484771734, 3.7133121490478516]
[21.4378080368042, 3.714628219604492]
[21.36134405136108, 3.7105464935302734]
[21.30418405532837, 3.703937530517578]
[21.21805400848389, 3.7020492553710938]
[21.103471374511713, 3.698854446411133]
[20.979470252990723, 3.690004348754883]
[20.845925235748282, 3.685588836669922]
[20.65486688613892, 3.6814498901367188]
[20.464261245727535, 3.6640167236328125]
[20.254551029205324, 3.6516571044921875]
[19.99700479507446, 3.6446189880371094]
[19.710923194885254, 3.6362838745117188]
[19.41560173034668, 3.6307525634765625]
[19.081841468811028, 3.6330699920654297]
[18.738734531402592, 3.6336898803710938]
[18.40549201965331, 3.636198043823242]
[18.08165397644043, 3.6381912231445312]
[17.7581416130066, 3.6433887481689453]
[17.47306289672852, 3.6426162719726562]
[17.216641330718993, 3.640308380126953]
[16.979438018798824, 3.6374378204345703]
[16.751819515228277, 3.631105422973633]
[16.562955665588376, 3.623828887939453]
[16.36420841217042, 3.6187076568603516]
[16.17510261535645, 3.614187240600586]
[15.976471900939941, 3.606233596801758]
[15.796873855590817, 3.5998916625976562]
[15.607571506500243, 3.5945701599121094]
[15.408787441253665, 3.582439422607422]
[15.209824848175053, 3.5753440856933594]
[15.000914478302, 3.573932647705078]
[14.782380771636973, 3.568391799926758]
[14.54477958679199, 3.5585594177246094]
[14.325904273986815, 3.5561370849609375]
[14.078086853027344, 3.5469436645507812]
[13.830333518981938, 3.5468196868896484]
[13.58226356506347, 3.548898696899414]
[13.343568325042732, 3.55255126953125]
[13.114503097534183, 3.546743392944336]
[12.904763793945314, 3.5427284240722656]
[12.70383720397949, 3.544626235961914]
[12.531847953796394, 3.5414695739746094]
[12.359621143341066, 3.5349082946777344]
[12.216030502319335, 3.526620864868164]
[12.062793922424305, 3.516988754272461]
[11.91932563781738, 3.502979278564453]
[11.765903186798084, 3.494853973388672]
[11.61270627975464, 3.4854698181152344]
[11.468929862976069, 3.4698486328125]
[11.306178474426275, 3.448047637939453]
[11.143099689483641, 3.4436416625976562]
[10.970790100097666, 3.429841995239258]
[10.807850265502928, 3.4184932708740234]
[10.635515022277836, 3.4146881103515625]
[10.472645378112787, 3.4104442596435547]
[10.31004476547242, 3.4073352813720703]
[10.15657796859741, 3.411273956298828]
[9.99354286193848, 3.4176254272460938]
[9.859666633605961, 3.416271209716797]
[9.754044532775879, 3.4163475036621094]
[9.619551849365237, 3.4200000762939453]
[9.533060550689697, 3.419189453125]
[9.446562862396249, 3.415822982788086]
[9.38841199874878, 3.4183216094970703]
[9.330591678619385, 3.4193992614746094]
[9.291740036010744, 3.4165573120117188]
[9.26263980865479, 3.4141921997070312]
[9.223764228820805, 3.4124374389648438]
[9.185293102264403, 3.406696319580078]
[9.156331443786634, 3.4011173248291016]
[9.108030605316166, 3.4017276763916016]
[9.050526523590086, 3.3957862854003906]
[9.021976375579833, 3.3841514587402344]
[8.954987907409667, 3.3802032470703125]
[8.888199424743654, 3.381223678588867]
[8.82158346176147, 3.374776840209961]
[8.764282894134517, 3.373594284057617]
[8.697717952728269, 3.374919891357422]
[8.621458435058585, 3.3660411834716797]
[8.554953002929693, 3.360433578491211]
[8.487965393066403, 3.3576583862304688]
[8.43110208511353, 3.3533859252929688]
[8.35471515655518, 3.3465003967285156]
[8.297426319122316, 3.3427047729492188]
[8.230601978302005, 3.341856002807617]
[8.173296737670903, 3.332986831665039]
[8.116034221649173, 3.331279754638672]
[8.039293575286855, 3.328123092651367]
[7.9820546150207505, 3.317422866821289]
[7.905609798431399, 3.309307098388672]
[7.8196562767028865, 3.3043575286865234]
[7.743015861511239, 3.3009910583496094]
[7.666839694976808, 3.2965087890625]
[7.590453910827634, 3.3007144927978516]
[7.5046085357666, 3.3005428314208984]
[7.428008747100826, 3.2950401306152344]
[7.35159711837769, 3.2902145385742188]
[7.2845163345336985, 3.289947509765625]
[7.217950248718267, 3.2810401916503906]
[7.160612583160393, 3.2755470275878906]
[7.093464088439944, 3.2648849487304688]
[7.026470088958732, 3.251371383666992]
[6.94980010986329, 3.230276107788086]
[6.891908740997323, 3.2193946838378906]
[6.814779758453369, 3.210325241088867]
[6.737807655334478, 3.200845718383789]
[6.660539627075202, 3.2087135314941406]
[6.58320503234863, 3.216543197631836]
[6.505614852905275, 3.215503692626953]
[6.447129440307613, 3.2225894927978516]
[6.397939205169671, 3.233165740966797]
[6.348900699615477, 3.2326698303222656]
[6.328407382965089, 3.2314014434814453]
[6.307847881317144, 3.235483169555664]
[6.296813106536867, 3.227100372314453]
[6.29543218612671, 3.2263851165771484]
[6.303864383697508, 3.2230091094970703]
[6.302628517150872, 3.224658966064453]
[6.29192152023316, 3.2141590118408203]
[6.281456947326667, 3.2058143615722656]
[6.251745223999023, 3.194141387939453]
[6.2031166076660185, 3.1734657287597656]
[6.183558273315434, 3.1592464447021484]
[6.1257616996765165, 3.150653839111328]
[6.049001979827878, 3.1406307220458984]
[5.991895484924314, 3.126230239868164]
[5.9154109954834055, 3.1170082092285156]
[5.839038276672362, 3.108339309692383]
[5.744300460815438, 3.099374771118164]
[5.668251037597656, 3.097963333129883]
[5.5731609344482465, 3.1053733825683594]
[5.507078075408934, 3.1061172485351562]
[5.4219744682312125, 3.104076385498047]
[5.346265506744388, 3.1091785430908203]
[5.2896764755248995, 3.107013702392578]
[5.233214092254634, 3.1019115447998047]
[5.1861604690551815, 3.102703094482422]
[5.148662281036373, 3.106842041015625]
[5.120969486236575, 3.0997085571289062]
[5.093130683898927, 3.0959129333496094]
[5.05553932189941, 3.093738555908203]
[5.027557277679442, 3.085155487060547]
[4.99971418380737, 3.075876235961914]
[4.971663570404054, 3.0686187744140625]
[4.934120273590082, 3.061246871948242]
[4.887245941162114, 3.050699234008789]
[4.83995685577392, 3.0504703521728516]
[4.802252674102782, 3.051443099975586]
[4.754999637603753, 3.0422306060791016]
[4.717057991027829, 3.0362987518310547]
[4.669480705261229, 3.0388736724853516]
[4.63137226104736, 3.0306148529052734]
[4.602667903900148, 3.0150222778320312]
[4.564070415496822, 3.0046749114990234]
[4.516040134429936, 2.9970455169677734]
[4.496250820159915, 2.9823780059814453]
[4.476398849487303, 2.9736804962158203]
[4.436994934082037, 2.9715728759765625]
[4.407453727722171, 2.9494285583496094]
[4.386951255798337, 2.930326461791992]
[4.34732723236084, 2.9253101348876953]
[4.317448520660392, 2.912883758544922]
[4.2684007644653335, 2.896451950073242]
[4.219028377532958, 2.891693115234375]
[4.179450130462648, 2.88909912109375]
[4.111299896240233, 2.879819869995117]
[4.052942943572994, 2.881898880004883]
[3.9944781303405748, 2.881183624267578]
[3.936218166351317, 2.876138687133789]
[3.877980995178227, 2.875947952270508]
[3.8295199394226103, 2.879629135131836]
[3.7620810508728084, 2.8738975524902344]
[3.7233056068420396, 2.8660964965820312]
[3.6752933502197322, 2.8656768798828125]
[3.6368565559387207, 2.8624820709228516]
[3.5890475273132267, 2.8567981719970703]
[3.53159055709839, 2.8515148162841797]
[3.493248748779301, 2.8501224517822266]
[3.445659732818605, 2.839813232421875]
[3.4171264648437543, 2.8265857696533203]
[3.3694399833679256, 2.8191661834716797]
[3.331752204895025, 2.808694839477539]
[3.284268951416017, 2.793903350830078]
[3.23677663803101, 2.78472900390625]
[3.2083208084106403, 2.768726348876953]
[3.170689201354982, 2.75604248046875]
[3.132711887359619, 2.7536392211914062]
[3.0850019454956055, 2.754831314086914]
[3.056863880157472, 2.7501773834228516]
[3.018988800048831, 2.7387523651123047]
[2.9808920860290513, 2.7112770080566406]
[2.952676677703856, 2.7010536193847656]
[2.9337637901306124, 2.6976871490478516]
[2.905519580841066, 2.697114944458008]
[2.87695045471191, 2.6967525482177734]
[2.8582564353942956, 2.6879405975341797]
[2.8489389419555664, 2.6883792877197266]
[2.829967594146723, 2.690248489379883]
[2.820870590209964, 2.679147720336914]
[2.8117239952087374, 2.6741695404052734]
[2.802555561065681, 2.678356170654297]
[2.783792495727532, 2.6700878143310547]
[2.774761390686031, 2.655668258666992]
[2.7656304359436064, 2.6534461975097656]
[2.766219425201413, 2.6457977294921875]
[2.7380575180053697, 2.626209259033203]
[2.7194602966308636, 2.6233577728271484]
[2.7005747795104895, 2.628469467163086]
[2.6821395874023537, 2.6143646240234375]
[2.69219961166381, 2.6107120513916016]
[2.6544177055358915, 2.6011276245117188]
[2.654827785491946, 2.588510513305664]
[2.6458733558654757, 2.5868797302246094]
[2.636540412902832, 2.586078643798828]
[2.6083498954773034, 2.581043243408203]
[2.5993518829345774, 2.572298049926758]
[2.590116024017334, 2.5684642791748047]
[2.561753368377687, 2.5626754760742188]
[2.5434067726135225, 2.538776397705078]
[2.5438731193542594, 2.5333309173583984]
[2.5057342529296918, 2.532978057861328]
[2.477601909637457, 2.5236034393310547]
[2.4588828086853027, 2.5125789642333984]
[2.439873790740961, 2.5065135955810547]
[2.4017648696899343, 2.503976821899414]
[2.3831609725952134, 2.5040626525878906]
[2.364030551910396, 2.505826950073242]
[2.3353216171264606, 2.5124740600585938]
[2.306783485412602, 2.5126075744628906]
[2.2780952453613352, 2.5144290924072266]
[2.2684918403625502, 2.5183773040771484]
[2.2590737342834473, 2.5175952911376953]
[2.240001964569089, 2.5111865997314453]
[2.2111409187316937, 2.5044822692871094]
[2.2111995697021456, 2.4966907501220703]
[2.201756286621098, 2.4853038787841797]
[2.1823488235473647, 2.4883365631103516]
[2.1729063034057603, 2.487039566040039]
[2.1731039047241296, 2.480306625366211]
[2.1636602401733427, 2.4795913696289062]
[2.163562774658203, 2.4795055389404297]
[2.163703727722165, 2.470388412475586]
[2.1831917762756348, 2.459878921508789]
[2.183021259307857, 2.4646377563476562]
[2.1927731513977093, 2.4628353118896484]
[2.1832144737243695, 2.4553489685058594]
[2.183237648010248, 2.463560104370117]
[2.173705768585201, 2.458372116088867]
[2.1737217903137207, 2.4541282653808594]
[2.173734188079834, 2.4536514282226562]
[2.1736702919006348, 2.459135055541992]
[2.163940048217775, 2.4443817138671875]
[2.1640479087829547, 2.4254417419433594]
[2.163898277282719, 2.4215030670166016]
[2.1636790275573787, 2.42462158203125]
[2.1540932655334473, 2.408571243286133]
[2.1540397644042955, 2.4091720581054688]
[2.1348283767700167, 2.4013233184814453]
[2.134619998931882, 2.3767662048339844]
[2.115281677246095, 2.3645687103271484]
[2.1152236938476534, 2.3650360107421875]
[2.095808219909671, 2.3678207397460938]
[2.0958995819091797, 2.371387481689453]
[2.0764497756958065, 2.3807621002197266]
[2.0379647254943904, 2.381267547607422]
[2.0571415901184125, 2.370128631591797]
[2.0377915382385225, 2.367734909057617]
[2.0279294967651396, 2.371692657470703]
[2.0182761192321834, 2.3579025268554688]
[2.008545017242433, 2.3386096954345703]
[1.9892029762268066, 2.331562042236328]
[1.969740390777588, 2.3151206970214844]
[1.9506196022033748, 2.290925979614258]
[1.9314684867858816, 2.282838821411133]
[1.921788120269774, 2.2644519805908203]
[1.902667331695561, 2.254304885864258]
[1.8834494590759263, 2.251291275024414]
[1.8547664642333999, 2.257709503173828]
[1.8355247497558551, 2.2565460205078125]
[1.8448469161987333, 2.2490692138671875]
[1.8162338256835966, 2.2580909729003906]
[1.7972535133361802, 2.256593704223633]
[1.7879363059997502, 2.2310256958007812]
[1.7784459114074735, 2.218599319458008]
[1.768911170959477, 2.169790267944336]
[1.7499080657958999, 2.159719467163086]
[1.740132999420176, 2.1593570709228516]
[1.7305715560913058, 2.162313461303711]
[1.7213474273681655, 2.1609878540039062]
[1.702225780487069, 2.16888427734375]
[1.702284717559813, 2.180604934692383]
[1.7023916244506836, 2.1753597259521484]
[1.692974281311031, 2.1993637084960938]
[1.683232402801515, 2.2133350372314453]
[1.6832727432250891, 2.2177982330322266]
[1.6930527687072825, 2.2185802459716797]
[1.6932192802429142, 2.2251129150390625]
[1.7027044296264648, 2.232837677001953]
[1.7126781463623004, 2.2309303283691406]
[1.7220399856567354, 2.232646942138672]
[1.7316855430602942, 2.236175537109375]
[1.741328334808351, 2.2235965728759766]
[1.7511205673217702, 2.2147655487060547]
[1.7510934829711857, 2.205944061279297]
[1.7509993553161678, 2.2053146362304688]
[1.751049327850339, 2.196950912475586]
[1.7508609771728558, 2.1839332580566406]
[1.7413455963134723, 2.1689701080322266]
[1.7411855697631893, 2.167224884033203]
[1.7315376281738253, 2.1706008911132812]
[1.7219230651855568, 2.1727466583251953]
[1.7123449325561566, 2.1602344512939453]
[1.7122039794921946, 2.147998809814453]
[1.6929187774658274, 2.1226978302001953]
[1.6832292556762738, 2.121000289916992]
[1.673727226257327, 2.1157455444335938]
[1.6640309333801255, 2.112865447998047]
[1.6542879104614272, 2.1126651763916016]
[1.644782352447514, 2.1027660369873047]
[1.6255734443664593, 2.1050548553466797]
[1.6159541130065946, 2.0772552490234375]
[1.6161198616027832, 2.056303024291992]
[1.597203540801999, 2.033557891845703]
[1.5875160217285114, 1.9891643524169922]
[1.5780198097228961, 1.9462108612060547]
[1.5494718551635813, 1.9296836853027344]
[1.5398550033569336, 1.9160175323486328]
[1.5112476348877024, 1.9109725952148438]
[1.5016771316528335, 1.9067096710205078]
[1.4921744346618624, 1.8965435028076172]
[1.463378524780282, 1.9057464599609375]
[1.4344700813293514, 1.898660659790039]
[1.4153225898742647, 1.8918037414550781]
[1.4057012557983413, 1.8924617767333984]
[1.386272716522214, 1.8683910369873047]
[1.376701641082768, 1.8313980102539062]
[1.3669844627380385, 1.8149471282958984]
[1.3382608413696389, 1.8021583557128906]
[1.3190592765808091, 1.795806884765625]
[1.290085697174078, 1.8051528930664062]
[1.2997434616088839, 1.811666488647461]
[1.2900330543518166, 1.7938899993896484]
[1.2805817604064913, 1.7815208435058594]
[1.2708812713623132, 1.7788887023925781]
[1.2515345573425378, 1.775979995727539]
[1.251746749877931, 1.7748165130615234]
[1.242020797729495, 1.7781352996826172]
[1.2418813705444336, 1.7884635925292969]
[1.232393836975099, 1.7854022979736328]
[1.2226247787475586, 1.7912101745605469]
[1.2130936622619615, 1.7934799194335938]
[1.2131798744201632, 1.7837238311767578]
[1.2132456779479952, 1.7710304260253906]
[1.2132352828979407, 1.771249771118164]
[1.2228521347045884, 1.7522144317626953]
[1.2131964683532743, 1.7289352416992188]
[1.222733879089354, 1.7243766784667969]
[1.2226803779602022, 1.7211341857910156]
[1.2323163986206112, 1.7081260681152344]
[1.2415340423583956, 1.7046260833740234]
[1.222449588775639, 1.7101669311523438]
[1.2222555160522433, 1.7072772979736328]
[1.2316856384277273, 1.6998004913330078]
[1.22209987640381, 1.697378158569336]
[1.222127819061285, 1.68426513671875]
[1.20294637680054, 1.676797866821289]
[1.1933471679687528, 1.6831016540527344]
[1.193427371978764, 1.6707229614257812]
[1.174337291717535, 1.667947769165039]
[1.1743509292602567, 1.6705322265625]
[1.1551098823547434, 1.6671276092529297]
[1.1457888603210407, 1.6446208953857422]
[1.1553941726684585, 1.6056156158447266]
[1.1363059997558551, 1.5750503540039062]
[1.1170518875122042, 1.5483665466308594]
[1.117328453063962, 1.482086181640625]
[1.1077067375183134, 1.4419269561767578]
[1.0884551048278865, 1.3900184631347656]
[1.0788888931274414, 1.3461017608642578]
[1.0693701744079647, 1.3497543334960938]
[1.0596203804016113, 1.3527774810791016]
[1.0500665664672866, 1.3400459289550781]
[1.0403710365295424, 1.331319808959961]
[1.0306427955627413, 1.3383197784423828]
[1.011397457122797, 1.319417953491211]
[1.0019590377807646, 1.2987232208251953]
[0.9826190948486371, 1.2920093536376953]
[0.9633438110351662, 1.2643241882324219]
[0.9537536621093778, 1.2363243103027344]
[0.9439978599548411, 1.2427043914794922]
[0.9248666763305735, 1.224517822265625]
[0.9055949211120691, 1.2073898315429688]
[0.8958993911743178, 1.2041664123535156]
[0.8863511085510325, 1.1806106567382812]
[0.857516002655025, 1.1924552917480469]
[0.8576269149780273, 1.1827278137207031]
[0.8287606239318848, 1.1789608001708984]
[0.8190762519836383, 1.1568927764892578]
[0.7999670028686481, 1.130228042602539]
[0.7903452873229995, 1.1143970489501953]
[0.7807295799255414, 1.0731124877929688]
[0.7615759849548311, 1.0469532012939453]
[0.7520038604736357, 0.9540939331054688]
[0.7422276496887221, 0.87493896484375]
[0.7326598167419363, 0.8395671844482422]
[0.7135753631591797, 0.7772731781005859]
[0.6847279548644991, 0.7110691070556641]
[0.6560781478881808, 0.6301307678222656]
[0.6371273994445872, 0.6079769134521484]
[0.6275591850280691, 0.5381202697753906]
[0.5891520500183134, 0.5176448822021484]
[0.5510594367980914, 0.47095298767089844]
[0.5319614410400391, 0.40915489196777344]
[0.5128130912780691, 0.345916748046875]
[0.4745536804199233, 0.2561759948730469]
[0.4458627700805664, 0.13240814208984375]
[0.42667846679687926, 0.017271041870117188]
[0.388298416137701, 0.00522613525390625]
[0.35024938583374876, -0.0054931640625]
[0.31182823181153196, 0.0003814697265625]
[0.2831804275512724, 0.009870529174804688]
[0.2544856071472168, -0.0007724761962890625]
[0.20665044784546183, -0.004024505615234375]
[0.17799224853515483, 0.0060939788818359375]
[0.1398697853088322, -0.000591278076171875]
[0.12071466445922852, -0.009765625]
[0.08257465362548544, 0.000762939453125]
[0.0635138511657729, 0.0035381317138671875]
[0.03490247726440998, -0.0057697296142578125]
[0.006257534027106715, 0.000438690185546875]
[-0.0031202316284151266, 0.009784698486328125]
[-0.012582206726072798, -0.00080108642578125]
[-0.03165378570555788, -0.00377655029296875]
[-0.031591510772699394, 0.0064945220947265625]
[-0.04118719100951296, -0.0005817413330078125]
[-0.06023883819580078, -0.009717941284179688]
[-0.06014261245727681, 0.00080108642578125]
[-0.06015214920043377, 0.0032806396484375]
[-0.06004199981688885, -0.006198883056640625]
[-0.05053291320800213, 0.000476837158203125]
[-0.050634288787840376, 0.009679794311523438]
[-0.050604343414313746, -0.0008392333984375]
[-0.04107761383057351, -0.0035381317138671875]
[-0.0506901741027832, 0.0068759918212890625]
[-0.04121532440185405, -0.0006198883056640625]
[-0.04108486175537962, -0.009584426879882812]
[-0.031499099731448155, 0.0008296966552734375]
[-0.04123172760009908, 0.00301361083984375]
[-0.021888637542730294, -0.0065135955810546875]
[-0.021956825256346235, 0.00049591064453125]
[-0.03151187896728658, 0.009555816650390625]
[-0.021872615814210405, -0.000858306884765625]
[-0.021883392333982954, -0.0032901763916015625]
[-0.031360912322995205, 0.0072479248046875]
[-0.03130741119384339, -0.0006580352783203125]
[-0.012155151367181816, -0.009469985961914062]
[-0.012257003784171161, 0.0008678436279296875]
[-0.01225662231444602, 0.00270843505859375]
[-0.0027207374572739695, -0.0068569183349609375]
[0.006858158111583634, 0.0005626678466796875]
[-0.0027099609374943157, 0.009279251098632812]
[-0.0026724815368552868, -0.0009822845458984375]
[0.016331386566157846, -0.0029468536376953125]
[0.007007884979245205, 0.00751495361328125]
[-0.002756690978998222, -0.0007724761962890625]
[0.006825828552251778, -0.009145736694335938]
[0.006890106201169033, 0.00095367431640625]
[-0.00289564132690856, 0.0023651123046875]
[-0.012267017364493427, -0.00705718994140625]
[-0.03146238327025941, 0.0006580352783203125]
[-0.031505966186522016, 0.009002685546875]
[-0.05052328109741211, -0.0009822845458984375]
[-0.060111427307127485, -0.0026798248291015625]
[-0.06963806152343466, 0.007762908935546875]
[-0.06965923309325461, -0.0007534027099609375]
[-0.07923851013183025, -0.0089263916015625]
[-0.08890285491943217, 0.0009632110595703125]
