[0.0, 0.09421348571777344]
[-0.009696006774895238, 0.1016998291015625]
[-0.00015296936035014141, 0.10130882263183594]
[-0.00987215042114542, 0.09334564208984375]
[-0.009577560424801845, 0.1006317138671875]
[-0.02875108718871644, 0.10669708251953125]
[-0.038561630249020595, 0.09987831115722656]
[-0.038672542572008695, 0.09973526000976562]
[-0.048129749298084334, 0.10854721069335938]
[-0.05772705078125284, 0.10020256042480469]
[-0.05777139663695152, 0.09442329406738281]
[-0.06738748550414186, 0.1016998291015625]
[-0.05785675048826988, 0.10148048400878906]
[-0.06731796264647727, 0.09312629699707031]
[-0.05781402587890483, 0.10080337524414062]
[-0.06738224029540163, 0.10652542114257812]
[-0.07696113586425213, 0.09974479675292969]
[-0.04813766479491477, 0.09964942932128906]
[-0.04827699661253604, 0.10843276977539062]
[-0.05790023803709943, 0.10058403015136719]
[-0.038668060302732954, 0.09491920471191406]
[-0.04818277359008505, 0.10207176208496094]
[-0.04815874099730877, 0.101470947265625]
[-0.03867235183715678, 0.09317398071289062]
[-0.029057884216300067, 0.10094642639160156]
[-0.038636398315425424, 0.10630607604980469]
[-0.038573360443116655, 0.0994110107421875]
[-0.03859195709228658, 0.09964942932128906]
[-0.03867902755736452, 0.10850906372070312]
[-0.038609504699699926, 0.10061264038085938]
[-0.029057312011715908, 0.09480476379394531]
[-0.03862543106078675, 0.10157585144042969]
[-0.029077148437494316, 0.10079383850097656]
[-0.02888631820678711, 0.09224891662597656]
[-0.019403648376453475, 0.09977340698242188]
[-0.019403648376453475, 0.10491371154785156]
[-0.009894561767566756, 0.09781837463378906]
[-0.01934366226196005, 0.09801864624023438]
[-0.019295787811273613, 0.1056671142578125]
[-0.009547233581535863, 0.09731292724609375]
[4.959106448154671e-06, 0.09167671203613281]
[-0.019122600555412816, 0.09906768798828125]
[5.407333373597112e-05, 0.09816169738769531]
[-0.009476947784420986, 0.0890350341796875]
[-0.009440708160397548, 0.09600639343261719]
[-0.0190991401672278, 0.10184288024902344]
[-0.018954658508292255, 0.09503364562988281]
[-0.00945959091185955, 0.09592056274414062]
[-0.019055747985838423, 0.10456085205078125]
[-0.018895244598382988, 0.09650230407714844]
[-0.009454822540277519, 0.09084701538085938]
[-0.009363460540768642, 0.09842872619628906]
[-0.01884613037109517, 0.09630203247070312]
[-0.019054508209215726, 0.08824348449707031]
[-0.009443187713621626, 0.09639739990234375]
[-0.019129085540761537, 0.10109901428222656]
[-0.018984603881833095, 0.09465217590332031]
[-0.0190381050109778, 0.09625434875488281]
[-0.02856359481810955, 0.10460853576660156]
[-0.018995380401605644, 0.09654998779296875]
[-0.019049263000482597, 0.09163856506347656]
[-0.028708076477052202, 0.09883880615234375]
[-0.028674507141104755, 0.09693145751953125]
[-0.028658580780025034, 0.08824348449707031]
[-0.019209766387938032, 0.09629249572753906]
[-0.028772354125976562, 0.10058403015136719]
[-0.01919698715209961, 0.09372711181640625]
[-5.512237548543908e-05, 0.09449005126953125]
[-0.00966758728027628, 0.10359764099121094]
[-0.009683895111081142, 0.09505271911621094]
[-0.009586429595934476, 0.09022712707519531]
[-4.663467407084454e-05, 0.09756088256835938]
[-0.009561252593989877, 0.09563446044921875]
[-0.009572029113762426, 0.08764266967773438]
[6.866455080967171e-06, 0.09577751159667969]
[-2.8991699210223487e-05, 0.100555419921875]
[-0.009488201141351738, 0.09394645690917969]
[4.3678283702774934e-05, 0.09537696838378906]
[-0.009540462493887958, 0.10447502136230469]
[-0.01919403076171733, 0.09600639343261719]
[-0.019119358062738456, 0.09156227111816406]
[-0.02872467041015625, 0.09916305541992188]
[-0.028851222991939096, 0.09687423706054688]
[-0.02886877059935955, 0.08894920349121094]
[-0.028932666778551663, 0.09730339050292969]
[-0.03846807479857972, 0.10184288024902344]
[-0.038579845428465376, 0.0949859619140625]
[-0.03853588104247052, 0.09717941284179688]
[-0.038583374023431816, 0.10549545288085938]
[-0.03866481781005149, 0.09744644165039062]
[-0.02899370193480877, 0.09278297424316406]
[-0.038536357879628724, 0.10019302368164062]
[-0.0385666847228876, 0.09755134582519531]
[-0.03863096237181196, 0.08971214294433594]
[-0.019542598724363813, 0.09778976440429688]
[-0.009884643554677552, 0.10219573974609375]
[-0.00029535293577964694, 0.09555816650390625]
[0.018789100646984025, 0.09766578674316406]
[0.00936536788940856, 0.10652542114257812]
[-0.00011901855468465783, 0.09845733642578125]
[0.019150924682612924, 0.09440422058105469]
[0.019299697875979405, 0.10186195373535156]
[0.01945781707763672, 0.09913444519042969]
[0.00997304916381836, 0.09128570556640625]
[0.0003944396972670461, 0.09945869445800781]
[0.009980201721191406, 0.10334014892578125]
[0.010208511352544747, 0.09679794311523438]
[0.010145473480228873, 0.09947776794433594]
[0.010117530822761012, 0.10784149169921875]
[0.010171031951912823, 0.099639892578125]
[0.010111999511721592, 0.09562492370605469]
[0.019664192199712716, 0.10286331176757812]
[0.019586849212650748, 0.09958267211914062]
[0.010092067718510123, 0.09174346923828125]
[0.01005849838256978, 0.09978294372558594]
[0.010090541839595346, 0.10342597961425781]
[0.010042285919190874, 0.09715080261230469]
[0.019575786590579014, 0.09973526000976562]
[0.01003675460815856, 0.10770797729492188]
[0.000527667999264736, 0.09950637817382812]
[0.010176086425779829, 0.09561538696289062]
[0.00048503875732563984, 0.10293960571289062]
[0.0005118370056180765, 0.09934425354003906]
[-0.02821817398071147, 0.09139060974121094]
[-0.028299617767331142, 0.09866714477539062]
[-0.05694932937621644, 0.1024627685546875]
[-0.05700407028197674, 0.0954437255859375]
[-0.057013607025147905, 0.09847640991210938]
[-0.08585863113402326, 0.10622978210449219]
[-0.08573560714721395, 0.09817123413085938]
[-0.08573560714721395, 0.09471893310546875]
[-0.09540557861326704, 0.10229110717773438]
[-0.11454706192015607, 0.09856224060058594]
[-0.11458339691161257, 0.09091377258300781]
[-0.11467046737670472, 0.09896278381347656]
[-0.1146649360656653, 0.102386474609375]
[-0.12413692474364524, 0.09591102600097656]
[-0.11469049453734925, 0.09934425354003906]
[-0.11462268829344424, 0.10728836059570312]
[-0.12417840957641602, 0.09904861450195312]
[-0.1049032211303711, 0.09533882141113281]
[-0.11448907852172141, 0.10298728942871094]
[-0.10496721267699627, 0.09903907775878906]
[-0.10488348007201154, 0.09138107299804688]
[-0.10478172302246236, 0.09935379028320312]
[-0.1047821044921875, 0.1024627685546875]
[-0.104644775390625, 0.09553909301757812]
[-0.09517116546629723, 0.09921073913574219]
[-0.10469627380371094, 0.10694503784179688]
[-0.10477161407470703, 0.09912490844726562]
[-0.085613441467288, 0.09593009948730469]
[-0.10485668182373331, 0.10361671447753906]
[-0.09536666870116761, 0.09917259216308594]
[-0.11440877914429137, 0.09166717529296875]
[-0.1145261764526353, 0.09953498840332031]
[-0.12404994964599325, 0.102386474609375]
[-0.12408742904661807, 0.09537696838378906]
[-0.11465301513671022, 0.09934425354003906]
[-0.10500059127807049, 0.10707855224609375]
[-0.10512876510620117, 0.09929656982421875]
[-0.10501136779784304, 0.09617805480957031]
[-0.09549665451049094, 0.10395050048828125]
[-0.08609809875488139, 0.09939193725585938]
[-0.08606061935424236, 0.09202003479003906]
[-0.07643108367918927, 0.10003089904785156]
[-0.08598680496215394, 0.10280609130859375]
[-0.06687164306639914, 0.09587287902832031]
[-0.0668560028076115, 0.09996414184570312]
[-0.07648773193358949, 0.107421875]
[-0.0763164520263544, 0.09965896606445312]
[-0.06689243316649396, 0.09686470031738281]
[-0.07638034820556072, 0.10491371154785156]
[-0.08585033416748189, 0.09996414184570312]
[-0.07613372802734375, 0.09280204772949219]
[-0.07620325088500834, 0.10053634643554688]
[-0.08581848144530824, 0.10302543640136719]
[-0.08584127426147603, 0.09568214416503906]
[-0.09540338516234925, 0.10033607482910156]
[-0.08577775955199485, 0.10784149169921875]
[-0.07607545852660991, 0.1003265380859375]
[-0.07626628875731711, 0.09744644165039062]
[-0.0762127876281653, 0.10546684265136719]
[-0.07613248825072816, 0.100250244140625]
[-0.06648168563842205, 0.09305953979492188]
[-0.07594718933105327, 0.10073661804199219]
[-0.056896209716796875, 0.1029205322265625]
[-0.06650228500366495, 0.09568214416503906]
[-0.06633262634276349, 0.10046005249023438]
[-0.06639003753661399, 0.10770797729492188]
[-0.06642751693725302, 0.10016441345214844]
[-0.05690603256224591, 0.09762763977050781]
[-0.056891250610341615, 0.10558128356933594]
[-0.05682697296142436, 0.10033607482910156]
[-0.04726953506470011, 0.09320259094238281]
[-0.05687551498412802, 0.10085105895996094]
[-0.0569273948669462, 0.10288238525390625]
[-0.056955718994139204, 0.09541511535644531]
[-0.04753046035766317, 0.10006904602050781]
[-0.0572124481201115, 0.10716438293457031]
[-0.06673784255980308, 0.09944915771484375]
[-0.047616291046139736, 0.09723663330078125]
[-0.06664648056030131, 0.1056671142578125]
[-0.05717487335204652, 0.10004997253417969]
[-0.07631521224975302, 0.0930023193359375]
[-0.0763060569763212, 0.10074615478515625]
[-0.08597011566161683, 0.10260581970214844]
[-0.08597011566161683, 0.09512901306152344]
[-0.08599691390991637, 0.10020256042480469]
[-0.09555912017822266, 0.10738372802734375]
[-0.10513811111449911, 0.09964942932128906]
[-0.09554843902587606, 0.09752273559570312]
[-0.09562835693358807, 0.10579109191894531]
[-0.10502004623412375, 0.10013580322265625]
[-0.1050787925720087, 0.09312629699707031]
[-0.09546270370483256, 0.10072708129882812]
[-0.0955904960632239, 0.10243415832519531]
[-0.09551591873167808, 0.09510040283203125]
[-0.09560098648070436, 0.10080337524414062]
[-0.09561176300047691, 0.10782241821289062]
[-0.1051635742187429, 0.10046958923339844]
[-0.10518741607665305, 0.09848594665527344]
[-0.09577903747558025, 0.10686874389648438]
[-0.1052277565002413, 0.10075569152832031]
[-0.10529203414916566, 0.09386062622070312]
[-0.10536222457885458, 0.1015472412109375]
[-0.11494503021240376, 0.10293006896972656]
[-0.11495780944823508, 0.09512901306152344]
[-0.10531463623046022, 0.10134696960449219]
[-0.11489353179931072, 0.10812759399414062]
[-0.11484041213989116, 0.10054588317871094]
[-0.11484994888305522, 0.09877204895019531]
[-0.12451591491699077, 0.10718345642089844]
[-0.10534076690673544, 0.100860595703125]
[-0.10520381927489808, 0.09410858154296875]
[-0.10535354614258097, 0.1018524169921875]
[-0.09578409194946147, 0.10295867919921875]
[-0.10524168014526225, 0.09518623352050781]
[-0.0957377433776827, 0.10141372680664062]
[-0.09595727920532227, 0.10816574096679688]
[-0.09566297531127788, 0.10084152221679688]
[-0.09566173553466939, 0.09931564331054688]
[-0.10533809661865234, 0.10775566101074219]
[-0.10527343750000284, 0.10109901428222656]
[-0.10511293411254741, 0.09436607360839844]
[-0.11482563018798686, 0.10159492492675781]
[-0.11491498947142986, 0.10233879089355469]
[-0.10514488220214702, 0.0940704345703125]
[-0.1051609039306598, 0.10020256042480469]
[-0.11486368179321005, 0.10575294494628906]
[-0.09590740203856996, 0.09832382202148438]
[-0.0765506744384652, 0.09695053100585938]
[-0.07646093368529705, 0.10578155517578125]
[-0.07651443481444176, 0.09832382202148438]
[-0.05731906890868288, 0.09172439575195312]
[-0.05741004943845951, 0.09875297546386719]
[-0.04793090820311363, 0.09907722473144531]
[-0.05732946395873739, 0.09124755859375]
[-0.05729751586913778, 0.09778022766113281]
[-0.06693506240844727, 0.10422706604003906]
[-0.0669291496276827, 0.09706497192382812]
[-0.057498645782473545, 0.09599685668945312]
[-0.0668644905090261, 0.10460853576660156]
[-0.06684808731078817, 0.09744644165039062]
[-0.06686964035034038, 0.09111404418945312]
[-0.06683216094970135, 0.09827613830566406]
[-0.07647380828856853, 0.09832382202148438]
[-0.08578691482543377, 0.09007453918457031]
[-0.07635812759398419, 0.09614944458007812]
[-0.07617053985595135, 0.1032257080078125]
[-0.08571882247924378, 0.09446144104003906]
[-0.08576946258544638, 0.09370803833007812]
[-0.07610673904418519, 0.1021575927734375]
[-0.08557710647581729, 0.09419441223144531]
[-0.08561105728148988, 0.0870513916015625]
[-0.09512577056884908, 0.09426116943359375]
[-0.09523315429687074, 0.09407997131347656]
[-0.09531373977659996, 0.08672714233398438]
[-0.08576717376708842, 0.0946044921875]
[-0.08564939498901225, 0.10112762451171875]
[-0.07599020004272461, 0.09403228759765625]
[-0.076047611236568, 0.09276390075683594]
[-0.06666307449339826, 0.10183334350585938]
[-0.06661996841430096, 0.09508132934570312]
[-0.06656684875488139, 0.088348388671875]
[-0.07606515884399556, 0.09537696838378906]
[-0.07611827850341513, 0.09556770324707031]
[-0.07610912322998331, 0.08775711059570312]
[-0.07609672546387003, 0.095062255859375]
[-0.07619686126708558, 0.10076522827148438]
[-0.06656084060668377, 0.09319305419921875]
[-0.0571531295776353, 0.09233474731445312]
[-0.06696157455444762, 0.10132789611816406]
[-0.07638683319091655, 0.09387016296386719]
[-0.0763796806335364, 0.08775711059570312]
[-0.0765133857726994, 0.09482383728027344]
[-0.07647943496704102, 0.09495735168457031]
[-0.08616180419920738, 0.08698463439941406]
[-0.08613471984862286, 0.09447097778320312]
[-0.09566011428832155, 0.10075569152832031]
[-0.09591846466064169, 0.09407997131347656]
[-0.09570684432982546, 0.09383201599121094]
[-0.10500392913817791, 0.10263442993164062]
[-0.10521793365477805, 0.09481430053710938]
[-0.10512733459472656, 0.08896827697753906]
[-0.1145777702331543, 0.09608268737792969]
[-0.11465711593627503, 0.09663581848144531]
[-0.12389125823974467, 0.08853912353515625]
[-0.12380456924437766, 0.09599685668945312]
[-0.13334035873412375, 0.1019287109375]
[-0.12372426986693341, 0.09484291076660156]
[-0.12369499206543111, 0.09442329406738281]
[-0.13331422805785564, 0.1032257080078125]
[-0.12389049530028018, 0.09555816650390625]
[-0.114215660095212, 0.08978843688964844]
[-0.12386407852171999, 0.09685516357421875]
[-0.12405881881713299, 0.09630203247070312]
[-0.11445589065550621, 0.08835792541503906]
[-0.11429386138915021, 0.09584426879882812]
[-0.1238739967346163, 0.10163307189941406]
[-0.12384719848632386, 0.09501457214355469]
[-0.1238560676574636, 0.09530067443847656]
[-0.14299926757811932, 0.10374069213867188]
[-0.14298324584960653, 0.09586334228515625]
[-0.14299964904784446, 0.09036064147949219]
[-0.14314374923705486, 0.0977325439453125]
[-0.1431489944458022, 0.09729385375976562]
[-0.1430583953857365, 0.08936882019042969]
[-0.1432364463806124, 0.0971221923828125]
[-0.1527603149413963, 0.10265350341796875]
[-0.14320850372313032, 0.09573936462402344]
[-0.15282335281371218, 0.09591102600097656]
[-0.13376331329344993, 0.10478019714355469]
[-0.13366708755491885, 0.09683609008789062]
[-0.1336921691894517, 0.09151458740234375]
[-0.12405052185057741, 0.0986480712890625]
[-0.12414503097533469, 0.09782791137695312]
[-0.12394857406616211, 0.08963584899902344]
[-0.12395935058593466, 0.09758949279785156]
[-0.1241038322448631, 0.10273933410644531]
[-0.12405548095703267, 0.09580612182617188]
[-0.11435270309448242, 0.09634971618652344]
[-0.12401866912841086, 0.10506629943847656]
[-0.12417917251585919, 0.09703636169433594]
[-0.12412605285644673, 0.09160995483398438]
[-0.13385992050170614, 0.09879112243652344]
[-0.13368349075317099, 0.09768486022949219]
[-0.14332637786864666, 0.08973121643066406]
[-0.14331207275390767, 0.09762763977050781]
[-0.14334802627563192, 0.10280609130859375]
[-0.14336366653441956, 0.0958251953125]
[-0.1241455078124929, 0.09660720825195312]
[-0.14327630996704244, 0.10528564453125]
[-0.14304885864257244, 0.097198486328125]
[-0.13342561721801616, 0.09205818176269531]
[-0.14298467636108825, 0.09928703308105469]
[-0.12380170822142844, 0.0977325439453125]
[-0.13335561752318625, 0.08965492248535156]
[-0.13320035934447105, 0.09757041931152344]
[-0.13315172195433433, 0.10251045227050781]
[-0.13313055038451438, 0.09622573852539062]
[-0.12350769042968324, 0.0970458984375]
[-0.14259691238402894, 0.105743408203125]
[-0.14269351959227095, 0.09766578674316406]
[-0.1520102500915499, 0.09259223937988281]
[-0.16161594390868572, 0.09995460510253906]
[-0.1522441864013544, 0.09836196899414062]
[-0.15200500488280255, 0.09052276611328125]
[-0.15206413269042685, 0.09852409362792969]
[-0.16182508468627077, 0.10325431823730469]
[-0.16170377731322816, 0.09644508361816406]
[-0.16175050735473206, 0.09770393371582031]
[-0.17140407562256144, 0.10622978210449219]
[-0.17141523361205913, 0.09769439697265625]
[-0.16194849014282653, 0.09228706359863281]
[-0.1619855880737262, 0.098724365234375]
[-0.1621551513671733, 0.09749412536621094]
[-0.15256109237670756, 0.0893402099609375]
[-0.15265722274779847, 0.09662628173828125]
[-0.14308900833130167, 0.10138511657714844]
[-0.1241024017333956, 0.09462356567382812]
[-0.09544496536253888, 0.09641647338867188]
[-0.08577661514282653, 0.10406494140625]
[-0.07629032135009339, 0.0971221923828125]
[-0.0478268623352065, 0.09431838989257812]
[-0.03830671310424805, 0.10332107543945312]
[-0.00019807815551331487, 0.10048866271972656]
[0.009371280670166016, 0.09202957153320312]
[0.037951183319087534, 0.09944915771484375]
[0.057119750976568184, 0.10251045227050781]
[0.08579187393188903, 0.09449958801269531]
[0.104851150512701, 0.09634971618652344]
[0.11452894210816567, 0.10385513305664062]
[0.13376741409302184, 0.0916290283203125]
[0.16245059967041442, 0.0879669189453125]
[0.18159322738647887, 0.09444236755371094]
[0.19123716354370401, 0.09489059448242188]
[0.2008272171020522, 0.08945465087890625]
[0.2009456634521527, 0.09929656982421875]
[0.2106427192688045, 0.10228157043457031]
[0.22015810012817383, 0.09668350219726562]
[0.22983121871948242, 0.09756088256835938]
[0.23939723968506144, 0.10782241821289062]
[0.24903564453124716, 0.09898185729980469]
[0.26809244155884215, 0.09150505065917969]
[0.2679498672485394, 0.09648323059082031]
[0.2681266784668068, 0.0951385498046875]
[0.28722457885742614, 0.08792877197265625]
[0.2968781471252555, 0.09874343872070312]
[0.2968621253967356, 0.10144233703613281]
[0.32562007904054013, 0.09456634521484375]
[0.35432491302491087, 0.09542465209960938]
[0.36383790969848917, 0.10434150695800781]
[0.3734503746032729, 0.09778022766113281]
[0.4021509170532269, 0.0928497314453125]
[0.4118351936340332, 0.10241508483886719]
[0.4118048667907743, 0.09661674499511719]
[0.43103618621826456, 0.08950233459472656]
[0.44058361053468076, 0.10029792785644531]
[0.45005521774291424, 0.10390281677246094]
[0.46904735565185973, 0.09799957275390625]
[0.4883885383605957, 0.10007858276367188]
[0.4977734565734835, 0.10794639587402344]
[0.49805135726928995, 0.0970458984375]
[0.5169857025146527, 0.09309768676757812]
[0.5167006492614803, 0.10301589965820312]
[0.5168894767761216, 0.09885787963867188]
[0.5358529090881419, 0.0904083251953125]
[0.5550176620483427, 0.10046005249023438]
[0.5645698547363267, 0.10586738586425781]
[0.5837045669555678, 0.0968170166015625]
[0.61235160827637, 0.09657859802246094]
[0.6409263610839915, 0.10976791381835938]
[0.6505088806152415, 0.10132789611816406]
[0.6694488525390625, 0.09340286254882812]
[0.6885688781738324, 0.10041236877441406]
[0.7172307014465389, 0.1000213623046875]
[0.7363183975219769, 0.09342193603515625]
[0.7649059295654297, 0.09899139404296875]
[0.7837305068969727, 0.1073455810546875]
[0.8029148101806669, 0.09953498840332031]
[0.8315047264099107, 0.10081291198730469]
[0.85053453445434, 0.1114654541015625]
[0.8602831840515108, 0.10129928588867188]
[0.8888435363769531, 0.09184837341308594]
[0.8984264373779283, 0.09876251220703125]
[0.92710027694703, 0.0945281982421875]
[0.9366524696350211, 0.08798599243164062]
[0.9460977554321417, 0.09779930114746094]
[0.9557465553283748, 0.10190963745117188]
[0.9653255462646442, 0.09390830993652344]
[0.9745795249938993, 0.09575843811035156]
[0.9744820594787598, 0.107574462890625]
[0.9842586517334055, 0.09935379028320312]
[1.0033163070678768, 0.09613990783691406]
[1.0127155303955178, 0.10249137878417969]
[1.022463035583499, 0.10614395141601562]
[1.0318694114685059, 0.10210037231445312]
[1.041569328308107, 0.11162757873535156]
[1.060755920410159, 0.12572288513183594]
[1.079888248443602, 0.14545440673828125]
[1.1086034774780273, 0.157623291015625]
[1.1275241851806612, 0.1630878448486328]
[1.1469439506530819, 0.1623249053955078]
[1.1755314826965346, 0.1725292205810547]
[1.1753050804138283, 0.1812458038330078]
[1.1849008560180607, 0.184783935546875]
[1.2135817527771096, 0.1882457733154297]
[1.223203086853026, 0.20612716674804688]
[1.2324981689453125, 0.20862579345703125]
[1.2422583580017132, 0.20349502563476562]
[1.27076091766358, 0.2151966094970703]
[1.2802260398864718, 0.21866798400878906]
[1.2898744583129869, 0.21549224853515625]
[1.318612957000731, 0.209808349609375]
[1.3281850814819336, 0.2115345001220703]
[1.3376426696777415, 0.20544052124023438]
[1.3566760063171373, 0.2193164825439453]
[1.3757053375244155, 0.25328636169433594]
[1.394960689544675, 0.27164459228515625]
[1.4139500617980971, 0.27909278869628906]
[1.4426146507263198, 0.30162811279296875]
[1.461728572845459, 0.3414344787597656]
[1.4808916091919002, 0.3453636169433594]
[1.4998515129089327, 0.3555011749267578]
[1.518791484832768, 0.3798675537109375]
[1.528235530853273, 0.38399696350097656]
[1.5569116592407255, 0.3890514373779297]
[1.585350322723393, 0.4049491882324219]
[1.6138956069946317, 0.41954994201660156]
[1.6521226882934599, 0.4226493835449219]
[1.6804918289184556, 0.4356575012207031]
[1.718618774414061, 0.4519081115722656]
[1.7469543457031236, 0.4461479187011719]
[1.7850518226623535, 0.44678688049316406]
[1.8135478973388643, 0.4662609100341797]
[1.8423593521118278, 0.4662609100341797]
[1.8803437232971305, 0.46059608459472656]
[1.9185029029846206, 0.493621826171875]
[1.9472216606140194, 0.5126571655273438]
[1.9759352684021039, 0.5268192291259766]
[2.023714447021483, 0.5699348449707031]
[2.033304500579831, 0.6175422668457031]
[2.0716987609863295, 0.6433486938476562]
[2.1003304481506433, 0.6856536865234375]
[2.1483842849731474, 0.7096576690673828]
[2.1769821166992216, 0.7093906402587891]
[2.2059478759765767, 0.7131767272949219]
[2.244215297698979, 0.7298564910888672]
[2.253817272186282, 0.7647037506103516]
[2.2827624320983873, 0.764007568359375]
[2.2826825141906752, 0.7795429229736328]
[2.301973152160656, 0.7902145385742188]
[2.3115695953369197, 0.7923698425292969]
[2.3401902198791618, 0.792999267578125]
[2.3403213500976605, 0.7895469665527344]
[2.3595402717590375, 0.7941818237304688]
[2.3692209243774442, 0.7976341247558594]
[2.3788201332092314, 0.8302974700927734]
[2.378870391845709, 0.8699893951416016]
[2.3883797645568876, 0.9180450439453125]
[2.3983067512512264, 0.9408664703369141]
[2.3886590003967285, 0.9451103210449219]
[2.407886219024661, 0.9554290771484375]
[2.4271362304687543, 0.9624671936035156]
[2.436692714691162, 0.9671115875244141]
[2.4463298797607393, 0.9801769256591797]
[2.47516841888428, 0.9874153137207031]
[2.4942831993103027, 1.0117912292480469]
[2.5228179931640753, 1.044607162475586]
[2.5516182899475126, 1.069793701171875]
[2.599313640594488, 1.1022758483886719]
[2.6087049484253058, 1.1264705657958984]
[2.6374150276184096, 1.1322975158691406]
[2.656477928161628, 1.1339569091796875]
[2.6755008697509908, 1.1334896087646484]
[2.6945409774780344, 1.1273574829101562]
[2.7135862350463924, 1.139211654663086]
[2.7420879364013757, 1.1466503143310547]
[2.7611659049987836, 1.1444950103759766]
[2.770825099945071, 1.1414337158203125]
[2.8089699745178294, 1.169586181640625]
[2.8183444976806626, 1.1958599090576172]
[2.856597995758058, 1.2047958374023438]
[2.8852027893066463, 1.2153244018554688]
[2.904045677185067, 1.2126922607421875]
[2.9327047348022433, 1.212472915649414]
[2.961090278625491, 1.1994075775146484]
[2.999176216125491, 1.2176227569580078]
[3.008471870422362, 1.2203598022460938]
[3.0275212287902846, 1.2302875518798828]
[3.0464393615722685, 1.2456703186035156]
[3.0654265403747587, 1.2558841705322266]
[3.0844922065734934, 1.2565040588378906]
[3.1225757598877024, 1.2703514099121094]
[3.1128710746765194, 1.3077354431152344]
[3.131922340393068, 1.3180732727050781]
[3.141625499725343, 1.3155269622802734]
[3.1702772140502944, 1.3506889343261719]
[3.179959583282468, 1.3705921173095703]
[3.2087106704711843, 1.3696002960205078]
[3.227783393859866, 1.3886547088623047]
[3.2469842910766644, 1.4067649841308594]
[3.275608825683598, 1.4176273345947266]
[3.3045383453369226, 1.4391040802001953]
[3.333296966552737, 1.4549446105957031]
[3.3526368141174387, 1.4517402648925781]
[3.3909316062927317, 1.4472007751464844]
[3.4005199432373203, 1.4646625518798828]
[3.429366016387938, 1.4628028869628906]
[3.4487756729125962, 1.459798812866211]
[3.4777797698974737, 1.4897918701171875]
[3.487523365020756, 1.5153217315673828]
[3.5067948341369757, 1.5058040618896484]
[3.5262735366821403, 1.5201377868652344]
[3.5359061241150016, 1.5190601348876953]
[3.5551561355590806, 1.5250778198242188]
[3.5843495368957505, 1.5283584594726562]
[3.6033053398132324, 1.5259075164794922]
[3.603397846221924, 1.5365982055664062]
[3.632202053070074, 1.521005630493164]
[3.6421067237854032, 1.5367794036865234]
[3.642085075378411, 1.5863513946533203]
[3.6612907409667983, 1.5972518920898438]
[3.6901253700256333, 1.6222476959228516]
[3.690161609649664, 1.634664535522461]
[3.690203857421885, 1.6305923461914062]
[3.718989849090576, 1.6146373748779297]
[3.7286693572998075, 1.6066741943359375]
[3.7475880622863826, 1.5961742401123047]
[3.7572097778320384, 1.5902328491210938]
[3.7762502670288143, 1.6054821014404297]
[3.7664733886718764, 1.6034984588623047]
[3.7761154174804688, 1.6192817687988281]
[3.776052761077878, 1.6350841522216797]
[3.785529136657722, 1.6568660736083984]
[3.7950493812561064, 1.6580677032470703]
[3.795022583007814, 1.649637222290039]
[3.7948573112487836, 1.6874122619628906]
[3.81398611068726, 1.7047786712646484]
[3.8140099525451703, 1.7213058471679688]
[3.8426893234253043, 1.7255496978759766]
[3.8617444992065444, 1.7375469207763672]
[3.8713876724243264, 1.7315387725830078]
[3.8905578613281335, 1.739034652709961]
[3.9096973419189496, 1.734762191772461]
[3.9285573959350586, 1.7422294616699219]
[3.957390499114993, 1.7244720458984375]
[3.9762437820434684, 1.7203426361083984]
[4.00486087799073, 1.7247295379638672]
[4.033562564849859, 1.731424331665039]
[4.0523995399475154, 1.7312908172607422]
[4.052459049224851, 1.744089126586914]
[4.071467208862302, 1.7473220825195312]
[4.0808394432067985, 1.7654991149902344]
[4.109312725067149, 1.7675590515136719]
[4.128296184539792, 1.7885780334472656]
[4.156854915618901, 1.7838001251220703]
[4.195415401458739, 1.7731761932373047]
[4.233331966400151, 1.786355972290039]
[4.2714125633239775, 1.7836761474609375]
[4.309680747985844, 1.793212890625]
[4.347691917419439, 1.8060111999511719]
[4.395527935028085, 1.812143325805664]
[4.424073886871341, 1.8216896057128906]
[4.45262260437012, 1.831045150756836]
[4.481466770172126, 1.828756332397461]
[4.529210472106939, 1.833810806274414]
[4.567185974121095, 1.8523597717285156]
[4.595930004119872, 1.8489265441894531]
[4.643513488769528, 1.8355751037597656]
[4.6722023963928265, 1.8493175506591797]
[4.71977720260621, 1.8776130676269531]
[4.748294734954847, 1.8822574615478516]
[4.805535125732419, 1.8756961822509766]
[4.843655872344968, 1.9062232971191406]
[4.881892108917242, 1.923828125]
[4.929403495788577, 1.910543441772461]
[4.977106094360359, 1.9147968292236328]
[5.014947891235352, 1.9176769256591797]
[5.0722477912902875, 1.9181060791015625]
[5.110278415679936, 1.9295501708984375]
[5.138763141632083, 1.9570732116699219]
[5.1768596649169965, 1.959543228149414]
[5.243652248382567, 1.9533824920654297]
[5.272206115722668, 1.9544506072998047]
[5.310249137878422, 1.9532012939453125]
[5.358085060119635, 1.9437599182128906]
[5.405796432495123, 1.9493865966796875]
[5.4629363059997615, 1.9487857818603516]
[5.5106728553772015, 1.9531440734863281]
[5.577298736572274, 1.959218978881836]
[5.624886894226073, 1.9688987731933594]
[5.672729396820074, 1.9782829284667969]
[5.720561504364021, 1.9768238067626953]
[5.768353271484379, 1.984567642211914]
[5.796933650970466, 1.9836235046386719]
[5.854039382934573, 1.9864749908447266]
[5.8921775817871165, 1.9920063018798828]
[5.930427169799813, 1.9906425476074219]
[5.978192138671879, 1.992330551147461]
[6.0067688941955595, 2.0000457763671875]
[6.044870662689206, 2.0244598388671875]
[6.092838764190674, 2.025461196899414]
[6.140495872497553, 2.0201873779296875]
[6.197673892974862, 2.035980224609375]
[6.236102104187012, 2.0366764068603516]
[6.293514823913576, 2.038908004760742]
[6.350662326812746, 2.0470046997070312]
[6.4173806190490765, 2.0450782775878906]
[6.4749737739563, 2.0436859130859375]
[6.532164573669434, 2.0510387420654297]
[6.5991525650024485, 2.0589160919189453]
[6.6470395088195815, 2.054471969604492]
[6.714082336425783, 2.062835693359375]
[6.752408313751225, 2.069253921508789]
[6.800413036346434, 2.064657211303711]
[6.857672119140631, 2.064380645751953]
[6.9057111740112305, 2.0665931701660156]
[6.962871837615971, 2.0729923248291016]
[7.02060527801514, 2.0732784271240234]
[7.058926486969, 2.0730209350585938]
[7.125887966156014, 2.083740234375]
[7.164394855499275, 2.0835399627685547]
[7.240819168090823, 2.0921707153320312]
[7.288328933715825, 2.091226577758789]
[7.355209064483638, 2.0754432678222656]
[7.412415218353267, 2.07061767578125]
[7.469712829589852, 2.0734119415283203]
[7.517357730865477, 2.077054977416992]
[7.584050655364997, 2.0682907104492188]
[7.641333961486822, 2.0743274688720703]
[7.688889789581296, 2.076282501220703]
[7.736535072326667, 2.074718475341797]
[7.793528175354012, 2.080526351928711]
[7.841388130187987, 2.1022605895996094]
[7.908182525634771, 2.095470428466797]
[7.984435653686525, 2.084074020385742]
[8.060677146911623, 2.0829391479492188]
[8.136915874481204, 2.0807361602783203]
[8.23250961303711, 2.0754241943359375]
[8.31850605010986, 2.0831871032714844]
[8.40442237854004, 2.0712947845458984]
[8.490375804901127, 2.0729827880859375]
[8.585898685455327, 2.081918716430664]
[8.652560520172123, 2.094135284423828]
[8.747972297668454, 2.098569869995117]
[8.824240589141844, 2.1066856384277344]
[8.900586700439462, 2.12127685546875]
[8.9770489692688, 2.132406234741211]
[9.072557640075686, 2.1436214447021484]
[9.158284091949469, 2.171754837036133]
[9.2536889076233, 2.1836090087890625]
[9.349446487426754, 2.201519012451172]
[9.445235157012945, 2.2242164611816406]
[9.559886074066164, 2.243013381958008]
[9.674613285064694, 2.249736785888672]
[9.799272632598871, 2.248668670654297]
[9.933025932312013, 2.247190475463867]
[10.047935867309569, 2.237272262573242]
[10.191655349731448, 2.220935821533203]
[10.325626564025875, 2.2147178649902344]
[10.449944400787352, 2.218446731567383]
[10.574534511566164, 2.2186946868896484]
[10.689204025268559, 2.2235679626464844]
[10.803871536254896, 2.2324562072753906]
[10.909046459198002, 2.234020233154297]
[11.024079418182382, 2.241058349609375]
[11.129193687438963, 2.2531890869140625]
[11.224983406066904, 2.2748279571533203]
[11.32087154388428, 2.272930145263672]
[11.445219802856442, 2.280139923095703]
[11.55079021453858, 2.293272018432617]
[11.656204605102545, 2.2949695587158203]
[11.79039592742921, 2.297029495239258]
[11.895981025695804, 2.3108959197998047]
[12.020731163024905, 2.3122310638427734]
[12.145523643493647, 2.315225601196289]
[12.260550689697268, 2.3235511779785156]
[12.385302162170404, 2.3266983032226562]
[12.5003023147583, 2.3201370239257812]
[12.615209865570066, 2.33795166015625]
[12.730006599426275, 2.3516368865966797]
[12.825597476959231, 2.346773147583008]
[12.949947357177741, 2.3453140258789062]
[13.045506477355957, 2.3572540283203125]
[13.141195392608644, 2.358570098876953]
[13.255763626098634, 2.354888916015625]
[13.36091766357422, 2.372417449951172]
[13.465752029418951, 2.371377944946289]
[13.590131759643562, 2.381305694580078]
[13.714336776733397, 2.4001693725585938]
[13.847789287567139, 2.3992919921875]
[13.981664943695073, 2.4053382873535156]
[14.143770790100099, 2.4144363403320312]
[14.277398967742926, 2.4260616302490234]
[14.420393753051762, 2.4312305450439453]
[14.582483768463142, 2.4416732788085938]
[14.715974140167233, 2.448740005493164]
[14.830323505401623, 2.474527359008789]
[14.982992172241211, 2.4664688110351562]
[15.116253852844238, 2.477293014526367]
[15.240060806274421, 2.485504150390625]
[15.373551654815671, 2.481975555419922]
[15.497305107116702, 2.482328414916992]
[15.630762767791751, 2.490692138671875]
[15.745149612426758, 2.493734359741211]
[15.888230133056652, 2.499055862426758]
[16.031063461303717, 2.5066375732421875]
[16.16446285247803, 2.511615753173828]
[16.31694202423096, 2.512340545654297]
[16.469291591644293, 2.5223159790039062]
[16.612222671508796, 2.5286006927490234]
[16.75518455505371, 2.531719207763672]
[16.91701726913452, 2.5409984588623047]
[17.050168323516843, 2.5534915924072266]
[17.18344240188599, 2.5520896911621094]
[17.30721378326416, 2.5524139404296875]
[17.4403133392334, 2.5603675842285156]
[17.554473972320565, 2.560443878173828]
[17.67828397750855, 2.5524139404296875]
[17.783023071289065, 2.542562484741211]
[17.878302955627447, 2.538623809814453]
[17.983399105072024, 2.530546188354492]
[18.0978370666504, 2.5240039825439453]
[18.18378715515138, 2.524728775024414]
[18.270278835296637, 2.515554428100586]
[18.36592779159546, 2.5080299377441406]
[18.45217981338501, 2.5141525268554688]
[18.548263835906987, 2.518291473388672]
[18.64442157745362, 2.515106201171875]
[18.74070491790772, 2.519683837890625]
[18.827249717712405, 2.5202083587646484]
[18.92368965148927, 2.5144290924072266]
[19.02002096176148, 2.517843246459961]
[19.08769969940186, 2.516298294067383]
[19.155536937713627, 2.514820098876953]
[19.242342185974124, 2.518320083618164]
[19.300263309478765, 2.568387985229492]
[19.35835866928101, 2.5664329528808594]
[19.40685234069825, 2.5661468505859375]
[19.455313777923585, 2.569704055786133]
[19.4939775466919, 2.565736770629883]
[19.532714843750007, 2.5637245178222656]
[19.561594295501713, 2.566509246826172]
[19.590635013580325, 2.5745201110839844]
[19.629277610778814, 2.575197219848633]
[19.648582267761235, 2.577219009399414]
[19.677286624908454, 2.584857940673828]
[19.706355571746833, 2.586984634399414]
[19.71626148223877, 2.5933361053466797]
[19.74520301818847, 2.6009273529052734]
[19.774178123474123, 2.615842819213867]
[19.812831974029542, 2.637042999267578]
[19.870658397674568, 2.645387649536133]
[19.909544181823733, 2.663545608520508]
[19.97704105377197, 2.6766490936279297]
[20.054012393951425, 2.684335708618164]
[20.121154880523683, 2.6920700073242188]
[20.21684169769287, 2.6914405822753906]
[20.303078174591064, 2.7013111114501953]
[20.39824390411377, 2.724142074584961]
[20.49343452453614, 2.7605056762695312]
[20.56926736831666, 2.7669143676757812]
[20.635373783111582, 2.7716732025146484]
[20.701481437683114, 2.7869701385498047]
[20.767639064788817, 2.7973270416259766]
[20.823967933654792, 2.8130245208740234]
[20.87090415954591, 2.824840545654297]
[20.908319664001475, 2.8320693969726562]
[20.945798492431642, 2.843027114868164]
[20.9929391860962, 2.849407196044922]
[21.049821949005135, 2.854909896850586]
[21.106712245941168, 2.8601646423339844]
[21.17340536117554, 2.8725719451904297]
[21.23993625640869, 2.8733158111572266]
[21.30647363662721, 2.8639793395996094]
[21.37319946289064, 2.8539276123046875]
[21.42995309829712, 2.836904525756836]
[21.4966031074524, 2.8256702423095703]
[21.553587913513184, 2.8142642974853516]
[21.591249179840084, 2.7992820739746094]
[21.609968471527104, 2.795743942260742]
[21.638200759887695, 2.7875423431396484]
[21.63786640167237, 2.776346206665039]
[21.628185272216804, 2.7835845947265625]
[21.618766212463385, 2.772979736328125]
[21.609636592864994, 2.7620410919189453]
[21.581616306304937, 2.764434814453125]
[21.573002433776864, 2.7678585052490234]
[21.564619350433354, 2.7611732482910156]
[21.575644683837893, 2.757272720336914]
[21.586665058135992, 2.7529430389404297]
[21.598015499114993, 2.7434635162353516]
[21.637790584564215, 2.7314281463623047]
[21.66793689727784, 2.7193641662597656]
[21.708058261871344, 2.7109432220458984]
[21.75744247436524, 2.7099609375]
[21.777726364135745, 2.720022201538086]
[21.807734298706052, 2.7245330810546875]
[21.8374345779419, 2.7266502380371094]
[21.86708307266236, 2.743539810180664]
[21.886837959289558, 2.7617454528808594]
[21.935395908355723, 2.765522003173828]
[21.974167537689212, 2.779836654663086]
[22.003135967254643, 2.7923011779785156]
[22.07063865661621, 2.792205810546875]
[22.128091526031497, 2.810964584350586]
[22.18558750152588, 2.8252220153808594]
[22.26213579177857, 2.8293800354003906]
[22.35767631530762, 2.8280162811279297]
[22.452981376647948, 2.8357505798339844]
[22.558004474639894, 2.84515380859375]
[22.672501182556154, 2.8497982025146484]
[22.76767768859863, 2.857818603515625]
[22.872521400451667, 2.867412567138672]
[22.96772947311402, 2.867145538330078]
[23.053543090820312, 2.8707027435302734]
[23.129544162750243, 2.8807830810546875]
[23.22473430633545, 2.878847122192383]
[23.310517406463624, 2.875375747680664]
[23.38671073913575, 2.8821277618408203]
[23.45351428985596, 2.883434295654297]
[23.530032062530523, 2.8845977783203125]
[23.59702672958373, 2.889089584350586]
[23.66399812698365, 2.8949642181396484]
[23.72160654067993, 2.893505096435547]
[23.78854360580445, 2.8957176208496094]
[23.836503505706787, 2.904987335205078]
[23.88451166152955, 2.9018497467041016]
[23.94226865768433, 2.901773452758789]
[24.009344291687015, 2.9070472717285156]
[24.06680660247803, 2.909698486328125]
[24.124569034576425, 2.9087066650390625]
[24.182069492340084, 2.9133987426757812]
[24.249216365814213, 2.9243087768554688]
[24.297501087188728, 2.921276092529297]
[24.355294895172122, 2.9218292236328125]
[24.413062953948987, 2.9264354705810547]
[24.47105102539063, 2.9282379150390625]
[24.52912483215332, 2.9277801513671875]
[24.596403503417974, 2.932605743408203]
[24.654328823089607, 2.9352569580078125]
[24.72195320129395, 2.9368209838867188]
[24.79882764816285, 2.9409313201904297]
[24.85664806365967, 2.9487991333007812]
[24.93339576721192, 2.949953079223633]
[25.010029888153085, 2.951669692993164]
[25.076925086975102, 2.957134246826172]
[25.13434047698975, 2.9561710357666016]
[25.210508728027342, 2.956857681274414]
[25.26755819320678, 2.9610633850097656]
[25.305429267883305, 2.9624557495117188]
[25.362569141387944, 2.960042953491211]
[25.400319194793703, 2.9646682739257812]
[25.419069385528566, 2.9723262786865234]
[25.456869316101084, 2.9755496978759766]
[25.485241985321046, 2.978992462158203]
[25.52297229766846, 2.985973358154297]
[25.561003303527833, 2.988910675048828]
[25.598958873748785, 2.9912281036376953]
[25.636626625061034, 2.9932022094726562]
[25.674515247344978, 2.99468994140625]
[25.70275707244874, 2.997570037841797]
[25.73089752197265, 3.004913330078125]
[25.768436908721924, 3.0089950561523438]
[25.815843772888186, 3.0094051361083984]
[25.86315240859986, 3.0109119415283203]
[25.910772991180423, 3.017606735229492]
[25.968068313598636, 3.0182361602783203]
[26.054050731658933, 3.0176258087158203]
[26.121193695068357, 3.0223655700683594]
[26.207358646392827, 3.0257511138916016]
[26.322515487670906, 3.0301380157470703]
[26.42813158035279, 3.0388927459716797]
[26.54318723678589, 3.048067092895508]
[26.677492237091066, 3.0499267578125]
[26.821356296539314, 3.0542755126953125]
[26.955365657806396, 3.0582809448242188]
[27.108266735076896, 3.0589866638183594]
[27.270847988128665, 3.063344955444336]
[27.423603248596194, 3.0748653411865234]
[27.575939941406254, 3.0811595916748047]
[27.718949699401854, 3.0862808227539062]
[27.86172389984131, 3.0942916870117188]
[27.975678634643558, 3.1020355224609375]
[28.09001665115356, 3.1005287170410156]
[28.21375694274903, 3.1023597717285156]
[28.309114265441906, 3.106222152709961]
[28.423907184600836, 3.1029129028320312]
[28.538604354858407, 3.1041622161865234]
[28.672674083709722, 3.1105899810791016]
[28.778212165832528, 3.1106090545654297]
[28.922008800506575, 3.1114959716796875]
[29.04641056060791, 3.1143760681152344]
[29.17101240158081, 3.118295669555664]
[29.285929203033476, 3.1187057495117188]
[29.41023511886597, 3.1257057189941406]
[29.49624080657958, 3.1395721435546875]
[29.57274408340453, 3.142070770263672]
[29.649124908447263, 3.146066665649414]
[29.706421375274672, 3.154430389404297]
[29.75402593612671, 3.161182403564453]
[29.782945919036877, 3.1715869903564453]
[29.821127414703383, 3.1855297088623047]
[29.84035615921023, 3.196125030517578]
[29.859527111053467, 3.1946659088134766]
[29.88819274902346, 3.196849822998047]
[29.90711650848388, 3.202962875366211]
[29.926249980926528, 3.2023239135742188]
[29.964113330841087, 3.2040786743164062]
[30.001822662353504, 3.209085464477539]
[30.03955965042114, 3.2112503051757812]
[30.07716569900512, 3.2100963592529297]
[30.123924064636242, 3.216428756713867]
[30.15149745941163, 3.2208824157714844]
[30.179295635223383, 3.220977783203125]
[30.20668306350707, 3.2232189178466797]
[30.21538114547728, 3.2271289825439453]
[30.224011230468747, 3.2244491577148438]
[30.242475891113273, 3.222684860229492]
[30.251558303833008, 3.2257080078125]
[30.270341587066653, 3.221902847290039]
[30.308780765533456, 3.2155227661132812]
[30.366320133209214, 3.2187747955322266]
[30.433475875854498, 3.2207202911376953]
[30.500937652587893, 3.2223987579345703]
[30.577931308746344, 3.2244873046875]
[30.664218425750718, 3.2280540466308594]
[30.76039075851442, 3.2283687591552734]
[30.856552028655997, 3.2265377044677734]
[30.96168403625488, 3.2306671142578125]
[31.057066917419448, 3.2349681854248047]
[31.16245393753053, 3.2344818115234375]
[31.248024177551287, 3.2402706146240234]
[31.32398204803468, 3.2446670532226562]
[31.409574127197274, 3.248167037963867]
[31.485624313354492, 3.249502182006836]
[31.55201005935669, 3.2559871673583984]
[31.628257751464844, 3.2571029663085938]
[31.70455932617186, 3.258543014526367]
[31.80913648605346, 3.2677078247070312]
[31.885441207885748, 3.2700347900390625]
[31.999899673461897, 3.2723236083984375]
[32.094894218444836, 3.281240463256836]
[32.199467086792, 3.287525177001953]
[32.294430732727065, 3.287019729614258]
[32.38911838531493, 3.2900428771972656]
[32.45518217086793, 3.2947731018066406]
[32.51169681549074, 3.290719985961914]
[32.568226146697995, 3.286294937133789]
[32.596076011657715, 3.2868003845214844]
[32.61465072631836, 3.281707763671875]
[32.62400541305543, 3.2818126678466797]
[32.61445465087888, 3.288431167602539]
[32.61446495056151, 3.291196823120117]
[32.61510267257691, 3.290081024169922]
[32.63469924926757, 3.2915115356445312]
[32.63530225753783, 3.2947921752929688]
[32.645547199249265, 3.292217254638672]
[32.66567296981813, 3.2905197143554688]
[32.6855562210083, 3.291797637939453]
[32.73444986343384, 3.290071487426758]
[32.77325239181519, 3.281393051147461]
[32.81210279464722, 3.277873992919922]
[32.86055889129639, 3.276205062866211]
[32.909047031402594, 3.2711410522460938]
[32.96684856414795, 3.2688331604003906]
[33.005468654632566, 3.2716751098632812]
[33.04425601959228, 3.2668590545654297]
[33.083011436462414, 3.266630172729492]
[33.13139390945436, 3.2739734649658203]
[33.189246940612804, 3.277606964111328]
[33.25674943923951, 3.2784271240234375]
[33.32408828735352, 3.2880592346191406]
[33.39153432846071, 3.2965087890625]
[33.48759908676149, 3.2982730865478516]
[33.583493995666515, 3.302488327026367]
[33.65993337631227, 3.3075428009033203]
[33.755287075042716, 3.306598663330078]
[33.83165588378907, 3.3091354370117188]
[33.89800167083742, 3.3124923706054688]
[33.95472860336305, 3.3129501342773438]
[33.97302713394164, 3.309764862060547]
[34.00068807601929, 3.3118534088134766]
[33.99967336654663, 3.3119678497314453]
[33.998835468292214, 3.3095836639404297]
[33.99781417846678, 3.310070037841797]
[33.96843872070312, 3.314533233642578]
[33.95838794708253, 3.309907913208008]
[33.95808868408203, 3.305816650390625]
[33.957624340057365, 3.306417465209961]
[33.976590824127186, 3.3005237579345703]
[33.98631114959717, 3.296976089477539]
[34.01511526107788, 3.3013439178466797]
[34.05373420715331, 3.30352783203125]
[34.09226598739623, 3.3004093170166016]
[34.15008335113525, 3.3005523681640625]
[34.18882255554199, 3.3045387268066406]
[34.24684228897095, 3.3008193969726562]
[34.29530572891235, 3.300037384033203]
[34.32470178604126, 3.3036231994628906]
[34.32542181015016, 3.3048534393310547]
[34.36477117538452, 3.3041000366210938]
[34.385006046295175, 3.309755325317383]
[34.395821952819816, 3.3149337768554688]
[34.425832843780526, 3.315296173095703]
[34.43671379089356, 3.319387435913086]
[34.48563642501831, 3.3234405517578125]
[34.515265083313, 3.3226680755615234]
[34.56384029388427, 3.3226490020751953]
[34.59299755096437, 3.3276939392089844]
[34.63153715133669, 3.3270263671875]
[34.669873523712155, 3.3229923248291016]
[34.67932100296021, 3.3247756958007812]
[34.707629585266105, 3.325061798095703]
[34.71674442291261, 3.3210372924804688]
[34.71612863540649, 3.322114944458008]
[34.725129127502456, 3.325357437133789]
[34.72476291656493, 3.3234405517578125]
[34.734106349945066, 3.3231639862060547]
[34.743477535247806, 3.327360153198242]
[34.762745285034185, 3.324728012084961]
[34.801291275024425, 3.324728012084961]
[34.849332714080816, 3.3292198181152344]
[34.91624870300292, 3.3332157135009766]
[34.97372961044313, 3.3330345153808594]
[35.05008544921874, 3.3339977264404297]
[35.12635564804077, 3.337574005126953]
[35.202378940582264, 3.336629867553711]
[35.26906538009645, 3.336668014526367]
[35.34477186203003, 3.3400630950927734]
[35.411339092254636, 3.341550827026367]
[35.46817197799683, 3.3402156829833984]
[35.52509622573854, 3.343801498413086]
[35.55343294143677, 3.345022201538086]
[35.591387367248544, 3.3504676818847656]
[35.64837980270386, 3.354463577270508]
[35.69610757827758, 3.3614349365234375]
[35.743659019470215, 3.363800048828125]
[35.80053758621216, 3.3676719665527344]
[35.84772958755492, 3.3725357055664062]
[35.91398420333863, 3.3732032775878906]
[35.96092176437378, 3.3734607696533203]
[36.00762462615967, 3.3768653869628906]
[36.05408401489258, 3.377103805541992]
[36.10085792541504, 3.3748722076416016]
[36.15700426101685, 3.3751964569091797]
[36.18481340408327, 3.376026153564453]
[36.212799167633065, 3.370809555053711]
[36.25086460113525, 3.366851806640625]
[36.260219669342035, 3.370218276977539]
[36.27945280075075, 3.3681106567382812]
[36.28942909240722, 3.3600997924804688]
[36.30910425186157, 3.362417221069336]
[36.30971508026123, 3.3635902404785156]
[36.30074844360351, 3.361654281616211]
[36.301358127594, 3.3600711822509766]
[36.28253479003905, 3.3531665802001953]
[36.27358512878419, 3.3439254760742188]
[36.27386865615844, 3.3341312408447266]
[36.26472215652467, 3.3315277099609375]
[36.246098804473874, 3.3253097534179688]
[36.26583986282348, 3.321104049682617]
[36.26642818450928, 3.3251285552978516]
[36.267163753509536, 3.3284664154052734]
[36.26812124252319, 3.3292102813720703]
[36.288013839721685, 3.3348751068115234]
[36.26963310241699, 3.340139389038086]
[36.28006324768066, 3.3410167694091797]
[36.29976873397828, 3.342914581298828]
[36.30012607574463, 3.3495616912841797]
[36.30042476654053, 3.3519458770751953]
[36.310148525238034, 3.3507537841796875]
[36.30972309112549, 3.3514881134033203]
[36.30941734313966, 3.3495521545410156]
[36.31842565536499, 3.3474254608154297]
[36.31752452850341, 3.3472251892089844]
[36.30699186325073, 3.3492660522460938]
[36.287206745147714, 3.3487987518310547]
[36.27685794830323, 3.347616195678711]
[36.25686931610106, 3.350048065185547]
[36.227646064758304, 3.347635269165039]
[36.208435153961176, 3.3469104766845703]
[36.18896722793579, 3.3522701263427734]
[36.18898620605468, 3.3587646484375]
[36.16990299224854, 3.360261917114258]
[36.189159965515145, 3.3651256561279297]
[36.19873304367067, 3.3697128295898438]
[36.22727403640748, 3.369617462158203]
[36.246008777618414, 3.3708953857421875]
[36.26504173278808, 3.3750247955322266]
[36.28386287689209, 3.3743667602539062]
[36.28360919952392, 3.372058868408203]
[36.27367429733276, 3.374300003051758]
[36.24476633071902, 3.372621536254883]
[36.235210990905756, 3.370828628540039]
[36.2157543182373, 3.3729934692382812]
[36.19652109146118, 3.375377655029297]
[36.19658365249633, 3.3730411529541016]
[36.17747707366945, 3.3730697631835938]
[36.18710231781006, 3.375377655029297]
[36.18710441589356, 3.371400833129883]
[36.19681634902955, 3.368520736694336]
[36.20610790252688, 3.3693504333496094]
[36.20589122772216, 3.368854522705078]
[36.23458099365236, 3.3687400817871094]
[36.24403266906738, 3.367929458618164]
[36.24390048980713, 3.365621566772461]
[36.253521633148196, 3.3611011505126953]
[36.24422874450683, 3.3570480346679688]
[36.26364011764525, 3.359527587890625]
[36.2547061920166, 3.35968017578125]
[36.265225410461426, 3.3588218688964844]
[36.27538566589355, 3.3642959594726562]
[36.276357460021984, 3.366861343383789]
[36.315484905242926, 3.3664417266845703]
[36.35452632904054, 3.370361328125]
[36.38363924026491, 3.374643325805664]
[36.422251033782956, 3.375091552734375]
[36.46067066192626, 3.373842239379883]
[36.48927392959595, 3.3771419525146484]
[36.508455276489244, 3.376169204711914]
[36.527558898925776, 3.375530242919922]
[36.54628858566285, 3.378915786743164]
[36.54597463607787, 3.377542495727539]
[36.55533752441406, 3.3737564086914062]
[36.54534292221069, 3.3751773834228516]
[36.497093296051034, 3.377237319946289]
[36.45867528915406, 3.3756160736083984]
[36.42005081176757, 3.3763504028320312]
[36.3720266342163, 3.3799266815185547]
[36.323976898193365, 3.3788108825683594]
[36.29494018554688, 3.376617431640625]
[36.256202030181896, 3.3789825439453125]
[36.207998752593994, 3.378896713256836]
[36.15026693344116, 3.375272750854492]
[36.09226369857788, 3.376893997192383]
[36.02473382949829, 3.377656936645508]
[35.957312488555914, 3.3743667602539062]
[35.8803617477417, 3.3733463287353516]
[35.78423137664795, 3.376445770263672]
[35.707356357574454, 3.375997543334961]
[35.61130933761598, 3.3755970001220703]
[35.52468843460082, 3.380279541015625]
[35.42852668762208, 3.381166458129883]
[35.3418225288391, 3.3804798126220703]
[35.245460605621346, 3.384084701538086]
[35.120174312591544, 3.387117385864258]
[34.995104503631595, 3.3840465545654297]
[34.86976499557494, 3.3812999725341797]
[34.74456110000611, 3.380918502807617]
[34.60036849975586, 3.3736515045166016]
[34.48497915267946, 3.364400863647461]
[34.36013050079346, 3.363161087036133]
[34.235584640502935, 3.356151580810547]
[34.130422306060794, 3.3476734161376953]
[34.02533750534057, 3.344755172729492]
[33.901446723937994, 3.3392810821533203]
[33.7874038696289, 3.3348941802978516]
[33.68296499252321, 3.335084915161133]
[33.57853860855103, 3.341197967529297]
[33.483952999115004, 3.3436012268066406]
[33.39894399642944, 3.3469772338867188]
[33.3138695716858, 3.3580589294433594]
[33.24772243499757, 3.3623695373535156]
[33.16266078948976, 3.3620643615722656]
[33.086581516265866, 3.3655834197998047]
[32.99114980697634, 3.3665084838867188]
[32.89577579498291, 3.36212158203125]
[32.80976285934449, 3.357686996459961]
[32.68546829223634, 3.3562564849853516]
[32.56134061813354, 3.3454132080078125]
[32.44639587402344, 3.3317947387695312]
[32.31237974166871, 3.3255958557128906]
[32.169011020660406, 3.3170700073242188]
[32.03527212142944, 3.3042430877685547]
[31.91096992492676, 3.3086395263671875]
[31.78691473007204, 3.3060741424560547]
[31.663027095794675, 3.3026981353759766]
[31.56747941970825, 3.2995986938476562]
[31.452976512908947, 3.2953929901123047]
[31.357588863372797, 3.2837677001953125]
[31.281041240692133, 3.2721519470214844]
[31.214081859588617, 3.2701683044433594]
[31.14717235565186, 3.2668685913085938]
[31.07072696685789, 3.2621002197265625]
[30.994023513793934, 3.260517120361328]
[30.927046203613287, 3.260068893432617]
[30.831328582763675, 3.253946304321289]
[30.754891395568848, 3.253164291381836]
[30.64981079101564, 3.2558822631835938]
[30.544804763793962, 3.255281448364258]
[30.43996591567992, 3.2547950744628906]
[30.35424728393555, 3.2587051391601562]
[30.249630355834967, 3.263702392578125]
[30.164341926574707, 3.2622528076171875]
[30.088369369506836, 3.2668113708496094]
[30.00292291641236, 3.2705116271972656]
[29.94641447067262, 3.2688331604003906]
[29.8897596359253, 3.2703781127929688]
[29.832930755615237, 3.2755088806152344]
[29.775852584838873, 3.274364471435547]
[29.728282451629653, 3.273153305053711]
[29.670967483520513, 3.2754993438720703]
[29.594318294525152, 3.2738876342773438]
[29.527199077606213, 3.271198272705078]
[29.459903907775868, 3.2697200775146484]
[29.36387796401978, 3.2674407958984375]
[29.267791366577157, 3.260507583618164]
[29.16220407485963, 3.2549190521240234]
[29.037318706512437, 3.2530593872070312]
[28.93195924758912, 3.246612548828125]
[28.81691522598267, 3.238821029663086]
[28.711611366271967, 3.238954544067383]
[28.596965980529788, 3.238697052001953]
[28.491887378692617, 3.237619400024414]
[28.39628076553344, 3.2450199127197266]
[28.291345405578625, 3.250303268432617]
[28.196093368530285, 3.252439498901367]
[28.110039806365982, 3.254365921020508]
[27.9857141494751, 3.2596302032470703]
[27.871056652069086, 3.2595348358154297]
[27.75623712539673, 3.259286880493164]
[27.621960067749022, 3.264636993408203]
[27.487869548797605, 3.2674789428710938]
[27.334694576263423, 3.2677650451660156]
[27.19083890914917, 3.2733917236328125]
[27.04709329605103, 3.2780075073242188]
[26.90309791564942, 3.2783985137939453]
[26.768915843963626, 3.2819271087646484]
[26.624880599975583, 3.288106918334961]
[26.509579753875734, 3.2883358001708984]
[26.384591102600098, 3.2871532440185547]
[26.269046401977533, 3.287668228149414]
[26.163131809234628, 3.2837486267089844]
[26.066579914093012, 3.2790470123291016]
[25.96064653396607, 3.2747936248779297]
[25.84483079910278, 3.27239990234375]
[25.729154014587394, 3.267192840576172]
[25.604155254364017, 3.262338638305664]
[25.488404750823975, 3.2538509368896484]
[25.363401412963867, 3.235769271850586]
[25.238559532165525, 3.2236289978027344]
[25.113696765899668, 3.2151126861572266]
[24.989013576507574, 3.203563690185547]
[24.874085617065433, 3.1915855407714844]
[24.75918788909913, 3.1860923767089844]
[24.653880500793463, 3.1807422637939453]
[24.539421272277828, 3.1704235076904297]
[24.45358657836914, 3.1628990173339844]
[24.358150863647467, 3.1617259979248047]
[24.282114887237555, 3.1534767150878906]
[24.20609445571899, 3.1487369537353516]
[24.1205719947815, 3.141956329345703]
[24.035289859771723, 3.1357574462890625]
[23.959684753417974, 3.129291534423828]
[23.884044456481938, 3.1287765502929688]
[23.79899997711182, 3.1302928924560547]
[23.72368545532227, 3.1294631958007812]
[23.638671112060557, 3.1308650970458984]
[23.553652191162108, 3.134918212890625]
[23.468508243560784, 3.1310558319091797]
[23.373821258544922, 3.129262924194336]
[23.27889928817749, 3.1323909759521484]
[23.16483707427978, 3.1337547302246094]
[23.060341072082522, 3.1330013275146484]
[22.95580635070801, 3.138580322265625]
[22.83184318542481, 3.142223358154297]
[22.717613506317143, 3.1422901153564453]
[22.62243041992187, 3.1459903717041016]
[22.507848262786872, 3.1520748138427734]
[22.42213411331177, 3.1513595581054688]
[22.317200660705566, 3.1529617309570312]
[22.221415519714355, 3.159360885620117]
[22.135074234008798, 3.163013458251953]
[22.039378833770755, 3.1650829315185547]
[21.952781105041502, 3.173513412475586]
[21.847258472442626, 3.180532455444336]
[21.74140539169312, 3.181314468383789]
[21.65436706542969, 3.1834030151367188]
[21.529418659210208, 3.189411163330078]
[21.404135799407968, 3.1887054443359375]
[21.278868579864508, 3.1865596771240234]
[21.124843692779535, 3.187236785888672]
[20.989993476867674, 3.1856822967529297]
[20.84567222595215, 3.1809520721435547]
[20.692023086547856, 3.1817054748535156]
[20.557258129119873, 3.1801509857177734]
[20.432612037658693, 3.1744861602783203]
[20.336681461334237, 3.171720504760742]
[20.221629524230956, 3.1721878051757812]
[20.125925827026364, 3.168764114379883]
[20.059244918823246, 3.162965774536133]
[19.992351627349855, 3.156919479370117]
[19.92570219039917, 3.1497669219970703]
[19.878232383728033, 3.137950897216797]
[19.82115211486817, 3.1270599365234375]
[19.754554271698005, 3.116130828857422]
[19.707219696044923, 3.1046104431152344]
[19.65027179718018, 3.1003856658935547]
[19.574148559570318, 3.095264434814453]
[19.517215633392333, 3.080320358276367]
[19.45080518722535, 3.0718612670898438]
[19.384317493438722, 3.06793212890625]
[19.31788082122803, 3.05419921875]
[19.25169277191162, 3.037538528442383]
[19.175751304626473, 3.0321407318115234]
[19.09987974166871, 3.031139373779297]
[19.03394594192506, 3.028440475463867]
[18.967440891265873, 3.0290985107421875]
[18.9009922027588, 3.031587600708008]
[18.82517700195313, 3.025674819946289]
[18.758655357360844, 3.0217361450195312]
[18.691870403289798, 3.0234432220458984]
[18.615680694580078, 3.0208778381347656]
[18.529989147186278, 3.0157947540283203]
[18.45349988937378, 3.0184459686279297]
[18.377046585083015, 3.0208873748779297]
[18.31017675399781, 3.0189990997314453]
[18.233606719970716, 3.0200672149658203]
[18.157012653350833, 3.0223560333251953]
[18.070929622650148, 3.020172119140625]
[17.994407272338876, 3.0213546752929688]
[17.90822324752807, 3.0260372161865234]
[17.831781196594243, 3.027219772338867]
[17.74586400985718, 3.0264663696289062]
[17.6596661567688, 3.0313491821289062]
[17.57342405319215, 3.033418655395508]
[17.487459087371832, 3.032350540161133]
[17.401282215118414, 3.0336380004882812]
[17.29596061706544, 3.036327362060547]
[17.20976972579956, 3.0301284790039062]
[17.10447702407837, 3.027772903442383]
[16.979892253875732, 3.0329036712646484]
[16.864953517913825, 3.0341148376464844]
[16.74970741271973, 3.031587600708008]
[16.634818935394293, 3.036174774169922]
[16.5006971359253, 3.0371570587158203]
[16.385806941986097, 3.035097122192383]
[16.2612551689148, 3.035402297973633]
[16.14627590179444, 3.0374717712402344]
[16.04074621200563, 3.0338001251220703]
[15.935521793365481, 3.0321216583251953]
[15.820627021789555, 3.032560348510742]
[15.715413379669194, 3.028116226196289]
[15.61010828018189, 3.0179595947265625]
[15.504764080047607, 3.0134963989257812]
[15.380227279663096, 3.008270263671875]
[15.274909114837648, 2.9988861083984375]
[15.150296974182133, 2.9947280883789062]
[15.016044330596927, 2.992582321166992]
[14.872154712677002, 2.984151840209961]
[14.72833089828491, 2.976350784301758]
[14.574759578704843, 2.9741954803466797]
[14.420987987518316, 2.9708003997802734]
[14.277230834960939, 2.9571151733398438]
[14.123534584045416, 2.9533004760742188]
[13.969928455352786, 2.946624755859375]
[13.835809898376468, 2.9400253295898438]
[13.710942459106448, 2.93182373046875]
[13.576862812042236, 2.928752899169922]
[13.461749839782719, 2.9207229614257812]
[13.356558990478518, 2.917776107788086]
[13.251079559326179, 2.901430130004883]
[13.155367946624757, 2.891416549682617]
[13.07881650924682, 2.875089645385742]
[12.982922363281254, 2.867755889892578]
[12.896784877777101, 2.856874465942383]
[12.820229625701913, 2.840147018432617]
[12.743498325347907, 2.82440185546875]
[12.64763431549072, 2.812528610229492]
[12.55185136795044, 2.7967071533203125]
[12.456089687347415, 2.78533935546875]
[12.350690364837646, 2.7861499786376953]
[12.245447635650642, 2.7754783630371094]
[12.149709796905519, 2.7657222747802734]
[12.044439888000497, 2.763700485229492]
[11.948674583435064, 2.7602100372314453]
[11.85307693481446, 2.7534103393554688]
[11.7765796661377, 2.7585697174072266]
[11.681075000762952, 2.758016586303711]
[11.604621696472165, 2.752361297607422]
[11.509110641479488, 2.7480411529541016]
[11.442238998413089, 2.7446842193603516]
[11.36582641601563, 2.742776870727539]
[11.279866886138919, 2.728252410888672]
[11.203454303741452, 2.7188777923583984]
[11.117469310760498, 2.7197933197021484]
[11.021673393249522, 2.7127742767333984]
[10.945258522033697, 2.7101898193359375]
[10.83992052078247, 2.7060985565185547]
[10.763346004486088, 2.7044010162353516]
[10.677054882049568, 2.701749801635742]
[10.581299686431883, 2.7061939239501953]
[10.495033645629888, 2.709779739379883]
[10.408938407897956, 2.7086925506591797]
[10.332241058349616, 2.714071273803711]
[10.245896625518803, 2.71728515625]
[10.178974628448493, 2.7161026000976562]
[10.131014442443842, 2.717447280883789]
[10.073663806915285, 2.721395492553711]
[10.035489749908457, 2.7159976959228516]
[10.006753253936772, 2.706890106201172]
[9.977964401245124, 2.702922821044922]
[9.949310207366942, 2.695484161376953]
[9.920363712310802, 2.67425537109375]
[9.891608810424806, 2.6642990112304688]
[9.8436243057251, 2.655611038208008]
[9.805450630187998, 2.6461219787597656]
[9.776714992523196, 2.6295089721679688]
[9.72866334915161, 2.631855010986328]
[9.68087568283081, 2.625112533569336]
[9.65194120407105, 2.6178550720214844]
[9.585019111633308, 2.6138877868652344]
[9.527501869201657, 2.6123046875]
[9.479860591888432, 2.612924575805664]
[9.432056713104252, 2.618379592895508]
[9.37484683990479, 2.620573043823242]
[9.346421623229993, 2.6140308380126953]
[9.317846965789798, 2.6126766204833984]
[9.27026462554931, 2.6141834259033203]
[9.251455879211427, 2.6015281677246094]
[9.24217815399171, 2.5908660888671875]
[9.213678359985352, 2.587261199951172]
[9.19483213424683, 2.5773048400878906]
[9.157064437866211, 2.570047378540039]
[9.128687286376952, 2.5714588165283203]
[9.100224304199223, 2.5731468200683594]
[9.05275669097901, 2.5710296630859375]
[9.0245608329773, 2.5696468353271484]
[8.976972293853763, 2.5632381439208984]
[8.939096546173097, 2.560577392578125]
[8.89152278900147, 2.5519943237304688]
[8.843910694122314, 2.5461864471435547]
[8.777271842956544, 2.525148391723633]
[8.739409542083749, 2.505645751953125]
[8.672657585144051, 2.5022125244140625]
[8.615768909454353, 2.4977588653564453]
[8.54922895431519, 2.479410171508789]
[8.482701778411865, 2.4771595001220703]
[8.425567531585692, 2.4818038940429688]
[8.358819580078126, 2.473115921020508]
[8.30177049636842, 2.473316192626953]
[8.244729995727539, 2.4767112731933594]
[8.197131633758552, 2.4765586853027344]
[8.140274429321288, 2.478199005126953]
[8.083304977416994, 2.486419677734375]
[8.035787200927736, 2.5067996978759766]
[7.969081497192384, 2.503499984741211]
[7.921561622619635, 2.5066184997558594]
[7.8741328239440875, 2.517862319946289]
[7.826717948913583, 2.5147247314453125]
[7.779177379608157, 2.5181961059570312]
[7.722001934051519, 2.5287246704101562]
[7.674311351776126, 2.526702880859375]
[7.62683181762695, 2.5241565704345703]
[7.578947162628182, 2.526874542236328]
[7.540693092346196, 2.5270843505859375]
[7.473829460144039, 2.522449493408203]
[7.4352804183959975, 2.5242996215820312]
[7.387255382537845, 2.524232864379883]
[7.329699039459236, 2.511882781982422]
[7.291031932830812, 2.5093555450439453]
[7.223606014251722, 2.5121688842773438]
[7.175320911407468, 2.506551742553711]
[7.108099365234381, 2.500934600830078]
[7.050266361236574, 2.504549026489258]
[6.992472076416021, 2.5033950805664062]
[6.934751224517825, 2.500123977661133]
[6.886498641967776, 2.501554489135742]
[6.819208621978767, 2.503032684326172]
[6.761563014984134, 2.495145797729492]
[6.7137697219848675, 2.490997314453125]
[6.646725845336917, 2.493133544921875]
[6.579798507690434, 2.480640411376953]
[6.541664695739755, 2.4678611755371094]
[6.484267044067387, 2.4646949768066406]
[6.436656761169445, 2.4515819549560547]
[6.3794404029846135, 2.440347671508789]
[6.341462516784674, 2.439279556274414]
[6.274790954589847, 2.438230514526367]
[6.237004280090332, 2.4259471893310547]
[6.19913463592529, 2.4294281005859375]
[6.1612206459045495, 2.431812286376953]
[6.123365783691412, 2.4300479888916016]
[6.076022243499764, 2.4268627166748047]
[6.038187313079838, 2.428579330444336]
[6.000249481201173, 2.4326705932617188]
[5.9622532844543485, 2.4291038513183594]
[5.924465942382817, 2.4330615997314453]
[5.886417865753174, 2.4359798431396484]
[5.857880210876466, 2.435274124145508]
[5.829486656188969, 2.437276840209961]
[5.781900882720947, 2.4410629272460938]
[5.734348297119148, 2.4351882934570312]
[5.69629440307618, 2.434844970703125]
[5.648549842834477, 2.437753677368164]
[5.591303825378425, 2.440309524536133]
[5.562746238708506, 2.4390792846679688]
[5.5247460365295495, 2.4437332153320312]
[5.458005332946783, 2.4475955963134766]
[5.429404735565193, 2.4502944946289062]
[5.391145038604741, 2.453126907348633]
[5.343410968780525, 2.4642276763916016]
[5.295541858673104, 2.466154098510742]
[5.267076206207278, 2.4712181091308594]
[5.238308811187743, 2.4762344360351562]
[5.190597534179695, 2.4810218811035156]
[5.152537441253671, 2.478485107421875]
[5.133353805541994, 2.483987808227539]
[5.085421371459972, 2.4926376342773438]
[5.047263908386228, 2.491140365600586]
[5.018614864349367, 2.4921703338623047]
[4.989660644531263, 2.496633529663086]
[4.960972404479975, 2.4947452545166016]
[4.913128566741946, 2.4930667877197266]
[4.874651336669928, 2.4956893920898438]
[4.8363470077514705, 2.4980735778808594]
[4.79811964035035, 2.503938674926758]
[4.75980882644653, 2.506723403930664]
[4.702404022216804, 2.5070953369140625]
[4.654653263092044, 2.5034427642822266]
[4.625826644897465, 2.4965667724609375]
[4.559173774719241, 2.5024890899658203]
[4.52099351882935, 2.4933433532714844]
[4.492506980895996, 2.483987808227539]
[4.4544643402099595, 2.485990524291992]
[4.416568946838389, 2.483358383178711]
[4.378566169738768, 2.4743175506591797]
[4.350097179412856, 2.4731922149658203]
[4.3214730262756404, 2.461109161376953]
[4.293041324615487, 2.4378108978271484]
[4.274066734313969, 2.424306869506836]
[4.2356816291809025, 2.4080467224121094]
[4.207415199279794, 2.3928260803222656]
[4.178810214996346, 2.3711204528808594]
[4.140531349182133, 2.3467350006103516]
[4.112027454376232, 2.322053909301758]
[4.064166736602786, 2.2812461853027344]
[4.016245746612547, 2.271280288696289]
[3.9779463768005527, 2.2614192962646484]
[3.949284648895265, 2.2543907165527344]
[3.920797348022461, 2.251272201538086]
[3.882511806488047, 2.245054244995117]
[3.8539628982543945, 2.2326087951660156]
[3.8254406929016085, 2.222614288330078]
[3.7967955589294533, 2.2213363647460938]
[3.7586679458618164, 2.211284637451172]
[3.730275821685794, 2.2038745880126953]
[3.711331653594982, 2.2063827514648438]
[3.6827633857727093, 2.200193405151367]
[3.6543911933898983, 2.190380096435547]
[3.6259934425354032, 2.175416946411133]
[3.607052803039558, 2.1712303161621094]
[3.5787337303161664, 2.158041000366211]
[3.5601021766662626, 2.1500587463378906]
[3.521919155120848, 2.150897979736328]
[3.4839904785156364, 2.1480274200439453]
[3.4557556152343807, 2.1361541748046875]
[3.4178216934204073, 2.136211395263672]
[3.379859542846681, 2.1373367309570312]
[3.332378673553464, 2.1340179443359375]
[3.303945827484128, 2.1380615234375]
[3.256394290924071, 2.1364784240722656]
[3.218500328063975, 2.1331024169921875]
[3.18997936248779, 2.124919891357422]
[3.1520817756652875, 2.133512496948242]
[3.1237214088439984, 2.137584686279297]
[3.0953349113464483, 2.1335411071777344]
[3.0574490547180133, 2.138814926147461]
[3.028855419158937, 2.1413135528564453]
[3.0098060607910213, 2.128610610961914]
[2.9909260749816937, 2.1236801147460938]
[2.9528354644775447, 2.120189666748047]
[2.9336929321289062, 2.114553451538086]
[2.904918575286864, 2.1039581298828125]
[2.8764010429382267, 2.102489471435547]
[2.8668485641479435, 2.0964908599853516]
[2.8381222724914537, 2.0853233337402344]
[2.7999707221984877, 2.085123062133789]
[2.7806645393371596, 2.0848560333251953]
[2.742651844024657, 2.0782947540283203]
[2.723421859741215, 2.0776939392089844]
[2.6946731567382898, 2.078857421875]
[2.675550842285162, 2.066621780395508]
[2.656496047973633, 2.0679664611816406]
[2.627971649169929, 2.075176239013672]
[2.589637184143072, 2.0652008056640625]
[2.5802953720092887, 2.0429611206054688]
[2.551531791687019, 2.0482349395751953]
[2.532668113708503, 2.0526695251464844]
[2.5040594100952163, 2.045125961303711]
[2.4850256919860882, 2.0493698120117188]
[2.466085720062253, 2.0435523986816406]
[2.4469757080078125, 2.025623321533203]
[2.428161144256606, 2.0224666595458984]
[2.399622344970709, 2.013072967529297]
[2.3708384513855094, 1.9994449615478516]
[2.3517910957336525, 1.98638916015625]
[2.332796096801765, 1.986227035522461]
[2.3040875434875616, 1.9867134094238281]
[2.285043144226073, 1.9764328002929688]
[2.2657579421997127, 1.972198486328125]
[2.227590274810794, 1.9696807861328125]
[2.2085482597351103, 1.9606494903564453]
[2.198869132995611, 1.9495296478271484]
[2.1891492843627987, 1.9548416137695312]
[2.1701388359069895, 1.9549846649169922]
[2.1605791091919, 1.9405460357666016]
[2.1605524063110337, 1.9477081298828125]
[2.151160717010498, 1.9465923309326172]
[2.151064109802249, 1.9382190704345703]
[2.1702380180358887, 1.9308948516845703]
[2.1510530471801843, 1.9254684448242188]
[2.1510422706603975, 1.913003921508789]
[2.1510255813598604, 1.9055557250976562]
[2.1413276672363395, 1.9033241271972656]
[2.122149562835702, 1.9027137756347656]
[2.1126065254211497, 1.9004154205322266]
[2.0934287071228113, 1.8944549560546875]
[2.0934926033020105, 1.8890762329101562]
[2.074098873138439, 1.8820667266845703]
[2.0550380706787124, 1.8788814544677734]
[2.035845851898202, 1.8749618530273438]
[2.016660499572758, 1.868295669555664]
[2.0069542884826674, 1.862335205078125]
[1.9971222877502441, 1.867074966430664]
[1.9779976844787654, 1.8729496002197266]
[1.968397617340088, 1.8680667877197266]
[1.9491471290588365, 1.8644142150878906]
[1.9109723091125517, 1.863088607788086]
[1.891780090332034, 1.8548297882080078]
[1.872598361969004, 1.854696273803711]
[1.8535981178283691, 1.8486499786376953]
[1.8344777107238812, 1.8366336822509766]
[1.8155230522155748, 1.7814350128173828]
[1.7961795806884808, 1.7628192901611328]
[1.7867148399353, 1.7159080505371094]
[1.7675996780395522, 1.6507244110107422]
[1.7578322410583525, 1.6396808624267578]
[1.728998851776126, 1.6292381286621094]
[1.7100534439086985, 1.6108131408691406]
[1.700359630584721, 1.6179561614990234]
[1.6717122077941866, 1.6105937957763672]
[1.6526437759399428, 1.5916061401367188]
[1.6145855903625588, 1.5724754333496094]
[1.5952508926391644, 1.5732669830322266]
[1.566483402252203, 1.5710735321044922]
[1.5569654464721694, 1.5645408630371094]
[1.5284921646118192, 1.572113037109375]
[1.4997696876525808, 1.5469741821289062]
[1.4904047012329116, 1.5195274353027344]
[1.4617174148559542, 1.4758014678955078]
[1.4424405097961426, 1.4393901824951172]
[1.433102703094491, 1.4080524444580078]
[1.4235090255737362, 1.3892269134521484]
[1.4329816818237333, 1.3884735107421875]
[1.413750362396243, 1.3908576965332031]
[1.4140166282653794, 1.3273048400878906]
[1.404254341125494, 1.3030624389648438]
[1.385023403167736, 1.2750816345214844]
[1.3756049156188936, 1.247701644897461]
[1.3850608825683608, 1.224222183227539]
[1.3658390998840275, 1.2204360961914062]
[1.3660905838012596, 1.1837100982666016]
[1.3563283920288143, 1.112070083618164]
[1.3370543479919519, 1.0797309875488281]
[1.33701686859132, 1.0532093048095703]
[1.3272559165954618, 1.005706787109375]
[1.3175787925720286, 0.9876441955566406]
[1.2983638763427763, 1.005849838256836]
[1.2982653617858944, 0.9653854370117188]
[1.2885379791259837, 0.9371757507324219]
[1.2694104194641227, 0.92132568359375]
[1.250225448608397, 0.8948516845703125]
[1.2311738014221234, 0.8985519409179688]
[1.2118299484252972, 0.91094970703125]
[1.202293777465819, 0.9204006195068359]
[1.173701095581059, 0.9182548522949219]
[1.1640993118286218, 0.9220409393310547]
[1.1546384811401325, 0.9254264831542969]
[1.1450966835021958, 0.9233188629150391]
[1.1451102256774846, 0.9302139282226562]
[1.1261370658874554, 0.9367942810058594]
[1.126399230957034, 0.9308052062988281]
[1.1359585762024054, 0.9151649475097656]
[1.145685958862309, 0.8954143524169922]
[1.1551722526550279, 0.8086967468261719]
[1.15565118789673, 0.6848049163818359]
[1.155726528167726, 0.6053638458251953]
[1.1558618545532227, 0.5923557281494141]
[1.1559084892272935, 0.5863761901855469]
[1.1461986541748033, 0.5871105194091797]
[1.1367103576660185, 0.5910396575927734]
[1.1179612159729047, 0.5834102630615234]
[1.108367538452157, 0.5727577209472656]
[1.1082278251648034, 0.5697727203369141]
[1.0894104957580595, 0.5593395233154297]
[1.0893310546874986, 0.5497264862060547]
[1.0796943664550795, 0.5536079406738281]
[1.0798213005065946, 0.5570411682128906]
[1.0605401039123592, 0.5375385284423828]
[1.0702476501464844, 0.5309963226318359]
[1.0604383468627958, 0.5291461944580078]
[1.0605717658996667, 0.5230522155761719]
[1.060518264770515, 0.5088901519775391]
[1.0700222015380874, 0.5132389068603516]
[1.0602081298828168, 0.5014801025390625]
[1.0605058670044016, 0.4833030700683594]
[1.0602974891662598, 0.4539203643798828]
[1.0602563858032212, 0.4385089874267578]
[1.050891399383545, 0.39908409118652344]
[1.0602292060852108, 0.3908061981201172]
[1.0507931709289622, 0.3884601593017578]
[1.0412050247192397, 0.3661823272705078]
[1.022390556335452, 0.36090850830078125]
[1.012573242187507, 0.3544044494628906]
[1.012617683410646, 0.34363746643066406]
[0.9840876579284767, 0.32866477966308594]
[0.9839272499084473, 0.3213691711425781]
[0.9647724151611428, 0.30823707580566406]
[0.9551958084106502, 0.2881145477294922]
[0.9458589553833079, 0.2796363830566406]
[0.9266085624694895, 0.27100563049316406]
[0.8978075027465877, 0.2294158935546875]
[0.9075531005859432, 0.1628875732421875]
[0.8882598876953196, 0.12079238891601562]
[0.8789229393005371, 0.09940147399902344]
[0.869459819793704, 0.08917808532714844]
[0.8601391792297406, 0.08906364440917969]
[0.8410077095031809, 0.09156227111816406]
[0.8314447402954244, 0.08481025695800781]
[0.8124469757080135, 0.09222030639648438]
[0.8027973175048899, 0.09731292724609375]
[0.7933681488037152, 0.09084701538085938]
[0.7744414329528908, 0.0887298583984375]
[0.7648556709289593, 0.09856224060058594]
[0.7457780838012695, 0.09711265563964844]
[0.7362267494201689, 0.0876617431640625]
[0.7266139030456529, 0.09657859802246094]
[0.7076290130615348, 0.09801864624023438]
[0.6980497360229521, 0.08953094482421875]
[0.6885292053222685, 0.09392738342285156]
[0.6788364410400476, 0.10456085205078125]
[0.6693442344665499, 0.09594917297363281]
[0.6694668769836483, 0.09283065795898438]
[0.6599130630493235, 0.09961128234863281]
[0.6503350257873493, 0.09436607360839844]
[0.6408184051513715, 0.08633613586425781]
[0.6312338829040556, 0.09577751159667969]
[0.6217528343200627, 0.09938240051269531]
[0.6025949478149499, 0.09234428405761719]
[0.5933102607727037, 0.09659767150878906]
[0.5645998954773006, 0.10413169860839844]
[0.5453873634338464, 0.09290695190429688]
[0.5260918617248578, 0.08557319641113281]
[0.49732713699340536, 0.09757041931152344]
[0.4876800537109318, 0.0921630859375]
[0.4590059280395451, 0.08730888366699219]
[0.44937915802001527, 0.09631156921386719]
[0.42061853408813477, 0.09363174438476562]
[0.4110635757446346, 0.08722305297851562]
[0.4014161109924288, 0.09357452392578125]
[0.3822566986083942, 0.10169029235839844]
[0.3631037712097225, 0.09401321411132812]
[0.36323318481445455, 0.09105682373046875]
[0.34406986236572124, 0.09766578674316406]
[0.3438970565795927, 0.09180068969726562]
[0.32472925186157653, 0.08638381958007812]
[0.3246099472045927, 0.09358406066894531]
[0.31490936279297443, 0.09215354919433594]
[0.30535516738892454, 0.0855255126953125]
[0.3148430824279913, 0.08944511413574219]
[0.2765756607055678, 0.09858131408691406]
[0.2670334815979061, 0.09161949157714844]
[0.2573970794677862, 0.09012222290039062]
[0.24775781631470295, 0.09630203247070312]
[0.23809995651245686, 0.08982658386230469]
[0.2285461425781321, 0.08133888244628906]
[0.20933351516724485, 0.08947372436523438]
[0.19983768463134766, 0.08931159973144531]
[0.19987764358521076, 0.08124351501464844]
[0.18066911697388122, 0.08671760559082031]
[0.16160593032837056, 0.09449005126953125]
[0.16154689788818644, 0.08835792541503906]
[0.1520346641540513, 0.08572578430175781]
[0.1518925666809139, 0.09464263916015625]
[0.14234600067138814, 0.08788108825683594]
[0.14239950180053995, 0.08164405822753906]
[0.15203752517700764, 0.08975028991699219]
[0.14223184585571857, 0.09243965148925781]
[0.14231128692627237, 0.08321762084960938]
[0.14237432479859535, 0.08927345275878906]
[0.1423316001892161, 0.09659767150878906]
[0.15185222625733275, 0.08749008178710938]
[0.15177879333496236, 0.0843048095703125]
[0.14212913513184589, 0.09209632873535156]
[0.14224691390991495, 0.08571624755859375]
[0.13284969329834695, 0.07853507995605469]
[0.13284969329834695, 0.08507728576660156]
[0.10402870178223367, 0.0864410400390625]
[0.11354732513428445, 0.07996559143066406]
[0.10410737991333718, 0.08550643920898438]
[0.09440021514892294, 0.09234428405761719]
[0.10407543182373757, 0.08480072021484375]
[0.09444065093993714, 0.08363723754882812]
[0.11352615356445028, 0.09270668029785156]
[0.122971343994152, 0.08551597595214844]
[0.1231437683105483, 0.08020401000976562]
[0.1327693939209027, 0.08803367614746094]
[0.14212903976440572, 0.08912086486816406]
[0.1520126342773409, 0.0826263427734375]
[0.16136322021485228, 0.08990287780761719]
[0.170994377136239, 0.09645462036132812]
[0.16132478713989684, 0.08945465087890625]
[0.18043594360351278, 0.0882720947265625]
[0.1804092407226605, 0.09732246398925781]
[0.1709141731262207, 0.09020805358886719]
[0.18049278259278623, 0.08322715759277344]
[0.17072658538818786, 0.09121894836425781]
[0.16119680404663228, 0.09166717529296875]
[0.17078456878662251, 0.08337974548339844]
[0.16132297515868999, 0.08999824523925781]
[0.16110935211181499, 0.0966644287109375]
[0.15161504745483967, 0.08896827697753906]
[0.15154561996460103, 0.08741378784179688]
[0.14190759658813334, 0.09614944458007812]
[0.1323143005371108, 0.08981704711914062]
[0.1322607994079661, 0.08357048034667969]
