[0.0, 0.16839981079101562]
[-0.0001334190368638133, 0.16008377075195312]
[-0.00967521667480753, 0.1692676544189453]
[-0.019139957427974252, 0.17271041870117188]
[-0.018943977355959873, 0.1653289794921875]
[-0.01897468566894389, 0.16884803771972656]
[-0.019231796264648438, 0.1776885986328125]
[-0.019023418426513672, 0.16860008239746094]
[0.00026187896728657734, 0.1647186279296875]
[-0.009082412719735089, 0.1732349395751953]
[-0.009369850158698512, 0.16864776611328125]
[0.00014801025390198674, 0.16019821166992188]
[-3.757476807209059e-05, 0.1694965362548828]
[-0.009814453125002842, 0.17261505126953125]
[-0.019212055206295986, 0.16504287719726562]
[-0.019195747375491123, 0.16902923583984375]
[-0.03846216201782937, 0.17740249633789062]
[-0.04794521331786683, 0.16837120056152344]
[-0.057614326477043676, 0.164794921875]
[-0.06712541580200337, 0.17305374145507812]
[-0.06708106994628338, 0.16715049743652344]
[-0.07650547027587606, 0.1587200164794922]
[-0.07663564682007262, 0.1672840118408203]
[-0.07673616409302042, 0.17122268676757812]
[-0.06709451675414613, 0.1642608642578125]
[-0.057339096069334516, 0.16885757446289062]
[-0.04792423248290589, 0.1770305633544922]
[-0.05734987258911417, 0.16809463500976562]
[-0.04791545867919922, 0.16498565673828125]
[-0.03848104476928427, 0.17317771911621094]
[-0.038447475433343925, 0.1677227020263672]
[-0.02905740737914897, 0.1598358154296875]
[-0.019291591644282846, 0.1686382293701172]
[-0.010010147094725141, 0.1714611053466797]
[-0.009930610656731176, 0.16378402709960938]
[-0.0005657196044879242, 0.16862869262695312]
[-0.000442695617671518, 0.17671585083007812]
[-0.0001448631286606883, 0.1675891876220703]
[-0.009716606140131034, 0.1649951934814453]
[-0.0002502441406164735, 0.17404556274414062]
[-0.009622001647947798, 0.1681995391845703]
[-0.00958366394043253, 0.16008377075195312]
[-0.009574127197275573, 0.16902923583984375]
[-0.019257164001466265, 0.17095565795898438]
[-0.019217300415043326, 0.16294479370117188]
[-0.019210147857663173, 0.16780853271484375]
[-0.028726005554197798, 0.1760578155517578]
[-0.028590679168694066, 0.1673126220703125]
[-0.028383827209466972, 0.1645374298095703]
[-0.03807458877563619, 0.1733875274658203]
[-0.02888965606689453, 0.16737937927246094]
[-0.01917304992675639, 0.15932083129882812]
[-0.00015926361083984375, 0.1681995391845703]
[-0.0097310066223244, 0.17075538635253906]
[0.009393310546869316, 0.1620197296142578]
[0.009122180938717861, 0.1683807373046875]
[0.00937442779541442, 0.17647743225097656]
[0.009165668487554512, 0.16739845275878906]
[0.01908588409423828, 0.1645946502685547]
[0.018964099884037466, 0.17316818237304688]
[0.018846702575686436, 0.16534805297851562]
[0.018769645690916548, 0.15783309936523438]
[0.009368801116949044, 0.16626358032226562]
[0.00937442779541442, 0.1674938201904297]
[-0.00028514862060546875, 0.1601409912109375]
[-0.00044088363647887263, 0.16701698303222656]
[-0.009769535064691581, 0.17629623413085938]
[-0.019107723236082563, 0.16775131225585938]
[-0.028481864929197798, 0.16714096069335938]
[-0.028669071197505502, 0.1758861541748047]
[-0.04762372970580486, 0.16691207885742188]
[-0.04783811569213725, 0.15926361083984375]
[-0.047946357727042255, 0.1682567596435547]
[-0.05737552642822408, 0.16859054565429688]
[-0.06710853576660014, 0.16045570373535156]
[-0.06709938049316833, 0.16435623168945312]
[-0.06719951629638388, 0.17409324645996094]
[-0.07662477493285991, 0.16576766967773438]
[-0.07659206390381001, 0.1637744903564453]
[-0.07674016952514506, 0.1732921600341797]
[-0.07658615112305256, 0.16614913940429688]
[-0.07659654617309997, 0.1580810546875]
[-0.06703758239746094, 0.16648292541503906]
[-0.06721525192261169, 0.1672840118408203]
[-0.057522201538084516, 0.15845298767089844]
[-0.0478789329528837, 0.16328811645507812]
[-0.047884178161623936, 0.17124176025390625]
[-0.03831205368042845, 0.1615428924560547]
[-0.02895593643189187, 0.15827178955078125]
[-0.02895202636718608, 0.17107009887695312]
[-0.029009437561043683, 0.16402244567871094]
[-0.028925609588632994, 0.15810012817382812]
[-0.028999900817872515, 0.166168212890625]
[-0.028902053833007812, 0.1677703857421875]
[-0.028752326965339137, 0.15921592712402344]
[-0.028854179382321377, 0.16675949096679688]
[-0.019372653961184483, 0.1743793487548828]
[-0.0192481040954533, 0.16305923461914062]
[-0.019382190704348545, 0.16279220581054688]
[-0.019351482391357422, 0.17208099365234375]
[-0.019350242614748936, 0.1638507843017578]
[-0.01924362182617756, 0.15546798706054688]
[-0.019330310821544572, 0.16534805297851562]
[-0.029073715209968043, 0.1658916473388672]
[-0.0287901878356962, 0.1548290252685547]
[-0.028908443450930577, 0.161590576171875]
[-0.028795814514161577, 0.17218589782714844]
[-0.01912746429444212, 0.16506195068359375]
[-0.038359165191657496, 0.16432762145996094]
[-0.04773054122925657, 0.1755237579345703]
[-0.05736331939697692, 0.1688861846923828]
[-0.05730981826782511, 0.16427993774414062]
[-0.04805183410644531, 0.17203330993652344]
[-0.057779216766356, 0.17152786254882812]
[-0.057539939880371094, 0.16259193420410156]
[-0.05786094665526775, 0.1700592041015625]
[-0.07695846557617614, 0.17618179321289062]
[-0.07695846557617614, 0.1688385009765625]
[-0.07671213150025125, 0.1654338836669922]
[-0.076873779296875, 0.17545700073242188]
[-0.07675600051880593, 0.1661396026611328]
[-0.08650655746460245, 0.1591968536376953]
[-0.07702388763428303, 0.16777992248535156]
[-0.08671541213989542, 0.16549110412597656]
[-0.08657093048095277, 0.1563549041748047]
[-0.07690134048461772, 0.1647663116455078]
[-0.07723188400268555, 0.17076492309570312]
[-0.06769008636474183, 0.1627826690673828]
[-0.06755313873290447, 0.16213417053222656]
[-0.05813264846801758, 0.1719188690185547]
[-0.05804882049560689, 0.16344070434570312]
[-0.0485808372497587, 0.15680313110351562]
[-0.05849151611327841, 0.16492843627929688]
[-0.04893016815184836, 0.1645660400390625]
[-0.04874200820921715, 0.1558399200439453]
[-0.039298057556152344, 0.16439437866210938]
[-0.03936824798584837, 0.17029762268066406]
[-0.03913698196411275, 0.1629924774169922]
[-0.029836654663085938, 0.16280174255371094]
[-0.020043373107910156, 0.17296791076660156]
[-0.02025928497314311, 0.16330718994140625]
[-0.02031669616699361, 0.15687942504882812]
[-0.010648345947267046, 0.16483306884765625]
[-0.010801601409916373, 0.16396522521972656]
[-0.001100921630857954, 0.1549530029296875]
[-0.0010833740234446054, 0.16391754150390625]
[-0.0012491226196331695, 0.16999244689941406]
[-0.010658073425290127, 0.16249656677246094]
[-0.0011362075805649852, 0.1625537872314453]
[-0.010673713684077768, 0.17217636108398438]
[-0.010421848297120562, 0.16305923461914062]
[-0.020106601715077943, 0.1574230194091797]
[-0.029466056823736153, 0.1662445068359375]
[-0.029606246948240766, 0.1654052734375]
[-0.039013576507564096, 0.1566028594970703]
[-0.04875297546387003, 0.1656627655029297]
[-0.05810680389404155, 0.1716327667236328]
[-0.06751413345337198, 0.1643848419189453]
[-0.0675780296325712, 0.16516685485839844]
[-0.0868520736694407, 0.17457008361816406]
[-0.08687877655030007, 0.16576766967773438]
[-0.07734260559082884, 0.15959739685058594]
[-0.07723560333252522, 0.16674041748046875]
[-0.0773589134216337, 0.16649246215820312]
[-0.07709264755249023, 0.15712738037109375]
[-0.07717294692993448, 0.16668319702148438]
[-0.0771569252014217, 0.17218589782714844]
[-0.06750812530517436, 0.1644134521484375]
[-0.04850397109985494, 0.1654529571533203]
[-0.04852666854858967, 0.1739978790283203]
[-0.048595809936522016, 0.16458511352539062]
[-0.04825363159179119, 0.15915870666503906]
[-0.03878135681152628, 0.16546249389648438]
[-0.048294353485111685, 0.16432762145996094]
[-0.03880767822266051, 0.1564788818359375]
[-0.029319381713861503, 0.16516685485839844]
[-0.038938999176032496, 0.1693439483642578]
[-0.03892946243286133, 0.16167640686035156]
[-0.03884239196777628, 0.1630878448486328]
[-0.038938617706307355, 0.17286300659179688]
[-0.03892869949341815, 0.1629924774169922]
[-0.039094829559331856, 0.15702247619628906]
[-0.03899173736572692, 0.16580581665039062]
[-0.03892145156860494, 0.16389846801757812]
[-0.048496818542488995, 0.15468597412109375]
[-0.039028835296626596, 0.16388893127441406]
[-0.04881095886229758, 0.16912460327148438]
[-0.03915367126464275, 0.16155242919921875]
[-0.029686927795410156, 0.16321182250976562]
[-0.048778915405272016, 0.17299652099609375]
[-0.03923912048340128, 0.16379356384277344]
[-0.039095020294190874, 0.15848159790039062]
[-0.03911628723144389, 0.16603469848632812]
[-0.039078712463378906, 0.16347885131835938]
[-0.03905763626099201, 0.1546001434326172]
[-0.029658794403076172, 0.16407012939453125]
[-0.029380893707269706, 0.16895294189453125]
[-0.02934494018555256, 0.1614665985107422]
[-0.029147338867183237, 0.16397476196289062]
[-0.03917541503906108, 0.1732635498046875]
[-0.04880256652831605, 0.16417503356933594]
[-0.05823087692260742, 0.1589679718017578]
[-0.06780986785888388, 0.1673603057861328]
[-0.08701562881469016, 0.1641845703125]
[-0.08711299896241087, 0.1552581787109375]
[-0.08727865219116637, 0.1648712158203125]
[-0.08722667694091513, 0.16948699951171875]
[-0.1062779426574707, 0.16210556030273438]
[-0.09691009521485228, 0.1640796661376953]
[-0.0970211982727065, 0.17327308654785156]
[-0.09693927764892152, 0.1640033721923828]
[-0.09699277877807333, 0.15946388244628906]
[-0.0970890045165973, 0.16707420349121094]
[-0.10661869049072692, 0.1636219024658203]
[-0.09696636199952025, 0.15554428100585938]
[-0.09686975479125692, 0.16498565673828125]
[-0.09674673080444052, 0.1690196990966797]
[-0.09673995971679972, 0.16180038452148438]
[-0.0873538970947223, 0.1648235321044922]
[-0.07783527374267862, 0.1734638214111328]
[-0.08716154098510032, 0.16397476196289062]
[-0.07747650146484375, 0.16180992126464844]
[-0.07749614715576314, 0.1699066162109375]
[-0.07750701904296164, 0.1654815673828125]
[-0.06785469055175497, 0.15562057495117188]
[-0.06773700714111186, 0.16458511352539062]
[-0.06780462265013654, 0.1689624786376953]
[-0.05792751312255717, 0.16089439392089844]
[-0.04852514266967489, 0.1648712158203125]
[-0.04839496612548544, 0.1733875274658203]
[-0.05792207717895792, 0.1646709442138672]
[-0.057884597778326, 0.16099929809570312]
[-0.05794334411620383, 0.16875267028808594]
[-0.06737213134765341, 0.1638317108154297]
[-0.06760253906250568, 0.1560497283935547]
[-0.07692470550536967, 0.1653289794921875]
[-0.08657827377319904, 0.16849517822265625]
[-0.09607133865355877, 0.1617145538330078]
[-0.09610204696654989, 0.16557693481445312]
[-0.1155342102050767, 0.1740264892578125]
[-0.12486715316772745, 0.16440391540527344]
[-0.12495136260986328, 0.1599884033203125]
[-0.14393234252928977, 0.1681041717529297]
[-0.14394273757933718, 0.16407012939453125]
[-0.14391756057739968, 0.15503883361816406]
[-0.13431034088134908, 0.16448974609375]
[-0.15351572036743022, 0.16739845275878906]
[-0.16306829452514648, 0.15938758850097656]
[-0.15337247848510316, 0.16401290893554688]
[-0.15351734161376385, 0.17154693603515625]
[-0.15354804992674786, 0.16219139099121094]
[-0.15350618362426616, 0.15852928161621094]
[-0.15345792770386169, 0.16945838928222656]
[-0.1631370544433608, 0.1643085479736328]
[-0.15344715118408914, 0.15600204467773438]
[-0.1630939483642564, 0.16534805297851562]
[-0.1537233352661147, 0.16857147216796875]
[-0.1630472183227596, 0.16176223754882812]
[-0.15344514846801616, 0.1668834686279297]
[-0.16328763961791992, 0.1745319366455078]
[-0.16318454742431499, 0.16660690307617188]
[-0.1441444396972642, 0.1636981964111328]
[-0.14417800903321165, 0.17078399658203125]
[-0.14408016204833984, 0.16565322875976562]
[-0.14423713684082173, 0.15608787536621094]
[-0.11551666259765625, 0.16495704650878906]
[-0.11558494567870525, 0.16814231872558594]
[-0.10555810928345011, 0.1605224609375]
[-0.09631004333496662, 0.165557861328125]
[-0.09624223709106872, 0.17416954040527344]
[-0.09610691070557209, 0.1657867431640625]
[-0.0867866516113267, 0.16284942626953125]
[-0.0773477554321289, 0.17144203186035156]
[-0.07722997665404563, 0.16524314880371094]
[-0.07725067138672159, 0.1573467254638672]
[-0.07726306915283487, 0.16651153564453125]
[-0.06792879104614258, 0.1687908172607422]
[-0.06779537200927166, 0.16077041625976562]
[-0.058009243011468925, 0.16564369201660156]
[-0.05834093093871928, 0.17484664916992188]
[-0.04878225326537944, 0.16592025756835938]
[-0.0485965728759723, 0.1624298095703125]
[-0.03930501937866637, 0.17174720764160156]
[-0.05829162597655824, 0.1636505126953125]
[-0.05832910537719016, 0.1561260223388672]
[-0.05852832794189311, 0.16297340393066406]
[-0.06783943176269958, 0.165252685546875]
[-0.06773834228515341, 0.15633583068847656]
[-0.06764736175536967, 0.1621532440185547]
[-0.07728338241577148, 0.16938209533691406]
[-0.0773368835449233, 0.16022682189941406]
[-0.0581323623657255, 0.15838623046875]
[-0.057977485656742545, 0.17004013061523438]
[-0.05799179077148864, 0.16300201416015625]
[-0.04834384918213175, 0.1544666290283203]
[-0.04838819503784464, 0.16321182250976562]
[-0.03885555267334695, 0.16408920288085938]
[-0.038738536834713955, 0.15554428100585938]
[-0.038729381561275034, 0.1615619659423828]
[-0.03893814086913494, 0.17038345336914062]
[-0.04828672409057333, 0.16216278076171875]
[-0.04853143692015749, 0.1583385467529297]
[-0.04839887619019123, 0.16887664794921875]
[-0.04858970642089844, 0.16260147094726562]
[-0.05811195373534872, 0.15459060668945312]
[-0.07720355987549254, 0.16202926635742188]
[-0.08702974319457724, 0.1652050018310547]
[-0.08691711425782245, 0.15331268310546875]
[-0.08684606552124308, 0.1613616943359375]
[-0.10631542205810263, 0.16854286193847656]
[-0.09682750701903586, 0.15981674194335938]
[-0.08739185333252664, 0.1566600799560547]
[-0.106321048736568, 0.1664447784423828]
[-0.10635852813719993, 0.1539134979248047]
[-0.10627346038818786, 0.1509380340576172]
[-0.09684991836547852, 0.15816688537597656]
[-0.09712810516357706, 0.162353515625]
[-0.10668592453003356, 0.15346527099609375]
[-0.08759069442749734, 0.16297340393066406]
[-0.09724588394164613, 0.1721668243408203]
[-0.09706258773803711, 0.16336441040039062]
[-0.09725666046141868, 0.16263961791992188]
[-0.09724588394164613, 0.17251968383789062]
[-0.08766164779663654, 0.1650714874267578]
[-0.0780935287475657, 0.15781402587890625]
[-0.08767242431640909, 0.1659870147705078]
[-0.078007984161367, 0.16686439514160156]
[-0.06856803894043395, 0.15790939331054688]
[-0.06857233047484357, 0.16607284545898438]
[-0.06874351501463849, 0.1731395721435547]
[-0.05907087326050231, 0.1645374298095703]
[-0.05919103622435529, 0.1636981964111328]
[-0.04968872070312358, 0.17389297485351562]
[-0.04981603622437092, 0.16509056091308594]
[-0.05928277969361062, 0.15898704528808594]
[-0.049682712554925956, 0.16727447509765625]
[-0.05925607681274414, 0.1677703857421875]
[-0.06872444152831747, 0.15854835510253906]
[-0.059284782409676495, 0.16715049743652344]
[-0.06898145675659606, 0.1741504669189453]
[-0.05923480987548402, 0.16562461853027344]
[-0.05915098190307333, 0.16460418701171875]
[-0.05922527313231285, 0.17434120178222656]
[-0.05901088714598757, 0.16592979431152344]
[-0.04006023406982706, 0.15961647033691406]
[-0.04934101104736044, 0.16885757446289062]
[-0.049351406097407846, 0.16912460327148438]
[-0.049405002593999825, 0.16035079956054688]
[-0.049190998077399684, 0.16861915588378906]
[-0.06865348815917827, 0.1735973358154297]
[-0.06843433380127095, 0.1642131805419922]
[-0.068413162231451, 0.16364097595214844]
[-0.07795848846434694, 0.17256736755371094]
[-0.06828851699829386, 0.16295433044433594]
[-0.0491897583007912, 0.15687942504882812]
[-0.049121570587161045, 0.1671314239501953]
[-0.039670753479001064, 0.17154693603515625]
[-0.03947868347168537, 0.16196250915527344]
[-0.010875606536870919, 0.17137527465820312]
[-0.010949039459241305, 0.17848968505859375]
[-0.010924243927007637, 0.17022132873535156]
[-0.0015329360961970906, 0.16882896423339844]
[0.008265590667718925, 0.17993927001953125]
[0.00818538665772195, 0.1709270477294922]
[0.017743968963621626, 0.16435623168945312]
[0.027252197265625, 0.1734638214111328]
[0.01768312454222354, 0.1727771759033203]
[0.027551651000976562, 0.16332626342773438]
[0.027439880371090908, 0.17185211181640625]
[0.02755889892578267, 0.17816543579101562]
[0.03691701889037802, 0.1700878143310547]
[0.03690795898437926, 0.1702117919921875]
[0.02735614776611328, 0.17993927001953125]
[0.027285099029541016, 0.1707744598388672]
[0.036820888519294215, 0.1647663116455078]
[0.04635229110717631, 0.17294883728027344]
[0.05574398040771911, 0.17183303833007812]
[0.055818939208982954, 0.16254425048828125]
[0.0652976989746108, 0.1711750030517578]
[0.05574588775635192, 0.177154541015625]
[0.0557619094848647, 0.1692962646484375]
[0.06539268493652628, 0.1693439483642578]
[0.06536712646484233, 0.17943382263183594]
[0.04636411666869833, 0.1701831817626953]
[0.0463944435119501, 0.16434669494628906]
[0.046372890472405004, 0.17258644104003906]
[0.036895751953117895, 0.17088890075683594]
[0.03687934875487997, 0.16132354736328125]
[0.027434158325199576, 0.17004966735839844]
[0.027332782745361328, 0.1760387420654297]
[0.027145195007328482, 0.16811370849609375]
[0.036709785461418676, 0.16915321350097656]
[0.0368741989135728, 0.1798248291015625]
[0.046308326721188564, 0.17215728759765625]
[0.046206188201900034, 0.16730308532714844]
[0.0461263656616282, 0.17610549926757812]
[0.04632997512817383, 0.1746845245361328]
[0.046202659606933594, 0.16574859619140625]
[0.05592489242553711, 0.17530441284179688]
[0.0557807922363196, 0.18404006958007812]
[0.07490081787108949, 0.18148422241210938]
[0.11334028244018413, 0.1899433135986328]
[0.11319055557251545, 0.20906448364257812]
[0.1419384956359906, 0.21417617797851562]
[0.1707986831665096, 0.23029327392578125]
[0.2089543342590403, 0.2476024627685547]
[0.23764877319336364, 0.2672863006591797]
[0.27595405578612997, 0.28130531311035156]
[0.31431808471678835, 0.3538036346435547]
[0.34307680130004314, 0.3336906433105469]
[0.3811997413635311, 0.26185035705566406]
[0.419536972045897, 0.26152610778808594]
[0.44827575683593324, 0.2686023712158203]
[0.4772520065307546, 0.25595664978027344]
[0.4963151931762724, 0.23443222045898438]
[0.5155001640319767, 0.23584365844726562]
[0.5157520294189553, 0.22935867309570312]
[0.5347537040710435, 0.2170276641845703]
[0.534780788421628, 0.22594451904296875]
[0.5348685264587374, 0.23286819458007812]
[0.5349423408508258, 0.23080825805664062]
[0.5444106101989732, 0.24400711059570312]
[0.5349123001098661, 0.2672100067138672]
[0.5446181297302317, 0.278167724609375]
[0.5445802688598746, 0.35633087158203125]
[0.5636207580566435, 0.48035621643066406]
[0.5732927322387695, 0.6244754791259766]
[0.5923253059387221, 0.8078289031982422]
[0.6209084510803251, 1.149606704711914]
[0.6588369369506779, 1.2599468231201172]
[0.6971846580505314, 1.3769340515136719]
[0.7450697898864718, 1.4328956604003906]
[0.7831216812133732, 1.440420150756836]
[0.8403825759887695, 1.4562034606933594]
[0.887972259521483, 1.4943313598632812]
[0.9263523101806612, 1.5063762664794922]
[0.9739364624023423, 1.5158271789550781]
[1.0215995788574261, 1.5583038330078125]
[1.0597708702087374, 1.6020011901855469]
[1.088418674468997, 1.632223129272461]
[1.126979160308835, 1.6530323028564453]
[1.1744722366333065, 1.6597557067871094]
[1.1936145782470717, 1.6762638092041016]
[1.2317806243896499, 1.7023468017578125]
[1.2605175018310533, 1.7499732971191406]
[1.2890778541564956, 1.7767810821533203]
[1.3177120208740192, 1.8266105651855469]
[1.365480995178224, 1.8274497985839844]
[1.3939167976379423, 1.8886661529541016]
[1.4321581840515094, 1.90948486328125]
[1.470334625244135, 1.949310302734375]
[1.4991428375244098, 1.940011978149414]
[1.5466135025024386, 2.0032882690429688]
[1.5851376533508272, 2.044954299926758]
[1.6328287124633718, 2.050161361694336]
[1.6805002212524442, 2.081480026245117]
[1.7474665641784668, 2.1082592010498047]
[1.8240485191345215, 2.1774959564208984]
[1.9003159523010211, 2.239866256713867]
[1.9768995285034165, 2.2827816009521484]
[2.053300666809072, 2.305889129638672]
[2.1392671585083036, 2.3302268981933594]
[2.224973011016843, 2.3398399353027344]
[2.311178302764894, 2.3531055450439453]
[2.4065194129943777, 2.385110855102539]
[2.492441177368164, 2.410135269165039]
[2.5688463211059585, 2.4396324157714844]
[2.664405345916748, 2.44140625]
[2.7502357482910114, 2.4486351013183594]
[2.826547527313231, 2.4630355834960938]
[2.9219232559204116, 2.4828720092773438]
[3.007781505584717, 2.5137996673583984]
[3.112891483306882, 2.5374507904052734]
[3.217970371246338, 2.556924819946289]
[3.3326496124267635, 2.5871753692626953]
[3.4471041679382353, 2.6096057891845703]
[3.5524024963378906, 2.622966766357422]
[3.695873260498047, 2.6553916931152344]
[3.8391384124755845, 2.6584243774414062]
[3.973168277740484, 2.6828861236572266]
[4.1070190429687585, 2.7002620697021484]
[4.259979248046868, 2.7144908905029297]
[4.3938865661621165, 2.718219757080078]
[4.527740764617917, 2.712116241455078]
[4.652058410644528, 2.7188777923583984]
[4.756882381439212, 2.7315139770507812]
[4.871577548980717, 2.738046646118164]
[4.9672226905822825, 2.7456092834472656]
[5.062680244445794, 2.7583980560302734]
[5.148644733428952, 2.7645015716552734]
[5.244248104095455, 2.769145965576172]
[5.330140972137457, 2.776956558227539]
[5.416100788116459, 2.791452407836914]
[5.502175807952881, 2.795381546020508]
[5.607281017303471, 2.7991676330566406]
[5.702862834930421, 2.810688018798828]
[5.8174335479736285, 2.822732925415039]
[5.951243877410896, 2.832164764404297]
[6.066180324554445, 2.8477096557617188]
[6.190503120422363, 2.8563785552978516]
[6.314773273468013, 2.8658580780029297]
[6.4486681938171415, 2.8780555725097656]
[6.573045349121088, 2.8981685638427734]
[6.706988239288329, 2.9128646850585938]
[6.840960311889646, 2.9220962524414062]
[6.975006580352783, 2.956218719482422]
[7.10926446914673, 2.963705062866211]
[7.262269020080559, 2.978200912475586]
[7.425004196166995, 2.994871139526367]
[7.578178787231451, 3.0144405364990234]
[7.750625038146971, 3.0307579040527344]
[7.92294721603394, 3.0515384674072266]
[8.104727268219001, 3.0754947662353516]
[8.296233749389643, 3.086729049682617]
[8.497131919860834, 3.1134605407714844]
[8.688482189178465, 3.129606246948242]
[8.879851436614992, 3.1407737731933594]
[9.090428829193115, 3.141632080078125]
[9.300723171234132, 3.1554317474365234]
[9.491880130767818, 3.163442611694336]
[9.702409648895262, 3.174600601196289]
[9.922354030609135, 3.193540573120117]
[10.142225360870363, 3.212270736694336]
[10.371955871582031, 3.217601776123047]
[10.601452064514163, 3.225879669189453]
[10.831115150451652, 3.2480812072753906]
[11.070233440399164, 3.2706546783447266]
[11.309517478942873, 3.2810401916503906]
[11.548695659637453, 3.297548294067383]
[11.777984428405759, 3.3118057250976562]
[12.007535076141352, 3.3208751678466797]
[12.227287292480469, 3.3307838439941406]
[12.428417015075688, 3.337688446044922]
[12.62925806045532, 3.338489532470703]
[12.829777717590325, 3.3460140228271484]
[13.011487197875972, 3.3576297760009766]
[13.183536243438716, 3.369598388671875]
[13.374751663208002, 3.3761215209960938]
[13.556183147430417, 3.3865833282470703]
[13.728249740600582, 3.393983840942383]
[13.900240898132317, 3.400278091430664]
[14.072125339508048, 3.4114837646484375]
[14.25369062423706, 3.4206581115722656]
[14.416139030456549, 3.419485092163086]
[14.59744148254395, 3.424854278564453]
[14.76951894760132, 3.4300804138183594]
[14.941511917114255, 3.4307384490966797]
[15.132767963409421, 3.4351730346679688]
[15.295259284973149, 3.4419631958007812]
[15.48641061782837, 3.4496593475341797]
[15.668355464935296, 3.4526538848876953]
[15.869394302368157, 3.460817337036133]
[16.051268768310543, 3.4661102294921875]
[16.25243177413941, 3.468351364135742]
[16.453631687164304, 3.4715938568115234]
[16.654702663421638, 3.4775257110595703]
[16.855955314636233, 3.4839439392089844]
[17.076274776458746, 3.486471176147461]
[17.27729263305664, 3.4967041015625]
[17.48803396224975, 3.504648208618164]
[17.71791124343872, 3.517017364501953]
[17.91893796920776, 3.5280418395996094]
[18.138996028900145, 3.5352420806884766]
[18.35915489196777, 3.5329246520996094]
[18.560045337677003, 3.5375499725341797]
[18.770329856872557, 3.543872833251953]
[18.971150588989254, 3.5444068908691406]
[19.19074792861938, 3.5424041748046875]
[19.400729179382324, 3.546571731567383]
[19.591963005065914, 3.5426998138427734]
[19.80226001739502, 3.541698455810547]
[20.02186841964722, 3.5419178009033203]
[20.24184646606445, 3.5455894470214844]
[20.461981010437007, 3.545074462890625]
[20.69164476394654, 3.551769256591797]
[20.931073856353763, 3.558359146118164]
[21.170477104187007, 3.5620498657226562]
[21.41951951980591, 3.5658836364746094]
[21.65900688171387, 3.5741519927978516]
[21.908074855804436, 3.577413558959961]
[22.147749233245847, 3.578510284423828]
[22.377690124511716, 3.583698272705078]
[22.60773248672485, 3.5897064208984375]
[22.818618297576897, 3.5880279541015625]
[23.048664283752437, 3.590373992919922]
[23.24027805328369, 3.5933685302734375]
[23.450809288024907, 3.5905075073242188]
[23.661543369293206, 3.5978126525878906]
[23.862555980682373, 3.604402542114258]
[24.063389682769774, 3.6101627349853516]
[24.273942947387695, 3.6131668090820312]
[24.48413324356079, 3.6279773712158203]
[24.69406661987304, 3.639497756958008]
[24.904481601715084, 3.6464309692382812]
[25.123791217803962, 3.650693893432617]
[25.33341665267944, 3.658914566040039]
[25.5335988998413, 3.6633872985839844]
[25.74329195022583, 3.664875030517578]
[25.933511352539064, 3.670816421508789]
[26.123880863189697, 3.6719417572021484]
[26.304948616027836, 3.671407699584961]
[26.495558071136465, 3.675537109375]
[26.64770240783691, 3.6801528930664062]
[26.80948829650879, 3.678607940673828]
[26.981075477600093, 3.6797618865966797]
[27.14319496154784, 3.685283660888672]
[27.295912361145, 3.6849212646484375]
[27.448190021514904, 3.68377685546875]
[27.610338878631588, 3.6868667602539062]
[27.781685829162605, 3.689126968383789]
[27.934196281433096, 3.6899185180664062]
[28.0960611343384, 3.6934375762939453]
[28.248491954803477, 3.6965560913085938]
[28.410655021667488, 3.6937618255615234]
[28.582181358337387, 3.6948204040527344]
[28.744248485565173, 3.6979293823242188]
[28.90650558471679, 3.6946773529052734]
[29.06871271133422, 3.6937332153320312]
[29.24071826934813, 3.696432113647461]
[29.393410205841057, 3.696889877319336]
[29.556119441986063, 3.697357177734375]
[29.718924427032483, 3.7036991119384766]
[29.871999168395995, 3.7078285217285156]
[30.015828418731694, 3.7099266052246094]
[30.168855094909667, 3.7134170532226562]
[30.303022098541256, 3.7174415588378906]
[30.436986160278316, 3.7186336517333984]
[30.561346244812007, 3.7194061279296875]
[30.666450309753408, 3.7231063842773438]
[30.780894660949706, 3.722972869873047]
[30.87660379409791, 3.7221717834472656]
[31.000353622436528, 3.725566864013672]
[31.11511726379394, 3.7281227111816406]
[31.24865312576292, 3.7265586853027344]
[31.382398509979232, 3.7244606018066406]
[31.5255139350891, 3.7270259857177734]
[31.668859672546397, 3.7261104583740234]
[31.821939563751208, 3.7260818481445312]
[31.98449144363402, 3.7299251556396484]
[32.137624835968005, 3.7311267852783203]
[32.30012311935426, 3.729677200317383]
[32.46258430480956, 3.7326526641845703]
[32.61568584442137, 3.7361907958984375]
[32.76874828338624, 3.734722137451172]
[32.91207981109621, 3.7359619140625]
[33.04580888748169, 3.7381935119628906]
[33.17977390289308, 3.7366676330566406]
[33.313861560821515, 3.7350845336914062]
[33.44764451980591, 3.7365150451660156]
[33.58159351348876, 3.7363815307617188]
[33.715717887878405, 3.735189437866211]
[33.84972381591796, 3.7390899658203125]
[33.99328012466432, 3.741168975830078]
[34.127539157867425, 3.742036819458008]
[34.27098302841187, 3.7439823150634766]
[34.41432580947876, 3.750019073486328]
[34.54844703674315, 3.751354217529297]
[34.711228847503655, 3.757009506225586]
[34.8450743675232, 3.7624168395996094]
[34.97885894775391, 3.764066696166992]
[35.112689113616945, 3.7650012969970703]
[35.236860656738294, 3.769845962524414]
[35.36071615219115, 3.7739944458007812]
[35.45609121322632, 3.7741947174072266]
[35.56067552566528, 3.778514862060547]
[35.65610103607178, 3.7832069396972656]
[35.75138988494874, 3.783693313598633]
[35.84649467468261, 3.786458969116211]
[35.94172677993773, 3.7955760955810547]
[36.02743740081788, 3.8042831420898438]
[36.132073593139644, 3.812074661254883]
[36.24642114639283, 3.8237762451171875]
[36.36998767852783, 3.8329601287841797]
[36.49376544952394, 3.8404464721679688]
[36.62690696716309, 3.850688934326172]
[36.75026969909667, 3.8604736328125]
[36.864204788208006, 3.863201141357422]
[36.987645053863524, 3.8636112213134766]
[37.08235130310057, 3.868894577026367]
[37.15787487030028, 3.8709354400634766]
[37.24306278228759, 3.8697338104248047]
[37.309191703796394, 3.873929977416992]
[37.38468465805054, 3.8767242431640625]
[37.48910160064697, 3.876962661743164]
[37.593337917327865, 3.8778209686279297]
[37.697557735443134, 3.880443572998047]
[37.81139125823976, 3.8791942596435547]
[37.906387329101555, 3.8789749145507812]
[37.991489505767824, 3.8809871673583984]
[38.04794073104858, 3.8801193237304688]
[38.104525375366215, 3.8779163360595703]
[38.13223991394043, 3.8800621032714844]
[38.14092998504639, 3.8806724548339844]
[38.14003515243531, 3.878622055053711]
[38.12015771865844, 3.8782310485839844]
[38.08082580566407, 3.8796329498291016]
[38.032538509368884, 3.876972198486328]
[37.983956909179675, 3.8759994506835938]
[37.93566427230834, 3.8775157928466797]
[37.89682025909425, 3.877229690551758]
[37.85874357223509, 3.8760757446289062]
[37.829485130310054, 3.8789939880371094]
[37.80057430267333, 3.881397247314453]
[37.781315040588375, 3.880786895751953]
[37.77180929183961, 3.8809585571289062]
[37.752583694458, 3.8811302185058594]
[37.74287710189818, 3.876619338989258]
[37.723828029632564, 3.8724613189697266]
[37.70465211868285, 3.8713932037353516]
[37.6758421897888, 3.8673782348632812]
[37.65701074600221, 3.861560821533203]
[37.63802127838135, 3.8630104064941406]
[37.609503936767574, 3.863363265991211]
[37.590933132171635, 3.8614273071289062]
[37.59155416488647, 3.8639354705810547]
[37.582417678833, 3.8669300079345703]
[37.58318462371826, 3.865985870361328]
[37.58388767242432, 3.867654800415039]
[37.6037130355835, 3.872509002685547]
[37.61407327651977, 3.873424530029297]
[37.64335145950319, 3.8731765747070312]
[37.672378444671644, 3.876495361328125]
[37.69212608337403, 3.8776779174804688]
[37.73068876266479, 3.8761234283447266]
[37.75018463134766, 3.876943588256836]
[37.75974359512329, 3.8785171508789062]
[37.76974811553955, 3.876495361328125]
[37.779637241363524, 3.875293731689453]
[37.77971391677857, 3.8768672943115234]
[37.798820304870624, 3.875904083251953]
[37.818305969238274, 3.8737964630126953]
[37.856621360778824, 3.87603759765625]
[37.89512414932252, 3.8773441314697266]
[37.95293731689454, 3.875856399536133]
[38.010632324218754, 3.877735137939453]
[38.05894203186035, 3.8806819915771484]
[38.126334190368674, 3.87969970703125]
[38.18388166427612, 3.8796520233154297]
[38.23207378387452, 3.8823413848876953]
[38.26113367080688, 3.8817310333251953]
[38.29947967529298, 3.8802623748779297]
[38.34720773696899, 3.8826847076416016]
[38.37630262374878, 3.883380889892578]
[38.43339576721191, 3.882169723510742]
[38.47159614562988, 3.8840293884277344]
[38.52859735488891, 3.8867855072021484]
[38.5761685371399, 3.8854122161865234]
[38.64268388748169, 3.885660171508789]
[38.70930423736572, 3.8877010345458984]
[38.775889682769765, 3.8867568969726562]
[38.861453342437734, 3.8852310180664062]
[38.947197341918944, 3.8875579833984375]
[39.042363357543955, 3.8883304595947266]
[39.118363952636734, 3.8869476318359375]
[39.21351528167725, 3.8884735107421875]
[39.27030420303344, 3.8904762268066406]
[39.355955791473384, 3.888883590698242]
[39.43205232620239, 3.8891029357910156]
[39.51766471862792, 3.890676498413086]
[39.62262773513795, 3.889799118041992]
[39.72756481170655, 3.8877487182617188]
[39.842271423339845, 3.890352249145508]
[39.9857982635498, 3.8912200927734375]
[40.13866119384766, 3.8910770416259766]
[40.329883289337154, 3.8940048217773438]
[40.51153125762938, 3.896942138671875]
[40.712645244598384, 3.8963890075683594]
[40.94229402542113, 3.8971805572509766]
[41.16257314682009, 3.900270462036133]
[41.382833576202394, 3.8997364044189453]
[41.62186613082884, 3.899221420288086]
[41.85183124542235, 3.9014244079589844]
[42.100614547729485, 3.902416229248047]
[42.33066005706788, 3.901338577270508]
[42.56033535003662, 3.902902603149414]
[42.78049764633179, 3.904590606689453]
[42.96242084503175, 3.9028263092041016]
[43.14462146759033, 3.9020729064941406]
[43.29759302139282, 3.9039993286132812]
[43.43189458847046, 3.9019203186035156]
[43.528051376342766, 3.899965286254883]
[43.6048957824707, 3.90106201171875]
[43.63381996154785, 3.9012718200683594]
[43.64343032836914, 3.8997268676757812]
[43.62444877624511, 3.900623321533203]
[43.58633174896239, 3.9013099670410156]
[43.529018974304186, 3.899354934692383]
[43.47163705825803, 3.8985538482666016]
[43.40491743087768, 3.900623321533203]
[43.33795738220214, 3.8986778259277344]
[43.27098417282104, 3.8979148864746094]
[43.21354074478149, 3.900442123413086]
[43.184826087951656, 3.901510238647461]
[43.17522220611573, 3.900594711303711]
[43.17520570755004, 3.902902603149414]
[43.194011592864975, 3.904752731323242]
[43.20358028411864, 3.9034175872802734]
[43.241610431671155, 3.9035511016845703]
[43.27028322219849, 3.905668258666992]
[43.29870710372925, 3.9044666290283203]
[43.31771564483642, 3.9029502868652344]
[43.336535835266126, 3.9046669006347656]
[43.336392688751225, 3.9049816131591797]
[43.33651428222655, 3.903169631958008]
[43.336065769195564, 3.9049434661865234]
[43.32611532211303, 3.9068603515625]
[43.32634353637696, 3.9055728912353516]
[43.33585033416748, 3.9060115814208984]
[43.34531202316284, 3.908538818359375]
[43.36432952880859, 3.907299041748047]
[43.38331937789916, 3.9068031311035156]
[43.42136821746826, 3.9089107513427734]
[43.44031744003295, 3.9096736907958984]
[43.488163280487065, 3.908205032348633]
[43.51627912521361, 3.910703659057617]
[43.564022350311284, 3.912496566772461]
[43.62119007110595, 3.9114952087402344]
[43.697367954254155, 3.9115142822265625]
[43.78323564529419, 3.9140701293945312]
[43.86920309066772, 3.91265869140625]
[43.96473627090456, 3.911571502685547]
[44.07004508972167, 3.9130020141601562]
[44.15632448196411, 3.9132022857666016]
[44.24266662597656, 3.9113712310791016]
[44.319334316253666, 3.9128494262695312]
[44.367439651489256, 3.9142990112304688]
[44.37730245590209, 3.9122962951660156]
[44.37781581878661, 3.9119911193847656]
[44.34951620101928, 3.9134979248046875]
[44.29236640930174, 3.9118099212646484]
[44.22572269439697, 3.910074234008789]
[44.16850900650024, 3.911275863647461]
[44.10217142105103, 3.911409378051758]
[44.0451771736145, 3.9087677001953125]
[44.03591690063475, 3.9095306396484375]
[44.0363787651062, 3.9102554321289062]
[44.05569181442262, 3.9078235626220703]
[44.103908824920644, 3.9066600799560547]
[44.17110147476196, 3.909587860107422]
[44.24781684875489, 3.907918930053711]
[44.33414144515991, 3.907794952392578]
[44.43952322006225, 3.909788131713867]
[44.554665660858156, 3.9098644256591797]
[44.67936477661133, 3.90869140625]
[44.79442071914672, 3.9107513427734375]
[44.89960317611695, 3.9125728607177734]
[45.005052089691155, 3.910646438598633]
[45.0912573814392, 3.9105796813964844]
[45.17747306823731, 3.9129638671875]
[45.25408792495728, 3.911561965942383]
[45.3402442932129, 3.9106178283691406]
[45.39771862030029, 3.9131546020507812]
[45.47398624420165, 3.9134979248046875]
[45.5411066055298, 3.912019729614258]
[45.59828147888184, 3.914661407470703]
[45.655135822296124, 3.9169883728027344]
[45.68366584777832, 3.916292190551758]
[45.71205177307129, 3.916473388671875]
[45.711669445037835, 3.9186954498291016]
[45.692215156555186, 3.9174461364746094]
[45.64398221969605, 3.9165687561035156]
[45.56694145202636, 3.9184093475341797]
[45.47057590484619, 3.9180755615234375]
[45.34600315093994, 3.9162254333496094]
[45.202010250091554, 3.9173316955566406]
[45.01025609970093, 3.9182472229003906]
[44.79962635040284, 3.9160823822021484]
[44.56957683563231, 3.914813995361328]
[44.31121253967286, 3.9157772064208984]
[44.01433954238892, 3.9122390747070312]
[43.708108806610106, 3.908977508544922]
[43.37338943481445, 3.908967971801758]
[43.00042581558227, 3.905820846557617]
[42.60835857391357, 3.9010047912597656]
[42.18756999969482, 3.89862060546875]
[41.72879095077514, 3.8954734802246094]
[41.270060253143306, 3.8874435424804688]
[40.76345958709715, 3.8808059692382812]
[40.21867046356201, 3.8758468627929688]
[39.645087051391606, 3.8646984100341797]
[39.05268020629881, 3.856182098388672]
[38.44114971160888, 3.851165771484375]
[37.791378498077385, 3.8457298278808594]
[37.14173460006713, 3.8356399536132812]
[36.48295192718505, 3.8245582580566406]
[35.804626083374025, 3.8117027282714844]
[35.13630104064942, 3.7975311279296875]
[34.44907627105713, 3.7813854217529297]
[33.771323108673094, 3.7696266174316406]
[33.08418893814086, 3.7540054321289062]
[32.39703874588013, 3.737773895263672]
[31.681130599975596, 3.722553253173828]
[30.965361881256108, 3.7126731872558594]
[30.221016120910654, 3.6966514587402344]
[29.466845226287838, 3.6771774291992188]
[28.684093284606938, 3.661928176879883]
[27.90116024017334, 3.6461734771728516]
[27.108582115173355, 3.631143569946289]
[26.315772533416748, 3.6198806762695312]
[25.53255586624146, 3.6067676544189453]
[24.77807960510254, 3.5874176025390625]
[24.042657756805426, 3.5654354095458984]
[23.345383071899413, 3.543710708618164]
[22.695916843414302, 3.5265064239501953]
[22.09417591094971, 3.514833450317383]
[21.51111574172974, 3.4986305236816406]
[20.986000633239733, 3.4814834594726562]
[20.4796160697937, 3.464231491088867]
[19.992351531982422, 3.4525108337402344]
[19.514832019805908, 3.4352588653564453]
[19.075407123565675, 3.41796875]
[18.626240539550786, 3.4091854095458984]
[18.158128070831303, 3.3922386169433594]
[17.699464988708492, 3.3670425415039062]
[17.221670913696293, 3.347444534301758]
[16.734260082244873, 3.3392906188964844]
[16.237445735931395, 3.3313655853271484]
[15.740664577484132, 3.334817886352539]
[15.253336620330813, 3.346834182739258]
[14.794783496856688, 3.3440017700195312]
[14.36496114730835, 3.342466354370117]
[13.953932952880862, 3.3436965942382812]
[13.581356143951417, 3.3397483825683594]
[13.247021961212155, 3.331890106201172]
[12.941249752044676, 3.327932357788086]
[12.654641342163082, 3.324460983276367]
[12.386987590789794, 3.313312530517578]
[12.138539600372312, 3.3103466033935547]
[11.908995151519775, 3.308839797973633]
[11.660498809814456, 3.3014678955078125]
[11.430936431884767, 3.2860565185546875]
[11.191780471801756, 3.269987106323242]
[10.94332304000855, 3.2489871978759766]
[10.685205650329586, 3.237009048461914]
[10.426984977722164, 3.2390975952148438]
[10.149438476562501, 3.2355785369873047]
[9.872045612335206, 3.2446956634521484]
[9.604080390930179, 3.2462310791015625]
[9.326592636108401, 3.2514572143554688]
[9.058680915832525, 3.2430648803710938]
[8.809881591796874, 3.240032196044922]
[8.5607907295227, 3.2356643676757812]
[8.330994796752933, 3.222646713256836]
[8.101394748687738, 3.215770721435547]
[7.8904010772705035, 3.2064056396484375]
[7.689388847351076, 3.184843063354492]
[7.507186031341561, 3.163442611694336]
[7.315421295166011, 3.148937225341797]
[7.142772102355963, 3.124542236328125]
[6.960677719116212, 3.098278045654297]
[6.788035297393797, 3.0800819396972656]
[6.615540504455566, 3.0603981018066406]
[6.433408927917469, 3.032236099243164]
[6.260931301116948, 3.0159473419189453]
[6.078569698333737, 3.0072975158691406]
[5.896368980407715, 2.9981613159179688]
[5.733438587188729, 2.9923152923583984]
[5.580076026916508, 2.9925537109375]
[5.435805988311763, 2.993602752685547]
[5.292124080657963, 2.9750823974609375]
[5.167309761047356, 2.9652023315429688]
[5.052125835418693, 2.961444854736328]
[4.936699676513676, 2.9471969604492188]
[4.840746688842771, 2.929229736328125]
[4.744440746307369, 2.9001903533935547]
[4.648263454437249, 2.87353515625]
[4.56172332763672, 2.8302669525146484]
[4.475072288513189, 2.8139114379882812]
[4.397890377044682, 2.795696258544922]
[4.320938396453855, 2.754840850830078]
[4.2248689651489215, 2.7291107177734375]
[4.128796672821046, 2.716493606567383]
[4.032910442352296, 2.691965103149414]
[3.9466514587402344, 2.6737308502197266]
[3.8506712913513184, 2.6540660858154297]
[3.745379734039304, 2.6475143432617188]
[3.6497034072876033, 2.643451690673828]
[3.5540757179260254, 2.631406784057617]
[3.468042945861818, 2.627134323120117]
[3.3821327209472543, 2.6224803924560547]
[3.2960404396057186, 2.6162242889404297]
[3.2195378303527846, 2.611570358276367]
[3.1432903289794893, 2.5891876220703125]
[3.0861923217773466, 2.575654983520508]
[3.0194338798522935, 2.5843334197998047]
[2.962359714508061, 2.5732803344726562]
[2.8957997322082463, 2.5561046600341797]
[2.8578949928283706, 2.5588512420654297]
[2.8008275985717717, 2.5526905059814453]
[2.7534733772277846, 2.5557994842529297]
[2.715561771392828, 2.557229995727539]
[2.677264595031744, 2.554960250854492]
[2.649341297149654, 2.560749053955078]
[2.611184692382814, 2.5539779663085938]
[2.582698440551745, 2.5351715087890625]
[2.5544732093811007, 2.524995803833008]
[2.5164907455444308, 2.4959278106689453]
[2.4977271080017047, 2.492494583129883]
[2.459635162353514, 2.4910354614257812]
[2.4312236785888643, 2.4733638763427734]
[2.393174552917486, 2.463846206665039]
[2.354896163940424, 2.4503040313720703]
[2.3264759063720746, 2.4197769165039062]
[2.297865581512461, 2.411680221557617]
[2.269428443908687, 2.4216747283935547]
[2.2309697151183983, 2.417898178100586]
[2.1928886413574205, 2.4086570739746094]
[2.164306640625, 2.4038314819335938]
[2.125974369049075, 2.3995113372802734]
[2.088097286224368, 2.375917434692383]
[2.049663734436031, 2.351512908935547]
[2.0110433578491183, 2.3183155059814453]
[1.9637056350708022, 2.2820377349853516]
[1.9253324508666978, 2.2540283203125]
[1.886834239959704, 2.237844467163086]
[1.819826507568358, 2.2138404846191406]
[1.7913237571716323, 2.175312042236328]
[1.7434682846069336, 2.145967483520508]
[1.6955940246581989, 2.132577896118164]
[1.6475601196289062, 2.1231651306152344]
[1.6190321922302218, 2.1123504638671875]
[1.5808579444885282, 2.100400924682617]
[1.5426911354064927, 2.098379135131836]
[1.5234635353088422, 2.0784664154052734]
[1.5045042037963938, 2.081460952758789]
[1.4661952972412067, 2.063312530517578]
[1.4375012397766085, 2.0314979553222656]
[1.4279295921325712, 2.0219898223876953]
[1.3898965835571317, 1.9997596740722656]
[1.370973968505865, 1.980752944946289]
[1.3519783020019531, 1.9608592987060547]
[1.3235130310058594, 1.9455337524414062]
[1.3043979644775376, 1.9023323059082031]
[1.2855603218078642, 1.887521743774414]
[1.2665150642395062, 1.9041633605957031]
[1.2570580482482896, 1.90673828125]
[1.2476978302001953, 1.9137859344482422]
[1.2479218482971248, 1.9260501861572266]
[1.2382890701293903, 1.9379711151123047]
[1.228844642639153, 1.9336128234863281]
[1.2384909629821834, 1.9340896606445312]
[1.2292752265930176, 1.9558906555175781]
[1.2292160987854004, 1.956787109375]
[1.2200662612915067, 1.9553565979003906]
[1.2295846939086914, 1.9600105285644531]
[1.2297023773193345, 1.9602012634277344]
[1.2298730850219712, 1.954050064086914]
[1.2203586578369112, 1.9583320617675781]
[1.220717334747306, 1.9630146026611328]
[1.2207938194274917, 1.9415283203125]
[1.2208348274230971, 1.9158458709716797]
[1.2207871437072697, 1.9100761413574219]
[1.2114600181579576, 1.8597984313964844]
[1.2017220497131404, 1.8069267272949219]
[1.1827125549316335, 1.8100261688232422]
[1.1635722160339341, 1.8058204650878906]
[1.153960895538333, 1.7352485656738281]
[1.1351067543029743, 1.7534446716308594]
[1.1160825729370032, 1.728677749633789]
[1.1065891265869112, 1.7304611206054688]
[1.097170257568358, 1.713857650756836]
[1.0586580276489244, 1.6980743408203125]
[1.0396974563598604, 1.6181755065917969]
[1.0207787513732853, 1.568460464477539]
[0.9920483589172449, 1.579751968383789]
[0.9633689880371179, 1.4735221862792969]
[0.9348350524902358, 1.4067459106445312]
[0.925370311737062, 1.3364601135253906]
[0.8967457771301284, 1.3264274597167969]
[0.868126392364502, 1.2112045288085938]
[0.8489042282104435, 1.124868392944336]
[0.8299962997436552, 0.9932231903076172]
[0.8013182640075698, 0.9411716461181641]
[0.7917017936706614, 0.7884025573730469]
[0.7725495338439998, 0.6301689147949219]
[0.7438825607299862, 0.5287551879882812]
[0.7248273849487319, 0.4143714904785156]
[0.7057158470153837, 0.29155731201171875]
[0.6866006851196289, 0.22218704223632812]
[0.6676580429077035, 0.1587963104248047]
[0.6486590385436983, 0.09110450744628906]
[0.629383087158196, 0.10956764221191406]
[0.6009093284606877, 0.0836181640625]
[0.5915208816528335, -0.0064945220947265625]
[0.5628535270690875, 0.000667572021484375]
[0.5342608451843347, 0.001544952392578125]
[0.5342708587646428, -0.007266998291015625]
[0.5248736381530748, 0.0003147125244140625]
[0.5152252197265597, 0.0075531005859375]
[0.4964359283447237, -0.0005817413330078125]
[0.47726888656616495, -0.0019168853759765625]
[0.46764564514160156, 0.007829666137695312]
[0.45799732208251953, -0.00034332275390625]
[0.4389161109924231, -0.0075626373291015625]
[0.4198268890380845, 0.000782012939453125]
[0.4006750106811552, 0.0013637542724609375]
[0.400794410705565, -0.0075435638427734375]
[0.3913160324096694, 0.0003337860107421875]
[0.3722512245178251, 0.007381439208984375]
[0.3627569198608356, -0.0006580352783203125]
[0.35305633544921733, -0.0017547607421875]
[0.34362106323241903, 0.008029937744140625]
[0.33391008377074627, -0.0003147125244140625]
[0.3243938446044865, -0.0073909759521484375]
[0.32438383102417845, 0.0008296966552734375]
[0.31484441757202575, 0.0012111663818359375]
[0.31478052139282653, -0.0077724456787109375]
[0.3146839141845774, 0.000362396240234375]
[0.3147369384765639, 0.00720977783203125]
[0.3147633552551241, -0.0007343292236328125]
[0.324261188507073, -0.0016307830810546875]
[0.3243486404418974, 0.008258819580078125]
[0.33374032974243306, -0.000324249267578125]
[0.3337136268615808, -0.00720977783203125]
[0.3337368011474595, 0.0009632110595703125]
[0.34319839477539205, 0.001010894775390625]
[0.35293102264403586, -0.008020401000976562]
[0.35304880142212625, 0.00030517578125]
[0.36239900588989116, 0.007038116455078125]
[0.36257944107055806, -0.0008392333984375]
[0.3528839111328139, -0.0014495849609375]
[0.3529737472534151, 0.008459091186523438]
[0.3339603424072308, -0.0003147125244140625]
[0.34350137710571715, -0.0070953369140625]
[0.3529892921447768, 0.001068115234375]
[0.34321269989013814, 0.00091552734375]
[0.3529464721679716, -0.008220672607421875]
[0.3529249191284194, 0.00030517578125]
[0.3529249191284194, 0.006885528564453125]
[0.35278720855713885, -0.000934600830078125]
[0.36232900619507546, -0.00133514404296875]
[0.3527536392211914, 0.008611679077148438]
[0.3433355331420884, -0.0002956390380859375]
[0.35302114486694336, -0.00690460205078125]
[0.3530854225158748, 0.001201629638671875]
[0.3529623985290513, 0.0007724761962890625]
[0.35294046401977397, -0.008392333984375]
[0.35302629470825764, 0.000286102294921875]
[0.3528387069702177, 0.006694793701171875]
[0.3435096740722656, -0.001049041748046875]
[0.34371376037597656, -0.0011920928955078125]
[0.34358034133911275, 0.00873565673828125]
[0.33399028778076456, -0.0002765655517578125]
[0.3244808197021527, -0.0067615509033203125]
[0.324218940734859, 0.001354217529296875]
[0.3148500442504911, 0.000629425048828125]
[0.3148056983947711, -0.008563995361328125]
[0.31477537155151225, 0.000286102294921875]
[0.3050447463989272, 0.0064945220947265625]
[0.30513572692871094, -0.00118255615234375]
[0.29568538665771626, -0.0010395050048828125]
[0.3050140380859361, 0.008840560913085938]
[0.29554176330566406, -0.0002765655517578125]
[0.29563798904419514, -0.0065135955810546875]
[0.2860310554504437, 0.00152587890625]
[0.28599948883056925, 0.0005435943603515625]
[0.2861543655395451, -0.008649826049804688]
[0.2859100341796932, 0.0002956390380859375]
[0.27646875381469727, 0.0062847137451171875]
[0.2861015319824247, -0.0013256072998046875]
[0.28624601364135316, -0.0009250640869140625]
[0.2766459465026827, 0.008897781372070312]
[0.28624601364135316, -0.00026702880859375]
[0.2863099098205524, -0.0063323974609375]
[0.2861972808837834, 0.0017070770263671875]
[0.2861669540405316, 0.0004291534423828125]
[0.2863694190978947, -0.008764266967773438]
[0.2861749649047809, 0.0002956390380859375]
[0.2862660408020048, 0.0060749053955078125]
[0.27678880691529173, -0.00148773193359375]
[0.2767353057861399, -0.000782012939453125]
[0.26721544265747355, 0.009021759033203125]
[0.25764722824096253, -0.0002574920654296875]
[0.2673495292663546, -0.0061130523681640625]
[0.26728000640869, 0.0018787384033203125]
[0.25780849456786115, 0.00030517578125]
[0.25784559249877503, -0.008859634399414062]
