[0.0, 0.0020313262939453125]
[1.6021728519888256e-05, -0.007839202880859375]
[-0.00947189331053977, 0.0005626678466796875]
[0.00013504028319744066, 0.008878707885742188]
[-0.009477424621579189, -0.0010204315185546875]
[-0.019028759002686968, -0.002384185791015625]
[-0.019141006469730826, 0.008535385131835938]
[-0.03817787170410725, -0.0006580352783203125]
[-0.01902561187744567, -0.008821487426757812]
[-0.028551387786869498, 0.0010776519775390625]
[-0.03811311721801758, 0.001811981201171875]
[-0.03810396194457866, -0.0081634521484375]
[-0.028566551208498936, 0.0006008148193359375]
[-0.028540992736814985, 0.008611679077148438]
[-0.0380396842956543, -0.0010013580322265625]
[-0.038070392608638315, -0.0020885467529296875]
[-0.03818740844727131, 0.008687973022460938]
[-0.028566932678216972, -0.0006580352783203125]
[-0.038092422485355826, -0.008573532104492188]
[-0.028530693054193534, 0.0010967254638671875]
[-0.01903591156005291, 0.0014972686767578125]
[-0.01901960372924094, -0.00835418701171875]
[5.960464478249605e-05, 0.0006103515625]
[-0.009423923492434483, 0.008411407470703125]
[-0.009377288818363638, -0.001068115234375]
[-0.009374046325682173, -0.0018978118896484375]
[0.00014533996582599684, 0.009002685546875]
[-0.009386920928953657, -0.0006389617919921875]
[0.00029020309448668513, -0.008382797241210938]
[-0.00950269699095685, 0.0012111663818359375]
[0.00019006729125692345, 0.0013065338134765625]
[-0.009427642822267046, -0.008649826049804688]
[-0.018995857238763847, 0.0006198883056640625]
[-0.019193840026851205, 0.00827789306640625]
[-0.02855882644652752, -0.001201629638671875]
[-0.028601932525631923, -0.0016880035400390625]
[-0.03818092346190838, 0.009250640869140625]
[-0.0382080078125, -0.0006580352783203125]
[-0.047717475891104755, -0.00823974609375]
[-0.05741415023803853, 0.0013637542724609375]
[-0.057571792602530536, 0.0011539459228515625]
[-0.06695432662963441, -0.008993148803710938]
[-0.06685409545897869, 0.0006389617919921875]
[-0.07650766372680096, 0.008068084716796875]
[-0.07649726867674644, -0.0012493133544921875]
[-0.07669763565063192, -0.001506805419921875]
[-0.08609218597411683, 0.009403228759765625]
[-0.08598556518554545, -0.0006580352783203125]
[-0.09548425674439187, -0.008029937744140625]
[-0.09521160125732564, 0.001430511474609375]
[-0.09522638320922283, 0.0009250640869140625]
[-0.10460376739502664, -0.009164810180664062]
[-0.10456628799438761, 0.000629425048828125]
[-0.11409816741943501, 0.00774383544921875]
[-0.11398477554320863, -0.0014209747314453125]
[-0.09508361816405397, -0.0012969970703125]
[-0.10463018417357972, 0.009708404541015625]
[-0.10467329025268413, -0.0006580352783203125]
[-0.08539247512817383, -0.0077342987060546875]
[-0.08556299209594442, 0.00164031982421875]
[-0.06636199951172728, 0.000762939453125]
[-0.06643667221068483, -0.009355545043945312]
[-0.04714860916136843, 0.00064849853515625]
[-0.047292804718011894, 0.0075626373291015625]
[-0.04714984893798402, -0.0016021728515625]
[-0.047351455688477984, -0.001163482666015625]
[-0.03789672851562642, 0.0098419189453125]
[-0.047262001037594814, -0.000667572021484375]
[-0.047402572631831674, -0.0075817108154296875]
[-0.04742612838744975, 0.0018310546875]
[-0.0569048881530847, 0.0006198883056640625]
[-0.04725131988524822, -0.009613037109375]
[-0.047401428222649145, 0.00064849853515625]
[-0.03780097961425355, 0.007343292236328125]
[-0.03779621124267152, -0.001735687255859375]
[-0.01855125427245241, -0.001010894775390625]
[-0.02803564071655984, 0.010042190551757812]
[-0.028014469146725673, -0.0006580352783203125]
[-0.018211174011227627, -0.0073719024658203125]
[-0.027966976165771484, 0.00202178955078125]
[-0.03745880126952983, 0.0004100799560546875]
[-0.018334865570061254, -0.009698867797851562]
[-0.018490123748776455, 0.00064849853515625]
[-0.018623828887932348, 0.007114410400390625]
[-0.018463706970216265, -0.0019168853759765625]
[-0.018567848205563564, -0.0008869171142578125]
[-0.02829380035400675, 0.010166168212890625]
[-0.028223896026609907, -0.000667572021484375]
[-0.018693256378170986, -0.0071048736572265625]
[-0.018826961517333984, 0.0022602081298828125]
[-0.018910408020026637, 0.00034332275390625]
[-0.018800163269034442, -0.009899139404296875]
[-0.018757438659662284, 0.0006389617919921875]
[-0.018794918060301313, 0.0068378448486328125]
[-0.028277683258046693, -0.002117156982421875]
[-0.028398132324213066, -0.000705718994140625]
[-0.009419918060295629, 0.010213851928710938]
[-0.009211540222160863, -0.000667572021484375]
[0.0003562927246107961, -0.0068378448486328125]
[-0.018781661987297582, 0.0025081634521484375]
[-0.009232234954829721, 0.0002193450927734375]
[-0.018679046630857954, -0.009975433349609375]
[-0.018829154968258877, 0.0006389617919921875]
[-0.009121608734126596, 0.006561279296875]
[-0.008769893646238813, -0.002346038818359375]
[-0.0088205337524343, -0.000553131103515625]
[-0.009068107604974784, 0.010290145874023438]
[-0.009069347381590376, -0.0006580352783203125]
[0.0005874633788991446, -0.0065326690673828125]
[-0.01845989227295064, 0.0027561187744140625]
[-0.028020858764655543, 3.814697265625e-05]
[-0.018432807922366123, -0.009965896606445312]
[-0.018320655822755327, 0.00064849853515625]
[-0.008564472198479223, 0.0061702728271484375]
[-0.008527278900146484, -0.0025653839111328125]
[-0.00867147445677574, -0.0003719329833984375]
[0.0012021064758371836, 0.010213851928710938]
[0.010449695587155361, -0.0006580352783203125]
[0.010737133026118784, -0.0062465667724609375]
[0.0008927345275893117, 0.0029754638671875]
[0.0006013870239200969, -4.76837158203125e-05]
[0.019929313659659442, -0.010013580322265625]
[0.02938966751099059, 0.0006198883056640625]
[0.029279136657720528, 0.0059223175048828125]
[0.029459571838380327, -0.0027370452880859375]
[0.048500919342039595, -0.0002384185791015625]
[0.029459571838380327, 0.01018524169921875]
[0.029406070709228516, -0.0006103515625]
[0.029208087921148262, -0.006008148193359375]
[0.02919244766234641, 0.0032806396484375]
[0.010015869140623579, -0.0001239776611328125]
[0.009900474548345528, -0.01007080078125]
[0.009890079498298121, 0.0006008148193359375]
[0.009847354888918858, 0.005626678466796875]
[0.0098809242248592, -0.0030422210693359375]
[0.000473213195796518, -0.0001621246337890625]
[-0.00905342102050355, 0.010223388671875]
[-0.009176445007319955, -0.0006008148193359375]
[-0.008987998962403765, -0.0057315826416015625]
[-0.018526363372806998, 0.00362396240234375]
[-0.00913143157959695, -0.000209808349609375]
[-0.018546295166018467, -0.010061264038085938]
[-0.018742752075198155, 0.0006008148193359375]
[-0.018867301940915127, 0.005340576171875]
[-0.009165382385255327, -0.0033664703369140625]
[-0.018807029724122515, -7.62939453125e-05]
[-0.009293556213386012, 0.01018524169921875]
[0.0002422332763671875, -0.0006103515625]
[0.00039234161376811016, -0.00545501708984375]
[0.00023183822631978046, 0.0039386749267578125]
[0.009891033172607422, -0.0002956390380859375]
[0.010313034057617188, -0.010061264038085938]
[0.019693946838380327, 0.0006198883056640625]
[0.029303550720214844, 0.0050449371337890625]
[0.02937984466553445, -0.0037097930908203125]
[0.0483824729919462, 3.814697265625e-05]
[0.03913440704345561, 0.010166168212890625]
[0.0388825416564913, -0.0006198883056640625]
[0.038899707794193716, -0.0051784515380859375]
[0.038744449615478516, 0.0043392181396484375]
[0.03883123397827859, -0.0003528594970703125]
[0.0387541770935087, -0.010051727294921875]
[0.048215770721434126, 0.0006103515625]
[0.04837713241578001, 0.004730224609375]
[0.048363113403326, -0.004062652587890625]
[0.048359203338620205, 0.0001049041748046875]
[0.04825782775879617, 0.010089874267578125]
[0.04846620559691672, -0.0006198883056640625]
[0.048280620574956856, -0.0048828125]
[0.038602542877193, 0.0047016143798828125]
[0.04809761047363992, -0.0004100799560546875]
[0.038957405090336295, -0.009965896606445312]
[0.03868465423584411, 0.0006198883056640625]
[0.02894563674927042, 0.004425048828125]
[0.03867025375367206, -0.0043964385986328125]
[0.057572937011727277, 0.000171661376953125]
[0.04813051223754883, 0.010004043579101562]
[0.04833927154541584, -0.0006389617919921875]
[0.048158836364748936, -0.00461578369140625]
[0.04819641113281392, 0.0050830841064453125]
[0.05779685974121662, -0.0004482269287109375]
[0.04824180603027628, -0.009899139404296875]
[0.04818439483642578, 0.0006389617919921875]
[0.05795097351074219, 0.0041484832763671875]
[0.05799884796142862, -0.0047588348388671875]
[0.04868316650390625, 0.0002574920654296875]
[0.048677921295166016, 0.009908676147460938]
[0.038797569274905186, -0.0006389617919921875]
[0.03914651870727681, -0.0043201446533203125]
[0.029453754425048828, 0.0054836273193359375]
[0.010324192047114877, -0.000476837158203125]
[0.010194683074956856, -0.0098419189453125]
[0.010274887084975148, 0.00064849853515625]
[0.0007566452026495085, 0.003833770751953125]
[0.0008300781250056843, -0.005130767822265625]
[0.01034631729126545, 0.000286102294921875]
[0.010239696502694073, 0.009832382202148438]
[0.010462474823000889, -0.0006580352783203125]
[0.01996078491211506, -0.0040531158447265625]
[0.010223007202156964, 0.0058650970458984375]
[0.019999599456795636, -0.00049591064453125]
[0.010178279876718932, -0.009737014770507812]
[0.010296058654795104, 0.000667572021484375]
[0.019864273071291905, 0.003566741943359375]
[0.01027975082397603, -0.0055599212646484375]
[0.010356044769281425, 0.000362396240234375]
[0.010211944580092336, 0.0096893310546875]
[0.01019048690796609, -0.0006771087646484375]
[0.0292716979980554, -0.0038051605224609375]
[0.019692802429204903, 0.0062465667724609375]
[0.00996541976928711, -0.0005245208740234375]
[0.019660186767573862, -0.009632110595703125]
[0.02915925979614542, 0.0006961822509765625]
[0.01932849884033061, 0.0032711029052734375]
[0.009997081756594639, -0.0059413909912109375]
[0.009922409057615766, 0.00041961669921875]
[0.00997953414916708, 0.009593963623046875]
[0.000550365447999468, -0.0006961822509765625]
[0.019698715209969464, -0.0034999847412109375]
[0.0006410598754982288, 0.0066471099853515625]
[-0.00903291702270792, -0.000553131103515625]
[0.0006993293762249664, -0.00949859619140625]
[0.0006126403808650593, 0.00072479248046875]
[0.0006038665771512797, 0.0029754638671875]
[0.0008374214172377492, -0.0063610076904296875]
[0.010225200653088962, 0.00041961669921875]
[0.009910202026368609, 0.009393692016601562]
[0.02930326461792987, -0.00072479248046875]
[0.038509750366209516, -0.0032711029052734375]
[0.04814615249633647, 0.00705718994140625]
[0.048238849639901105, -0.000553131103515625]
[0.04823198318482014, -0.009365081787109375]
[0.038696193695074044, 0.000762939453125]
[0.0387725830078125, 0.0027179718017578125]
[0.04824810028077309, -0.0067138671875]
[0.048135948181155186, 0.0004673004150390625]
[0.03856096267701048, 0.009279251098632812]
[0.038366222381590376, -0.000762939453125]
[0.03866596221924112, -0.0030231475830078125]
[0.03851499557494975, 0.00743865966796875]
[0.019470977783207388, -0.0005817413330078125]
[0.029154872894295636, -0.009241104125976562]
[0.029021167755132637, 0.00080108642578125]
[0.029065513610845528, 0.0024509429931640625]
[0.0102480888366685, -0.0071048736572265625]
[0.019657325744624643, 0.00049591064453125]
[0.010173320770263672, 0.009136199951171875]
[0.010060691833494673, -0.00080108642578125]
[0.019790554046636544, -0.00274658203125]
[0.010189151763917437, 0.007801055908203125]
[0.0008457183837862203, -0.000591278076171875]
[0.020057010650631923, -0.009069442749023438]
[0.019943523406986685, 0.000858306884765625]
[0.019888019561769, 0.0021839141845703125]
[0.0199028015136804, -0.007476806640625]
[0.029497718811043683, 0.0005245208740234375]
[0.029347991943360796, 0.008955001831054688]
[0.039065933227540484, -0.0008392333984375]
[0.0389641761779842, -0.0025272369384765625]
[0.02932100296020934, 0.008134841918945312]
[0.019864749908457213, -0.0006008148193359375]
[0.01965160369873331, -0.00888824462890625]
[0.01984281539917987, 0.00091552734375]
[0.019935131072998047, 0.0019359588623046875]
[0.010273838043218575, -0.007801055908203125]
[0.0007281303405832773, 0.000553131103515625]
[0.010203647613529654, 0.0087738037109375]
[0.0006885528564453125, -0.0009059906005859375]
[0.010214805603020238, -0.002269744873046875]
[0.010297775268547582, 0.008459091186523438]
[0.0008326530456486125, -0.0006103515625]
[0.000950050353999643, -0.008745193481445312]
[0.0006454467773480133, 0.0010013580322265625]
[0.000652313232421875, 0.001678466796875]
[0.0007198333740277008, -0.008153915405273438]
[0.010068416595458984, 0.0005817413330078125]
[0.010191822052007637, 0.00858306884765625]
[0.010068130493166905, -0.000972747802734375]
[0.029318618774418326, -0.0020503997802734375]
[0.029455947875980826, 0.008764266967773438]
[0.029295444488532496, -0.0006008148193359375]
[0.03889589309692809, -0.008535385131835938]
[0.038724994659418144, 0.001087188720703125]
[0.038751697540284624, 0.001468658447265625]
[0.0290190696716337, -0.008440017700195312]
[0.028964710235598545, 0.0005817413330078125]
[0.009924602508547764, 0.008392333984375]
[0.009689807891852809, -0.0010395050048828125]
[-0.009498786926265268, -0.0018596649169921875]
[-0.009521198272700815, 0.009012222290039062]
[-0.019126892089836645, -0.0006008148193359375]
[-0.01910018920897727, -0.008344650268554688]
[-0.038247299194331674, 0.00118255615234375]
[-0.02862434387206747, 0.0012683868408203125]
[-0.038327884674068, -0.00873565673828125]
[-0.03822612762450461, 0.000553131103515625]
[-0.038375854492180395, 0.008182525634765625]
[-0.028594970703125, -0.001125335693359375]
[-0.028517436981204014, -0.00164031982421875]
[-0.03802938461303995, 0.009298324584960938]
[-0.018774032592773438, -0.0005817413330078125]
[-0.02827835083007102, -0.0081634521484375]
[-0.03788404464722106, 0.0013065338134765625]
[-0.018842315673829546, 0.0010776519775390625]
[-0.018726539611812143, -0.009021759033203125]
[-0.009029865264892578, 0.00057220458984375]
[-0.018758583068844814, 0.0079345703125]
[0.0004991531372127156, -0.001239776611328125]
[0.0005127906799273774, -0.0014781951904296875]
[0.0003398895263657664, 0.009517669677734375]
[0.0006073951721177195, -0.0005817413330078125]
[0.019567298889171525, -0.0079345703125]
[0.019460678100585938, 0.0014591217041015625]
[0.019643688201902876, 0.000896453857421875]
[0.0385221481323299, -0.009212493896484375]
[0.03845787048339844, 0.0005626678466796875]
[0.038757324218757105, 0.0077342987060546875]
[0.0479937553405847, -0.001354217529296875]
[0.067293453216557, -0.001277923583984375]
[0.06731576919555948, 0.00965118408203125]
[0.07691745758057067, -0.0005817413330078125]
[0.076857089996345, -0.0077342987060546875]
[0.08639364242554848, 0.0015926361083984375]
[0.10527534484863565, 0.000705718994140625]
[0.09580736160278747, -0.009412765502929688]
[0.10528526306152486, 0.000553131103515625]
[0.11472692489623881, 0.007495880126953125]
[0.11466865539551208, -0.00148773193359375]
[0.13343772888183736, -0.00110626220703125]
[0.14292488098144673, 0.009813308715820312]
[0.1621897697448702, -0.00057220458984375]
[0.18103227615357298, -0.0074863433837890625]
[0.1907612800598173, 0.0017833709716796875]
[0.2001921653747587, 0.0005626678466796875]
[0.2000839233398537, -0.009603500366210938]
[0.21924219131469158, 0.0005626678466796875]
[0.21910200119018697, 0.00720977783203125]
[0.21915311813354776, -0.001659393310546875]
[0.21916379928588725, -0.0009632110595703125]
[0.2097332954406781, 0.009937286376953125]
[0.20980825424194904, -0.0005817413330078125]
[0.2098732948303308, -0.007228851318359375]
[0.20030899047851847, 0.0019741058349609375]
[0.20052976608276651, 0.0004100799560546875]
[0.21026315689087482, -0.009708404541015625]
[0.21057014465332458, 0.0005626678466796875]
[0.22018737792969034, 0.0069522857666015625]
[0.22991552352905842, -0.0018215179443359375]
[0.2492881774902358, -0.0007724761962890625]
[0.2495640754699764, 0.010023117065429688]
[0.2687750816345229, -0.00057220458984375]
[0.2876654624938979, -0.00698089599609375]
[0.2973725318908791, 0.0021839141845703125]
[0.31634998321533203, 0.00026702880859375]
[0.3355717658996653, -0.009851455688476562]
[0.36422185897827575, 0.0005626678466796875]
[0.3737300872802791, 0.00667572021484375]
[0.39285240173339275, -0.002040863037109375]
[0.4213336944580135, -0.000629425048828125]
[0.430842304229742, 0.010128021240234375]
[0.43087491989135884, -0.0005817413330078125]
[0.44989948272705504, -0.0067234039306640625]
[0.45948953628541034, 0.0024509429931640625]
[0.4593202590942411, 0.0002002716064453125]
[0.46871623992920064, -0.009918212890625]
[0.49752845764160725, 0.0002956390380859375]
[0.5068546295166101, 0.006618499755859375]
[0.5261478424072266, -0.00232696533203125]
[0.5548422813415499, -0.0005626678466796875]
[0.5834134101867647, 0.010480880737304688]
[0.6123250007629366, -0.000553131103515625]
[0.6315272331237765, 0.14382362365722656]
[0.669607448577878, 0.2688312530517578]
[0.7080957412719755, 0.3622245788574219]
[0.7466111183166575, 0.41792869567871094]
[0.7852853775024471, 0.5544281005859375]
[0.8235541343688979, 0.6650352478027344]
[0.8718369483947797, 0.682373046875]
[0.9101963043212962, 0.7510280609130859]
[0.9391520500183077, 0.8110237121582031]
[0.987109947204587, 0.8609580993652344]
[1.0255300521850614, 0.92529296875]
[1.0735538482665987, 0.9728431701660156]
[1.111811447143559, 1.0276603698730469]
[1.1502622604370103, 1.1149406433105469]
[1.1980556488037095, 1.2128353118896484]
[1.2459867477417035, 1.2946414947509766]
[1.293800067901607, 1.317148208618164]
[1.3511085510253977, 1.3716793060302734]
[1.3893936157226534, 1.4524555206298828]
[1.4465786933898954, 1.5072822570800781]
[1.4943605422973647, 1.5514755249023438]
[1.5513459205627456, 1.6388988494873047]
[1.5989864349365348, 1.681661605834961]
[1.665907382965088, 1.7282962799072266]
[1.7423405647277903, 1.7758846282958984]
[1.7993592262268123, 1.843099594116211]
[1.8662467002868723, 1.8723011016845703]
[1.92345228195191, 1.8871212005615234]
[1.990016269683835, 1.94549560546875]
[2.0471056938171444, 1.9996356964111328]
[2.113722419738771, 2.0643234252929688]
[2.18032169342041, 2.1175193786621094]
[2.246694183349611, 2.1561813354492188]
[2.322981643676762, 2.2045135498046875]
[2.379824638366699, 2.234220504760742]
[2.4365553855895996, 2.2574901580810547]
[2.512535381317143, 2.283153533935547]
[2.5885186195373606, 2.3099517822265625]
[2.6741980552673326, 2.3437881469726562]
[2.769465351104742, 2.404346466064453]
[2.87430553436279, 2.4640369415283203]
[2.9980736732482995, 2.530689239501953]
[3.1218551635742173, 2.5817203521728516]
[3.274639701843263, 2.6073265075683594]
[3.4270945549011245, 2.639446258544922]
[3.570220470428467, 2.6568126678466797]
[3.742284011840823, 2.676076889038086]
[3.9141783714294434, 2.6938438415527344]
[4.066981506347666, 2.7098560333251953]
[4.220106410980229, 2.722330093383789]
[4.382591056823742, 2.7428627014160156]
[4.525810909271243, 2.772693634033203]
[4.67872943878173, 2.778635025024414]
[4.841324710845946, 2.799549102783203]
[4.994133377075201, 2.8230762481689453]
[5.137473392486569, 2.8505706787109375]
[5.300332164764406, 2.8682708740234375]
[5.452906131744385, 2.8891658782958984]
[5.615502548217776, 2.904491424560547]
[5.768186283111568, 2.908792495727539]
[5.940113830566403, 2.916889190673828]
[6.092633056640622, 2.9266738891601562]
[6.22620964050293, 2.9411792755126953]
[6.37863111495971, 2.9521656036376953]
[6.521470451354979, 2.9637622833251953]
[6.654790687561032, 2.974252700805664]
[6.778360652923588, 2.979888916015625]
[6.90194931030274, 2.9949283599853516]
[7.025252056121822, 3.005361557006836]
[7.139400959014893, 3.008089065551758]
[7.2626848220825195, 3.0149078369140625]
[7.3763840675353975, 3.031177520751953]
[7.4805519104003935, 3.0389785766601562]
[7.6134840011596765, 3.0504703521728516]
[7.7271784782409725, 3.060445785522461]
[7.841073322296147, 3.0784130096435547]
[7.9739907264709515, 3.092794418334961]
[8.106918144226071, 3.104391098022461]
[8.230576038360596, 3.1156444549560547]
[8.363570213317878, 3.123779296875]
[8.50648231506348, 3.137807846069336]
[8.649075412750243, 3.152637481689453]
[8.80141649246216, 3.1672286987304688]
[8.9446117401123, 3.1710243225097656]
[9.116261196136477, 3.1853389739990234]
[9.297343540191648, 3.195219039916992]
[9.48834495544434, 3.2002830505371094]
[9.650769805908212, 3.207254409790039]
[9.841485786437985, 3.218555450439453]
[10.004118156433101, 3.222198486328125]
[10.166528987884519, 3.232755661010742]
[10.34789876937866, 3.2422828674316406]
[10.519926452636724, 3.252401351928711]
[10.692271804809572, 3.258943557739258]
[10.854797935485848, 3.271951675415039]
[11.027002811431885, 3.2773399353027344]
[11.199344635009766, 3.284320831298828]
[11.362055969238284, 3.2929134368896484]
[11.544040870666493, 3.3065414428710938]
[11.706845951080325, 3.308229446411133]
[11.888710308074948, 3.3147335052490234]
[12.051388835906977, 3.3215713500976562]
[12.223839473724368, 3.322763442993164]
[12.38671712875366, 3.3272933959960938]
[12.549488925933844, 3.331766128540039]
[12.702778816223152, 3.3367156982421875]
[12.846831035614024, 3.3421707153320312]
[13.000056171417242, 3.351469039916992]
[13.124626255035409, 3.3623313903808594]
[13.26875190734863, 3.3648300170898438]
[13.403084945678714, 3.369112014770508]
[13.537355709075932, 3.376026153564453]
[13.671859169006353, 3.377504348754883]
[13.806272029876723, 3.3808040618896484]
[13.940393447875984, 3.3908939361572266]
[14.065400218963624, 3.3945083618164062]
[14.180657100677493, 3.391437530517578]
[14.295948314666752, 3.3962154388427734]
[14.392331027984618, 3.403940200805664]
[14.507962608337408, 3.4025955200195312]
[14.613810825347905, 3.4079456329345703]
[14.691087436676021, 3.4153175354003906]
[14.787555503845219, 3.416719436645508]
[14.865086746215816, 3.4220504760742188]
[14.952132034301762, 3.4300804138183594]
[15.048689937591561, 3.439302444458008]
[15.173795604705816, 3.4431934356689453]
[15.298702907562259, 3.4538936614990234]
[15.432961654663089, 3.4607410430908203]
[15.59579668045044, 3.4622573852539062]
[15.748766517639169, 3.4644508361816406]
[15.920779132843016, 3.473215103149414]
[16.08293781280517, 3.4751319885253906]
[16.254823303222658, 3.4752845764160156]
[16.397537994384763, 3.4801769256591797]
[16.549932765960698, 3.482084274291992]
[16.68323669433594, 3.4817028045654297]
[16.825866413116458, 3.4857654571533203]
[16.939829921722414, 3.4891796112060547]
[17.063484191894524, 3.490724563598633]
[17.20627002716065, 3.4927940368652344]
[17.320311260223384, 3.4988021850585938]
[17.44394779205323, 3.4967613220214844]
[17.56741056442261, 3.497467041015625]
[17.690810680389397, 3.5038185119628906]
[17.79544296264649, 3.506135940551758]
[17.90968112945557, 3.5045909881591797]
[18.014195060729982, 3.510284423828125]
[18.109187889099125, 3.5152721405029297]
[18.22350730895996, 3.5141468048095703]
[18.328316402435306, 3.519268035888672]
[18.404595756530767, 3.5256195068359375]
[18.499927616119386, 3.5258960723876953]
[18.59560308456421, 3.527250289916992]
[18.671966457366942, 3.533620834350586]
[18.739176559448246, 3.536405563354492]
[18.83497838974, 3.5357284545898438]
[18.902122879028326, 3.542470932006836]
[18.978789520263675, 3.547353744506836]
[19.046120548248297, 3.546724319458008]
[19.103567600250244, 3.549337387084961]
[19.180387592315675, 3.553628921508789]
[19.237978076934816, 3.558053970336914]
[19.305004501342772, 3.5581398010253906]
[19.37190008163453, 3.562469482421875]
[19.42925157546997, 3.5639286041259766]
[19.496312904357914, 3.5628128051757812]
[19.563129615783687, 3.5663223266601562]
[19.630043029785163, 3.570079803466797]
[19.677666759490975, 3.569345474243164]
[19.744660091400156, 3.5706615447998047]
[19.79195890426636, 3.57391357421875]
[19.839444923400883, 3.572072982788086]
[19.88706350326538, 3.5709571838378906]
[19.92515306472778, 3.5741710662841797]
[19.9725887298584, 3.5763931274414062]
[19.991569423675543, 3.5744476318359375]
[20.02967643737793, 3.5791397094726562]
[20.058129405975343, 3.582143783569336]
[20.096291923522955, 3.5779666900634766]
[20.153409957885742, 3.5793399810791016]
[20.201063537597662, 3.5836124420166016]
[20.24882297515869, 3.582172393798828]
[20.3060212135315, 3.581991195678711]
[20.35343332290649, 3.5854530334472656]
[20.401014709472648, 3.588104248046875]
[20.429529476165783, 3.5869789123535156]
[20.46757411956787, 3.5910987854003906]
[20.495945644378665, 3.594379425048828]
[20.524594974517818, 3.592233657836914]
[20.572083187103274, 3.5921287536621094]
[20.58152942657471, 3.596363067626953]
[20.62913551330567, 3.595876693725586]
[20.67688331604004, 3.5959529876708984]
[20.724453449249268, 3.6000823974609375]
[20.800376892089844, 3.6016368865966797]
[20.857541275024417, 3.601665496826172]
[20.923918914794925, 3.6046791076660156]
[20.980992794036858, 3.6075592041015625]
[21.037989330291744, 3.608121871948242]
[21.08540287017822, 3.61083984375]
[21.161373233795175, 3.615875244140625]
[21.209007644653326, 3.6152076721191406]
[21.28509016036987, 3.6147117614746094]
[21.351642513275152, 3.6182022094726562]
[21.417820358276373, 3.618335723876953]
[21.47512512207031, 3.6170578002929688]
[21.541436290740968, 3.6207008361816406]
[21.598431491851812, 3.6227798461914062]
[21.65566186904907, 3.6210250854492188]
[21.712808704376222, 3.6213016510009766]
[21.741328907012942, 3.6249351501464844]
[21.779257488250735, 3.6277008056640625]
[21.807921695709226, 3.6270618438720703]
[21.8269006729126, 3.630037307739258]
[21.845948028564443, 3.6312389373779297]
[21.884209442138676, 3.6301040649414062]
[21.90329465866089, 3.6334228515625]
[21.931781482696536, 3.6355113983154297]
[21.941516494750978, 3.6334800720214844]
[21.979374694824223, 3.6345767974853516]
[21.979224109649664, 3.637371063232422]
[21.98875274658203, 3.635835647583008]
[22.00773086547852, 3.6344242095947266]
[21.997710704803467, 3.6366939544677734]
[22.026136875152588, 3.6370372772216797]
[22.01653108596802, 3.6348438262939453]
[22.01581439971924, 3.637399673461914]
[22.02502841949463, 3.6401844024658203]
[22.034295845031735, 3.638477325439453]
[22.05273675918579, 3.6404895782470703]
[22.042490577697755, 3.6455249786376953]
[22.051610469818115, 3.6451244354248047]
[22.069908809661875, 3.644847869873047]
[22.10753164291382, 3.6483383178710938]
[22.13546218872071, 3.6486339569091797]
[22.182650375366208, 3.6476516723632812]
[22.23932733535767, 3.651714324951172]
[22.28644685745239, 3.6551666259765625]
[22.34314985275269, 3.653583526611328]
[22.390329647064206, 3.6545848846435547]
[22.428029060363762, 3.6586475372314453]
[22.466008377075198, 3.6560821533203125]
[22.503998374938966, 3.655242919921875]
[22.52274589538574, 3.6580371856689453]
[22.5512399673462, 3.658618927001953]
[22.551209545135492, 3.656482696533203]
[22.560526847839355, 3.659543991088867]
[22.56070165634155, 3.6616897583007812]
[22.57972602844238, 3.659963607788086]
[22.579638862609862, 3.661470413208008]
[22.589003753662112, 3.6650562286376953]
[22.58904790878296, 3.663330078125]
[22.588883018493654, 3.6633872985839844]
[22.598211193084722, 3.666105270385742]
[22.61713714599609, 3.6653804779052734]
[22.62666921615601, 3.6635971069335938]
[22.63605375289918, 3.6667919158935547]
[22.655107402801512, 3.6687278747558594]
[22.664548969268807, 3.6668872833251953]
[22.67366275787353, 3.6675262451171875]
[22.66383829116821, 3.6700916290283203]
[22.65415306091309, 3.6682510375976562]
[22.64437322616577, 3.667011260986328]
[22.6345537185669, 3.6691761016845703]
[22.615312194824227, 3.668508529663086]
[22.595995235443127, 3.6674880981445312]
[22.595815753936776, 3.6710739135742188]
[22.60514097213745, 3.673563003540039]
[22.624065208435063, 3.671417236328125]
[22.662213897705072, 3.6725807189941406]
[22.671674060821537, 3.6762237548828125]
[22.70988626480102, 3.674602508544922]
[22.757651519775393, 3.675355911254883]
[22.795891189575187, 3.67828369140625]
[22.834075546264657, 3.678407669067383]
[22.88218402862549, 3.6762237548828125]
[22.910644435882567, 3.678274154663086]
[22.948999881744385, 3.6800098419189453]
[22.968298816680914, 3.678007125854492]
[23.016148471832274, 3.67950439453125]
[23.006471443176267, 3.6817550659179688]
[23.006711483001716, 3.6792469024658203]
[23.01642217636109, 3.6782169342041016]
[22.99727907180786, 3.6811256408691406]
[22.98803997039795, 3.6803150177001953]
[22.94989833831788, 3.678102493286133]
[22.94025239944458, 3.6809349060058594]
[22.89261102676391, 3.6823272705078125]
[22.85441808700562, 3.680696487426758]
[22.815811252593996, 3.6812591552734375]
[22.758234596252443, 3.6832427978515625]
[22.69107904434204, 3.679943084716797]
[22.623794651031496, 3.678874969482422]
[22.53724498748779, 3.6806106567382812]
[22.45084629058838, 3.6794281005859375]
[22.35506143569947, 3.6772632598876953]
[22.268593597412107, 3.6799144744873047]
[22.163146686553958, 3.681011199951172]
[22.07712640762329, 3.6785888671875]
[21.981354331970216, 3.679056167602539]
[21.88591423034668, 3.68133544921875]
[21.790451812744145, 3.6783409118652344]
[21.695063209533693, 3.6766815185546875]
[21.599692058563228, 3.6783599853515625]
[21.504525375366214, 3.676424026489258]
[21.39994087219238, 3.6723899841308594]
[21.285407352447507, 3.6730384826660156]
[21.1614302635193, 3.672513961791992]
[21.037590503692634, 3.669862747192383]
[20.913651275634763, 3.6706066131591797]
[20.77061595916748, 3.6726760864257812]
[20.627817440032963, 3.6679744720458984]
[20.47536725997925, 3.66455078125]
[20.313060951232913, 3.6643600463867188]
[20.150786304473883, 3.6579132080078125]
[19.97936906814575, 3.653135299682617]
[19.79807214736939, 3.652477264404297]
[19.616832447051998, 3.65142822265625]
[19.435822677612308, 3.6470699310302734]
[19.254296398162843, 3.6460494995117188]
[19.073114204406735, 3.6464691162109375]
[18.892241096496583, 3.6415767669677734]
[18.73972778320313, 3.634519577026367]
[18.577653789520262, 3.6365699768066406]
[18.42509813308716, 3.6354732513427734]
[18.272498607635498, 3.633108139038086]
[18.15819787979126, 3.635892868041992]
[18.034232807159427, 3.6340808868408203]
[17.939094448089598, 3.6279869079589844]
[17.843570995330815, 3.6267662048339844]
[17.74818124771118, 3.6269187927246094]
[17.672236919403083, 3.620014190673828]
[17.58648099899292, 3.610219955444336]
[17.500588035583498, 3.6016368865966797]
[17.376918792724616, 3.592853546142578]
[17.301209640502933, 3.5813045501708984]
[17.1778528213501, 3.5761070251464844]
[17.026078987121586, 3.5645103454589844]
[16.864934539794923, 3.5553741455078125]
[16.675771236419678, 3.5472965240478516]
[16.44848508834839, 3.5418033599853516]
[16.2119143486023, 3.538084030151367]
[15.965885639190681, 3.5370254516601562]
[15.719837951660153, 3.541994094848633]
[15.454870700836182, 3.542966842651367]
[15.218537139892582, 3.5416793823242188]
[15.00096855163575, 3.548564910888672]
[14.812136077880865, 3.5524463653564453]
[14.661666202545163, 3.5503292083740234]
[14.52991590499878, 3.551759719848633]
[14.426550006866456, 3.5513687133789062]
[14.342555332183835, 3.5455894470214844]
[14.267470169067387, 3.541431427001953]
[14.211267185211184, 3.538236618041992]
[14.126003456115725, 3.533658981323242]
[14.059710979461677, 3.5267162322998047]
[13.983588314056412, 3.5219192504882812]
[13.888286972045911, 3.5153579711914062]
[13.783202171325684, 3.506765365600586]
[13.668078899383538, 3.5029220581054688]
[13.53378963470459, 3.4981155395507812]
[13.380216217041017, 3.4893417358398438]
[13.217061424255377, 3.4891319274902344]
[13.063029479980479, 3.49334716796875]
[12.899329566955565, 3.4905624389648438]
[12.745054912567142, 3.4864425659179688]
[12.590863609313978, 3.487863540649414]
[12.43629112243653, 3.485431671142578]
[12.310983943939206, 3.4789180755615234]
[12.175436878204344, 3.477640151977539]
[12.059234905242924, 3.476724624633789]
[11.94333219528199, 3.46893310546875]
[11.82750244140626, 3.4584617614746094]
[11.711751747131352, 3.4552574157714844]
[11.586429405212407, 3.4471702575683594]
[11.461255073547356, 3.433551788330078]
[11.33645963668824, 3.4249305725097656]
[11.202002620697016, 3.4167957305908203]
[11.058161735534675, 3.4034252166748047]
[10.904798984527588, 3.400449752807617]
[10.751152706146236, 3.4006690979003906]
[10.607703781127938, 3.3977317810058594]
[10.444896984100339, 3.396148681640625]
[10.291506099700932, 3.3968162536621094]
[10.148268795013415, 3.391571044921875]
[10.02356691360474, 3.382701873779297]
[9.898890209197994, 3.3763790130615234]
[9.784007835388188, 3.3653640747070312]
[9.659713840484628, 3.352327346801758]
[9.554413700103758, 3.3471107482910156]
[9.449260997772221, 3.334989547729492]
[9.334510993957522, 3.323650360107422]
[9.2293381690979, 3.3139705657958984]
[9.123952770233153, 3.310394287109375]
[8.999893093109137, 3.2956695556640625]
[8.885345935821533, 3.2819175720214844]
[8.760687255859374, 3.2748031616210938]
[8.627049636840816, 3.265552520751953]
[8.502933025360107, 3.263387680053711]
[8.359606170654303, 3.27117919921875]
[8.245001316070564, 3.27880859375]
[8.120923137664796, 3.2772159576416016]
[8.035240364074717, 3.2766246795654297]
[7.939883899688731, 3.275613784790039]
[7.863703727722175, 3.2677078247070312]
[7.806618785858156, 3.2568836212158203]
[7.739881134033197, 3.2473278045654297]
[7.68300800323486, 3.2349681854248047]
[7.625631332397468, 3.220977783203125]
[7.577929878234862, 3.2131004333496094]
[7.511237525939947, 3.201436996459961]
[7.463498687744149, 3.1900501251220703]
[7.405946922302242, 3.1789684295654297]
[7.329118728637695, 3.171377182006836]
[7.252646160125735, 3.151416778564453]
[7.1666062355041475, 3.1389617919921875]
[7.061385536193846, 3.1291675567626953]
[6.955973148345954, 3.1229114532470703]
[6.851004219055177, 3.1090259552001953]
[6.73628940582276, 3.105297088623047]
[6.59326963424683, 3.0967235565185547]
[6.468914222717288, 3.0772781372070312]
[6.335615444183347, 3.059701919555664]
[6.192411041259767, 3.0530643463134766]
[6.049370002746585, 3.0413341522216797]
[5.9256555557251005, 3.0367660522460938]
[5.80173397064209, 3.03558349609375]
[5.677788925170901, 3.032550811767578]
[5.573242759704591, 3.022441864013672]
[5.478062343597422, 3.0185317993164062]
[5.382951164245604, 3.012666702270508]
[5.307080173492437, 2.9964733123779297]
[5.2217840194702205, 2.980051040649414]
[5.155266094207768, 2.9609107971191406]
[5.088962268829356, 2.9405784606933594]
[5.03267498016357, 2.9202842712402344]
[4.966541290283203, 2.906513214111328]
[4.909959506988528, 2.8908538818359375]
[4.843887424469003, 2.874298095703125]
[4.778167057037358, 2.8661441802978516]
[4.70252094268799, 2.8660202026367188]
[4.636582279205328, 2.8583717346191406]
[4.570575809478761, 2.858266830444336]
[4.494866561889651, 2.858762741088867]
[4.429105186462408, 2.848377227783203]
[4.362995147705078, 2.8400325775146484]
[4.296801757812503, 2.8383922576904297]
[4.230497455596925, 2.8249263763427734]
[4.174041461944583, 2.803936004638672]
[4.107780647277835, 2.7862930297851562]
[4.040874576568605, 2.770872116088867]
[3.9839770317077665, 2.7503395080566406]
[3.9266902923584013, 2.739076614379883]
[3.8599774360656767, 2.7362060546875]
[3.8024774551391616, 2.724943161010742]
[3.735748577117917, 2.7019691467285156]
[3.66869678497315, 2.6752185821533203]
[3.6112941741943416, 2.650022506713867]
[3.5250604629516573, 2.6267051696777344]
[3.448636436462401, 2.6085376739501953]
[3.362433910369873, 2.5965023040771484]
[3.2858941078186064, 2.583179473876953]
[3.2092321395874066, 2.570924758911133]
[3.132361698150632, 2.572031021118164]
[3.0557962417602553, 2.556600570678711]
[2.998072910308835, 2.550325393676758]
[2.9212284088134766, 2.547321319580078]
[2.8731368064880485, 2.545299530029297]
[2.8156178474426383, 2.538480758666992]
[2.7674435615539608, 2.538633346557617]
[2.709918308258061, 2.5415706634521484]
[2.680995368957525, 2.5245094299316406]
[2.6520508766174373, 2.5165462493896484]
[2.5943264961242747, 2.4947166442871094]
[2.5747733116149902, 2.4713993072509766]
[2.5364463806152386, 2.4391746520996094]
[2.498165798187266, 2.4305343627929688]
[2.459493255615236, 2.413473129272461]
[2.430805206298828, 2.3965930938720703]
[2.3829731941223145, 2.387247085571289]
[2.3539562225341797, 2.3811817169189453]
[2.3156756401061998, 2.37030029296875]
[2.286980819702144, 2.3642635345458984]
[2.2483676910400447, 2.3639297485351562]
[2.2100671768188533, 2.3462867736816406]
[2.1909656524658203, 2.3399734497070312]
[2.162214469909678, 2.329702377319336]
[2.1239159584045453, 2.3006153106689453]
[2.104923820495614, 2.2734928131103516]
[2.0760888099670325, 2.2377777099609375]
[2.0377766609191923, 2.221536636352539]
[2.0187147140502972, 2.1825313568115234]
[1.98036537170411, 2.15240478515625]
[1.9517654418945298, 2.1340465545654297]
[1.923152065277101, 2.0752811431884766]
[1.8847072601318402, 2.0629405975341797]
[1.8558741569519128, 2.0223045349121094]
[1.7986484527587976, 2.003936767578125]
[1.7602191925048842, 1.9696044921875]
[1.7216529846191406, 1.9582080841064453]
[1.6736726760864258, 1.9075393676757812]
[1.635568428039555, 1.9027996063232422]
[1.5973255157470732, 1.8888187408447266]
[1.5684503555297837, 1.9093894958496094]
[1.5300026893615737, 1.8988323211669922]
[1.4915925025939956, 1.8768882751464844]
[1.462702655792242, 1.871786117553711]
[1.4341980934143166, 1.8597984313964844]
[1.4052151679992662, 1.8404769897460938]
[1.3858575820922852, 1.8259239196777344]
[1.3474842071533217, 1.8204593658447266]
[1.3280479431152301, 1.8005943298339844]
[1.3086369514465375, 1.79534912109375]
[1.2797068595886216, 1.7896556854248047]
[1.260521411895752, 1.7772388458251953]
[1.231663227081306, 1.7618083953857422]
[1.2122956275940027, 1.757974624633789]
[1.192842769622807, 1.7534255981445312]
[1.1832609176635742, 1.7401504516601562]
[1.1736056327819853, 1.733551025390625]
[1.1544317245483384, 1.7237281799316406]
[1.1350131034851145, 1.7133522033691406]
[1.125462055206306, 1.7157649993896484]
[1.1252363204956097, 1.726388931274414]
[1.1153845787048482, 1.732339859008789]
[1.115351772308351, 1.7253303527832031]
[1.0958068847656222, 1.7303848266601562]
[1.0957880973815932, 1.7244529724121094]
[1.0956147193908734, 1.6963577270507812]
[1.0764451980590763, 1.68792724609375]
[1.0765246391296373, 1.6676521301269531]
[1.057370376586917, 1.6437149047851562]
[1.0764301300048942, 1.6300201416015625]
[1.0477613449096737, 1.614084243774414]
[1.0286658287048382, 1.5924739837646484]
[1.019239902496338, 1.5752029418945312]
[0.9999934196472253, 1.5757465362548828]
[0.9905942916870103, 1.5691661834716797]
[0.9618902206420898, 1.5597343444824219]
[0.9522929191589355, 1.5651798248291016]
[0.9428378105163588, 1.5679454803466797]
[0.9333116531372099, 1.5589046478271484]
[0.9144064903259235, 1.5548133850097656]
[0.9047461509704604, 1.5556907653808594]
[0.8857151985168485, 1.5376091003417969]
[0.8955420494079647, 1.5206718444824219]
[0.8763027191162109, 1.492919921875]
[0.8766804695129409, 1.466665267944336]
[0.8765925407409654, 1.4561843872070312]
[0.8575377464294434, 1.4375495910644531]
[0.8575221061706628, 1.4304542541503906]
[0.828967761993411, 1.4107990264892578]
[0.8290065765380916, 1.3985347747802734]
[0.8001231193542466, 1.4023017883300781]
[0.7904535293579116, 1.3916492462158203]
[0.7807460784912124, 1.379098892211914]
[0.7712585449218778, 1.3574504852294922]
[0.7614855766296387, 1.3430023193359375]
[0.761606025695805, 1.3120079040527344]
[0.7518194198608512, 1.307077407836914]
[0.7420702934265151, 1.2912464141845703]
[0.7325295448303208, 1.2677669525146484]
[0.7323925971984906, 1.243734359741211]
[0.7223492622375502, 1.2254810333251953]
[0.7129954338073716, 1.2004947662353516]
[0.7032774925231919, 1.17767333984375]
[0.6933519363403349, 1.1583805084228516]
[0.6932880401611285, 1.1321640014648438]
[0.6741088867187557, 1.1280155181884766]
[0.6644017219543557, 1.143045425415039]
[0.6545556068420453, 1.1485862731933594]
[0.6354551315307688, 1.1363792419433594]
[0.6354739189147978, 1.148061752319336]
[0.6163673400878977, 1.1593246459960938]
[0.616255092620861, 1.1451339721679688]
[0.6162729263305664, 1.1382865905761719]
[0.6162943840026855, 1.1366748809814453]
[0.6162213325500545, 1.1301326751708984]
[0.6166208267211886, 1.1234378814697266]
[0.6166214942932129, 1.110830307006836]
[0.6072672843933162, 1.0843563079833984]
[0.6070144653320426, 1.0599422454833984]
[0.5975294113159251, 1.0476493835449219]
[0.5879919052124052, 1.0542488098144531]
[0.5882055282592802, 1.0155010223388672]
[0.5787458419799947, 0.9920406341552734]
[0.5787961006164579, 0.9423732757568359]
[0.5595356941223173, 0.9369468688964844]
[0.5597939491272044, 0.9093666076660156]
[0.5594729423523006, 0.9095191955566406]
[0.5501291275024514, 0.9224987030029297]
[0.5597356796264634, 0.8936023712158203]
[0.5596230506897015, 0.8886623382568359]
[0.5597930908203139, 0.8938312530517578]
[0.550246143341063, 0.8797740936279297]
[0.5501499176025462, 0.8648395538330078]
[0.5501806259155231, 0.8847808837890625]
[0.5501674652099595, 0.8767127990722656]
[0.5504056930542092, 0.8493423461914062]
[0.5404793739318876, 0.8428096771240234]
[0.5406535148620648, 0.8648395538330078]
[0.521526336669929, 0.8126926422119141]
[0.5120184898376507, 0.8038711547851562]
[0.4929073333740206, 0.805511474609375]
[0.48319463729858825, 0.7672214508056641]
[0.4832477569580149, 0.7475185394287109]
[0.47352075576782937, 0.7622051239013672]
[0.4734780311584501, 0.7202529907226562]
[0.4542490959167509, 0.6598281860351562]
[0.4352891921997113, 0.6179523468017578]
[0.4352317810058608, 0.6217098236083984]
[0.42569952011108114, 0.6122970581054688]
[0.40652599334717365, 0.5649089813232422]
[0.39711351394653605, 0.6493949890136719]
[0.3969901084899945, 0.6960582733154297]
[0.4064409255981474, 0.7235050201416016]
[0.41599903106690306, 0.7602214813232422]
[0.4256374359130888, 0.7825851440429688]
[0.44472064971924397, 0.7612228393554688]
[0.4638197898864789, 0.7850074768066406]
[0.48301515579224485, 0.7931327819824219]
[0.5021343231201243, 0.7976150512695312]
[0.5310169219970717, 0.7878875732421875]
[0.53075466156006, 0.7706451416015625]
[0.540440177917489, 0.7517147064208984]
[0.5692529678344798, 0.5883979797363281]
[0.5595599174499526, 0.4726600646972656]
[0.5691808700561651, 0.3462791442871094]
[0.5593229293823256, 0.1423168182373047]
[0.5597397804260282, 0.0763702392578125]
[0.5498382568359403, 0.0037670135498046875]
[0.5498511314392118, -0.00545501708984375]
[0.5305950164795021, 0.0003147125244140625]
[0.530644607543941, 0.009765625]
[0.5114798545837473, 0.0044727325439453125]
[0.5020122528076243, 0.02162933349609375]
[0.4828379631042523, 0.02231597900390625]
[0.46378307342529723, 0.004730224609375]
[0.4543609619140696, -0.0029850006103515625]
[0.444572830200201, 0.000705718994140625]
[0.42559461593628356, 0.003528594970703125]
[0.40647745132447, -0.005855560302734375]
[0.4063879966735868, 0.0003719329833984375]
[0.3777717590332088, 0.00965118408203125]
[0.36837444305420064, -0.0007534027099609375]
[0.3587523460388198, -0.00370025634765625]
[0.3397757530212431, 0.0066089630126953125]
[0.320422744750978, -0.0005435943603515625]
[0.32026901245117756, -0.009565353393554688]
[0.3203760147094812, 0.0007152557373046875]
[0.3107392311096149, 0.003223419189453125]
[0.3107858657836928, -0.0060558319091796875]
[0.32028379440307475, 0.000400543212890625]
[0.3107372283935561, 0.009250640869140625]
[0.30107250213622905, -0.0007534027099609375]
[0.3009347915649414, -0.003528594970703125]
[0.2916804313659682, 0.0067615509033203125]
[0.2820212364196806, -0.00057220458984375]
[0.27242593765258505, -0.009164810180664062]
[0.27252254486084126, 0.0007724761962890625]
[0.28203725814820046, 0.0030994415283203125]
[0.2724742889404368, -0.006427764892578125]
[0.29166965484619567, 0.000457763671875]
[0.29137544631958434, 0.009403228759765625]
[0.3102714538574176, -0.0007915496826171875]
[0.32928094863891033, -0.003261566162109375]
[0.3386714935302706, 0.0072765350341796875]
[0.3385426521301227, -0.000591278076171875]
[0.3479024887084847, -0.009355545043945312]
[0.36692628860473775, 0.0007915496826171875]
[0.3764302253723173, 0.0027370452880859375]
[0.3858966827392578, -0.00690460205078125]
[0.3951435089111399, 0.000476837158203125]
[0.39528608322143555, 0.0090789794921875]
[0.40456686019897603, -0.0008106231689453125]
[0.41420574188231996, -0.0029087066650390625]
[0.414156246185307, 0.0074100494384765625]
[0.42369241714477823, -0.0005817413330078125]
[0.423825740814209, -0.008907318115234375]
[0.4238896369934153, 0.000820159912109375]
[0.4143318176269517, 0.00240325927734375]
[0.4049936294555607, -0.0070095062255859375]
[0.40519123077393715, 0.0004863739013671875]
[0.39563341140747355, 0.00885009765625]
[0.38611307144164897, -0.000858306884765625]
[0.38630151748657227, -0.0027370452880859375]
[0.3579573631286692, 0.0076770782470703125]
[0.34851427078246644, -0.0006008148193359375]
[0.32963285446167134, -0.008783340454101562]
[0.3201226234436092, 0.00087738037109375]
[0.31080713272095295, 0.002193450927734375]
[0.29193582534789897, -0.00732421875]
[0.2825595855712919, 0.0005054473876953125]
[0.2636364936828599, 0.008726119995117188]
[0.25424957275391336, -0.000896453857421875]
