[0.0, 0.09892463684082031]
[-0.019191455841067295, 0.10804176330566406]
[-0.01932001113890891, 0.10143280029296875]
[-0.009650421142573862, 0.09377479553222656]
[-0.00010900497435528678, 0.1023101806640625]
[-0.009537792205811968, 0.10402679443359375]
[-0.009543418884277344, 0.09561538696289062]
[-7.181167602965388e-05, 0.101776123046875]
[-5.5789947509765625e-05, 0.10973930358886719]
[-0.019181632995596942, 0.10153770446777344]
[-0.009821033477777519, 0.09943962097167969]
[-0.009795475006107779, 0.10842323303222656]
[-0.00018463134765767109, 0.10156631469726562]
[-0.009842205047597474, 0.09387969970703125]
[-0.00970487594604208, 0.10222434997558594]
[-0.00972604751586914, 0.10364532470703125]
[-0.009880924224852095, 0.09512901306152344]
[-0.010120010375977984, 0.10146141052246094]
[-0.00983219146728942, 0.10869979858398438]
[-0.01005697250366211, 0.10035514831542969]
[-0.00035343170166157734, 0.09836196899414062]
[-0.0004672050476131062, 0.10750770568847656]
[-0.010199832916256923, 0.10068893432617188]
[-0.0004888534545983703, 0.09317398071289062]
[0.009073734283447266, 0.10153770446777344]
[0.008967971801759234, 0.10304450988769531]
[0.009078884124761544, 0.09466171264648438]
[0.028109455108648262, 0.10117530822753906]
[0.01841669082642028, 0.10876655578613281]
[0.02797212600707155, 0.10046958923339844]
[0.03744688034057475, 0.09846687316894531]
[0.02780761718749858, 0.10773658752441406]
[0.037441635131834516, 0.10071754455566406]
[0.02781276702880575, 0.09332656860351562]
[0.027903747558596592, 0.1018524169921875]
[0.027866268157957563, 0.10335922241210938]
[0.02780237197875124, 0.09504318237304688]
[0.037441635131834516, 0.10163307189941406]
[0.027925395965581856, 0.10907173156738281]
[0.02773818969725994, 0.10085105895996094]
[0.037543869018563214, 0.0991058349609375]
[0.03752670288085369, 0.10849952697753906]
[0.028017997741692113, 0.101318359375]
[0.01856203079223917, 0.09400367736816406]
[0.018514156341552734, 0.10234832763671875]
[0.018473148345947266, 0.10378837585449219]
[0.008871078491210938, 0.09534835815429688]
[0.018423271179194955, 0.10201454162597656]
[0.008796501159665127, 0.10947227478027344]
[-0.0008199691772432516, 0.10135650634765625]
[-0.0007064819335980133, 0.0994110107421875]
[-0.010377597808840733, 0.10865211486816406]
[-0.010324478149421168, 0.10155677795410156]
[-0.010196685791015625, 0.09418487548828125]
[-0.019930458068856183, 0.10247230529785156]
[-0.010440921783455792, 0.10373115539550781]
[-0.019984340667733136, 0.09520530700683594]
[-0.02960443496703391, 0.10188102722167969]
[-0.02961683273314719, 0.10914802551269531]
[-0.029687881469733668, 0.10100364685058594]
[-0.020020675659175424, 0.09923934936523438]
[-0.01987257003784748, 0.10852813720703125]
[-0.02003307342529581, 0.10126113891601562]
[-0.019878196716312857, 0.09412765502929688]
[-0.010522460937501421, 0.1021575927734375]
[-0.01050128936767436, 0.1033782958984375]
[-0.000758266448968925, 0.09512901306152344]
[-0.000827789306640625, 0.10174751281738281]
[-0.010306930541993609, 0.10905265808105469]
[-0.0008605003356976226, 0.10115623474121094]
[-0.0008377075195298289, 0.09954452514648438]
[-0.000924396514889736, 0.10891914367675781]
[-0.0007319450378417969, 0.10165214538574219]
[0.008829402923588248, 0.09441375732421875]
[-0.0009899139404296875, 0.10258674621582031]
[-0.01056404113769105, 0.10370254516601562]
[-0.020070743560793858, 0.09528160095214844]
[-0.010657501220705967, 0.10217666625976562]
[-0.020428466796865052, 0.10944366455078125]
[-0.02025194168090394, 0.10149955749511719]
[-0.0011782646179199219, 0.09993553161621094]
[-0.0012633323669462015, 0.10918617248535156]
[-0.0011631011962833782, 0.10191917419433594]
[0.017973232269291373, 0.09474754333496094]
[0.01767416000366495, 0.10296821594238281]
[0.027356529235838423, 0.10399818420410156]
[0.036971759796138315, 0.09547233581542969]
[0.036960983276365766, 0.10235786437988281]
[0.03683643341064169, 0.10951995849609375]
[0.0273006439209027, 0.10159492492675781]
[0.02731389999389222, 0.09997367858886719]
[0.027285575866692113, 0.1093292236328125]
[0.027456855773920097, 0.10183334350585938]
[0.027446079254140443, 0.09450912475585938]
[0.02739219665526349, 0.10277748107910156]
[0.027383041381831674, 0.1038360595703125]
[0.03688526153564453, 0.09528160095214844]
[0.02728996276855611, 0.10245323181152344]
[0.01768941879272745, 0.10966300964355469]
[0.017646312713623047, 0.10159492492675781]
[0.017795562744140625, 0.10018348693847656]
[0.017709732055656957, 0.10962486267089844]
[0.008201503753660688, 0.10206222534179688]
[0.008215808868406782, 0.0948333740234375]
[0.0177248954772935, 0.1031494140625]
[0.008183479309082031, 0.10399818420410156]
[0.008145999908443002, 0.09548187255859375]
[0.00822591781616211, 0.10286331176757812]
[0.008065414428706674, 0.11005401611328125]
[0.017660427093510123, 0.10201454162597656]
[0.017549133300775566, 0.10073661804199219]
[0.007909870147699394, 0.11058807373046875]
[0.017649364471431284, 0.10278701782226562]
[0.017595481872561436, 0.09549140930175781]
[0.017763233184815874, 0.10371208190917969]
[0.01767253875732422, 0.10442733764648438]
[0.0178154945373592, 0.09558677673339844]
[0.01769809722900817, 0.10304450988769531]
[0.01760225296020934, 0.11019706726074219]
[0.017686080932627135, 0.10210037231445312]
[0.027262306213380327, 0.10083198547363281]
[0.017824649810791016, 0.11042594909667969]
[0.027314186096191406, 0.10260581970214844]
[0.027197647094730826, 0.09541511535644531]
[0.01749420166015625, 0.10362625122070312]
[0.027021312713621626, 0.10437965393066406]
[0.02703046798705344, 0.09570121765136719]
[0.03656797409057333, 0.1032257080078125]
[0.03645944595336914, 0.11030197143554688]
[0.046107864379884234, 0.10232925415039062]
[0.06517477035522035, 0.1010894775390625]
[0.055617332458496094, 0.11081695556640625]
[0.04596853256225586, 0.10279655456542969]
[0.04597377777098899, 0.09578704833984375]
[0.04582405090332031, 0.10400772094726562]
[0.03641757965088033, 0.10457992553710938]
[0.026787471771243077, 0.09593009948730469]
[0.02686367034912962, 0.10342597961425781]
[0.017166996002195845, 0.11020660400390625]
[0.017204475402834873, 0.10216712951660156]
[-0.0018826484680189992, 0.100860595703125]
[0.017188167572022905, 0.11046409606933594]
[0.007673835754395952, 0.10263442993164062]
[0.007699871063238106, 0.09569168090820312]
[0.007694625854497872, 0.10389328002929688]
[0.007728195190431109, 0.10446548461914062]
[-0.0017597198486285492, 0.09568214416503906]
[-0.0019485473632769867, 0.10333061218261719]
[-0.02106895446776491, 0.11027336120605469]
[-0.030503368377679863, 0.10232925415039062]
[-0.040065479278567295, 0.10126113891601562]
[-0.04018449783325195, 0.11089324951171875]
[-0.049629306793207206, 0.102996826171875]
[-0.04952268600463583, 0.09586334228515625]
[-0.049506759643563214, 0.10401725769042969]
[-0.0495210647583022, 0.10441780090332031]
[-0.049444103240965376, 0.09566307067871094]
[-0.0398954391479478, 0.10336875915527344]
[-0.059073257446293326, 0.11026382446289062]
[-0.04951190948486328, 0.10237693786621094]
[-0.04008665084838725, 0.10140419006347656]
[-0.04002361297607138, 0.11092185974121094]
[-0.020881748199457206, 0.10290145874023438]
[-0.011269569396972656, 0.09586334228515625]
[-0.0017773628234891703, 0.10401725769042969]
[0.01732311248779439, 0.1043701171875]
[0.01735305786133523, 0.09556770324707031]
[0.027012252807615766, 0.10319709777832031]
[0.02711277008055646, 0.10987281799316406]
[0.027065753936767578, 0.10217666625976562]
[0.036544513702388315, 0.10129928588867188]
[0.04604196548461914, 0.11088371276855469]
[0.04605236053467365, 0.10280609130859375]
[0.04620170593262429, 0.09600639343261719]
[0.036765670776375714, 0.10423660278320312]
[0.027130889892582388, 0.10458946228027344]
[0.01767883300781392, 0.09569168090820312]
[0.027268123626718932, 0.10359764099121094]
[0.017735862731939278, 0.11029243469238281]
[0.02740707397461506, 0.10267257690429688]
[0.027199840545655718, 0.10178565979003906]
[0.01750154495239542, 0.11135101318359375]
[0.01759777069091939, 0.10338783264160156]
[0.007970523834231358, 0.09654045104980469]
[0.017655277252195845, 0.10446548461914062]
[0.008041763305662641, 0.10487556457519531]
[0.03643999099730877, 0.09621620178222656]
[0.03660612106322958, 0.10411262512207031]
[0.045960330963133345, 0.11051177978515625]
[0.036283588409418144, 0.10274887084960938]
[0.04584903717040589, 0.10143280029296875]
[0.045698070526121626, 0.11092185974121094]
[0.045462989807127485, 0.10272979736328125]
[0.045483779907229405, 0.0959014892578125]
[0.04544668197632262, 0.10417938232421875]
[0.05485200881958008, 0.10435104370117188]
[0.05491828918457742, 0.09535789489746094]
[0.045205593109123754, 0.102996826171875]
[0.04527940750121928, 0.10998725891113281]
[0.04518318176269531, 0.10210990905761719]
[0.05487718582153178, 0.101318359375]
[0.035637855529785156, 0.11083602905273438]
[0.035712909698482065, 0.10281562805175781]
[0.03572893142699485, 0.0960540771484375]
[0.0356966018676701, 0.10403633117675781]
[0.035687446594231176, 0.10415077209472656]
[0.026215171813966265, 0.09541511535644531]
[0.026379585266106176, 0.10342597961425781]
[0.016853809356689453, 0.11013984680175781]
[0.0264434814453125, 0.10233879089355469]
[0.02649183273315714, 0.10194778442382812]
[0.026433086395257988, 0.11191368103027344]
[0.02648010253906108, 0.10349273681640625]
[0.03597879409790039, 0.096893310546875]
[0.03595886230468892, 0.10495185852050781]
[0.03594970703125, 0.10476112365722656]
[0.055277633666989345, 0.09588241577148438]
[0.06482982635498047, 0.10388374328613281]
[0.05518016815185689, 0.11048316955566406]
[0.05520296096801758, 0.10248184204101562]
[0.04581766128539755, 0.10210990905761719]
[0.04596643447876403, 0.11158943176269531]
[0.045930099487300424, 0.10302543640136719]
[0.055655860900877485, 0.09616851806640625]
[0.03640851974486736, 0.10420799255371094]
[0.046010303497318716, 0.1043701171875]
[0.046062469482421875, 0.09543418884277344]
[0.046089172363274145, 0.10339736938476562]
[0.04609994888304669, 0.10980606079101562]
[0.046089172363274145, 0.10223388671875]
[0.06523790359496928, 0.10189056396484375]
[0.0555451393127413, 0.11166572570800781]
[0.05577383041381978, 0.10327339172363281]
[0.07494888305664205, 0.09667396545410156]
[0.06548242568970153, 0.10477066040039062]
[0.074838542938231, 0.10450363159179688]
[0.06546640396118164, 0.09581565856933594]
[0.06545038223266175, 0.10410308837890625]
[0.06526346206664613, 0.11058807373046875]
[0.0651564598083425, 0.10280609130859375]
[0.08412313461303711, 0.1030731201171875]
[0.0555025100708022, 0.11285781860351562]
[0.0649193763732896, 0.10417938232421875]
[0.055571651458741655, 0.09772300720214844]
[0.05525627136229616, 0.10591506958007812]
[0.05534334182739542, 0.10540008544921875]
[0.04576797485351136, 0.09649276733398438]
[0.04592847824095969, 0.10477066040039062]
[0.03620538711547994, 0.11124610900878906]
[0.036184215545652876, 0.10352134704589844]
[0.05548791885375692, 0.10338783264160156]
[0.0362912178039565, 0.11296272277832031]
[0.026808929443369323, 0.10440826416015625]
[0.026867675781254263, 0.09795188903808594]
[0.02675418853760192, 0.10589599609375]
[0.02673463821411559, 0.10525703430175781]
[0.01735334396362731, 0.09615898132324219]
[0.026905536651618434, 0.10441780090332031]
[0.027002525329592686, 0.11071205139160156]
[0.0366385459899945, 0.10300636291503906]
[0.05565910339355895, 0.10291099548339844]
[0.06519012451172301, 0.11259078979492188]
[0.06518487930297567, 0.10406494140625]
[0.07481689453125284, 0.09781837463378906]
[0.0650450706481891, 0.10578155517578125]
[0.07450790405273722, 0.10522842407226562]
[0.06518402099609943, 0.09617805480957031]
[0.0651676177978544, 0.104522705078125]
[0.05541744232178303, 0.11079788208007812]
[0.0650302886962848, 0.10310173034667969]
[0.05555830001831197, 0.10293960571289062]
[0.0461277961730957, 0.11267662048339844]
[0.03661670684814311, 0.10380744934082031]
[0.02706699371338317, 0.09759902954101562]
[0.02704296112060689, 0.10556221008300781]
[0.027040290832523795, 0.1050567626953125]
[0.017514896392818002, 0.09614944458007812]
[0.007929134368900748, 0.104522705078125]
[0.007911968231205435, 0.11081695556640625]
[-0.001638984680170097, 0.10313987731933594]
[-0.0016304969787555024, 0.10329246520996094]
[-0.02070417404173952, 0.11305809020996094]
[-0.020694255828857422, 0.10424613952636719]
[-0.03029632568359375, 0.09790420532226562]
[-0.03982172012329244, 0.10607719421386719]
[-0.05901908874511719, 0.10530471801757812]
[-0.05892963409424112, 0.09623527526855469]
[-0.05884580612182333, 0.10478019714355469]
[-0.06857805252075622, 0.11073112487792969]
[-0.06841793060302592, 0.10304450988769531]
[-0.04931354522705078, 0.10338783264160156]
[-0.05901021957397745, 0.11300086975097656]
[-0.03977766036986452, 0.1042938232421875]
[-0.030381107330320845, 0.09807586669921875]
[-0.030445003509520063, 0.10610580444335938]
[-0.020823287963864345, 0.10508537292480469]
[-0.011260700225825815, 0.09617805480957031]
[-0.01130857467651225, 0.10489463806152344]
[-0.0019504547119169047, 0.11089324951171875]
[-0.0017994880676326375, 0.10315895080566406]
[0.007502746582034092, 0.10354995727539062]
[-0.0019225120544419383, 0.11322975158691406]
[-0.0020559310913057516, 0.10451316833496094]
[-0.011549377441404829, 0.0983428955078125]
[-0.011522293090820312, 0.10626792907714844]
[-0.011557865142819423, 0.10519027709960938]
[-0.011414241790774327, 0.09627342224121094]
[-0.011381912231449576, 0.10479927062988281]
[-0.021045875549312143, 0.11066436767578125]
[-0.021008014678955078, 0.10312080383300781]
[-0.011513233184807348, 0.10347366333007812]
[-0.021040248870846767, 0.11303901672363281]
[-0.0020066261291447063, 0.10433197021484375]
[-0.0020536422729477977, 0.09833335876464844]
[-0.0020644187927274515, 0.10626792907714844]
[-0.002164554595950108, 0.10515213012695312]
[-0.0021179199218792633, 0.09622573852539062]
[0.01689033508300497, 0.10491371154785156]
[0.026390647888185015, 0.11081695556640625]
[0.04558410644531108, 0.10332107543945312]
[0.05508995056152344, 0.10385513305664062]
[0.06442127227782635, 0.11336326599121094]
[0.074127197265625, 0.10462760925292969]
[0.08376121520996094, 0.09870529174804688]
[0.09320640563964844, 0.10663986206054688]
[0.08351125717163654, 0.10537147521972656]
[0.07404975891113708, 0.09647369384765625]
[0.07410717010497336, 0.10497093200683594]
[0.0550084114074707, 0.11092185974121094]
[0.04551973342896076, 0.10342597961425781]
[0.045580005645753374, 0.10401725769042969]
[0.03592443466187234, 0.11343002319335938]
[0.035983180999764386, 0.10447502136230469]
[0.03592491149902344, 0.09862899780273438]
[0.01683921813965128, 0.10657310485839844]
[0.01690635681152486, 0.1052093505859375]
[0.016993713378901987, 0.09640693664550781]
[0.01678619384765767, 0.105133056640625]
[0.007341384887702418, 0.11080741882324219]
[0.007367801666262608, 0.1032257080078125]
[0.01696395874022727, 0.10388374328613281]
[-0.0021787643432702453, 0.11334419250488281]
[-0.002195072174075108, 0.10432243347167969]
[-0.0021883010864272023, 0.09848594665527344]
[-0.002211093902580785, 0.10648727416992188]
[-0.0020757675170983703, 0.10516166687011719]
[0.007656478881834516, 0.09640693664550781]
[-0.011447525024415484, 0.10509490966796875]
[-0.0019057273864788726, 0.11066436767578125]
[-0.011517906188963423, 0.10325431823730469]
[-0.011552143096928091, 0.10404586791992188]
[-0.02097702026367898, 0.11326789855957031]
[-0.020955467224126778, 0.10447502136230469]
[-0.021143054962159624, 0.09881019592285156]
[-0.030688476562502842, 0.10670661926269531]
[-0.030902099609384948, 0.10528564453125]
[-0.040407943725583095, 0.09639739990234375]
[-0.04029016494751403, 0.10535240173339844]
[-0.049906253814697266, 0.11083602905273438]
[-0.030834197998046875, 0.10346412658691406]
[-0.04027814865112589, 0.10439872741699219]
[-0.04031171798706623, 0.11377334594726562]
[-0.040279769897459516, 0.10494232177734375]
[-0.04028339385986612, 0.09931564331054688]
[-0.040199565887455435, 0.10732650756835938]
[-0.021179008483890982, 0.10568618774414062]
[-0.040247440338134766, 0.09691238403320312]
[-0.04020118713378906, 0.10558128356933594]
[-0.04035997390747781, 0.11090278625488281]
[-0.04991216659546183, 0.10349273681640625]
[-0.030833244323737574, 0.10456085205078125]
[-0.040386676788337184, 0.11399269104003906]
[-0.04993362426757386, 0.10524749755859375]
[-0.04034910202026509, 0.09968757629394531]
[-0.030587768554681816, 0.10727882385253906]
[-0.04974794387816672, 0.10512351989746094]
[-0.030758666992191763, 0.09599685668945312]
[-0.021168613433843575, 0.10431289672851562]
[-0.011568164825440874, 0.109710693359375]
[-0.011648082733152876, 0.1023101806640625]
[0.007473468780517578, 0.10387420654296875]
[0.007407569885252485, 0.11292457580566406]
[0.007418251037606183, 0.10339736938476562]
[0.017037868499762965, 0.09871482849121094]
[0.036116313934329014, 0.10607719421386719]
[0.03602132797241353, 0.10308265686035156]
[0.055391120910648795, 0.09456634521484375]
[0.07452697753906534, 0.10158538818359375]
[0.0934242248535142, 0.10642051696777344]
[0.11269264221190411, 0.09591102600097656]
[0.13191556930541992, 0.09601593017578125]
[0.14150886535644247, 0.10672569274902344]
[0.1511288642883386, 0.09695053100585938]
[0.17019662857056517, 0.09295463562011719]
[0.17985019683837322, 0.10187149047851562]
[0.18937168121337322, 0.09938240051269531]
[0.20852918624878214, 0.08823394775390625]
[0.21824541091918803, 0.0952911376953125]
[0.2468983650207548, 0.09908676147460938]
[0.2565718650817814, 0.090179443359375]
[0.26622142791747905, 0.09281158447265625]
[0.27584142684936097, 0.10321617126464844]
[0.2854842185974178, 0.09259223937988281]
[0.30481843948364684, 0.08762359619140625]
[0.324056529998785, 0.09728431701660156]
[0.32412757873535014, 0.0975799560546875]
[0.3528735160827736, 0.08517265319824219]
[0.39117326736450053, 0.09328842163085938]
[0.40082330703735636, 0.09853363037109375]
[0.4390891075134249, 0.09616851806640625]
[0.45815715789794353, 0.10302543640136719]
[0.5156619071960478, 0.10990142822265625]
[0.5441900253295842, 0.11035919189453125]
[0.582355308532712, 0.10805130004882812]
[0.6300138473510799, 0.11254310607910156]
[0.6775194168090906, 0.10853767395019531]
[0.7251336097717243, 0.10257720947265625]
[0.7727609634399428, 0.11446952819824219]
[0.829763698577878, 0.11912345886230469]
[0.8965162277221665, 0.1033782958984375]
[0.9536004066467285, 0.099029541015625]
[1.0105806350708022, 0.12193679809570312]
[1.0772744178771987, 0.10546684265136719]
[1.1439685821533203, 0.09350776672363281]
[1.2011584281921301, 0.10039329528808594]
[1.2772514343261676, 0.10454177856445312]
[1.3439599037170353, 0.13489723205566406]
[1.4299921989440918, 0.12742042541503906]
[1.4967357635498075, 0.2609443664550781]
[1.5923166275024343, 0.3060626983642578]
[1.6878244400024442, 0.350189208984375]
[1.7835537910461383, 0.41698455810546875]
[1.8887390136718807, 0.45642852783203125]
[2.0035324096679688, 0.4866981506347656]
[2.1185272216796847, 0.5648612976074219]
[2.2428907394409094, 0.6954669952392578]
[2.3674780845642047, 0.7413864135742188]
[2.49186105728149, 0.7748031616210938]
[2.616253662109372, 0.8119487762451172]
[2.740767192840586, 0.8477592468261719]
[2.8841329574584904, 0.8999347686767578]
[2.989210510253912, 0.9347343444824219]
[3.103905391693118, 0.91888427734375]
[3.2184720993042006, 0.9580516815185547]
[3.3233421325683565, 1.028127670288086]
[3.4284063339233413, 1.042184829711914]
[3.5334232330322166, 1.112213134765625]
[3.6286825180053697, 1.1548519134521484]
[3.7334420204162626, 1.2054252624511719]
[3.828782749176021, 1.2753963470458984]
[3.9431614875793457, 1.3260746002197266]
[4.048021602630612, 1.400308609008789]
[4.152972316741945, 1.4678764343261719]
[4.257842826843266, 1.5302181243896484]
[4.372344875335692, 1.5788078308105469]
[4.496332073211683, 1.6272163391113281]
[4.620515632629392, 1.6360759735107422]
[4.754117965698242, 1.6600704193115234]
[4.859297657012938, 1.6697406768798828]
[4.993104457855232, 1.6852283477783203]
[5.107978057861324, 1.7090415954589844]
[5.222820854187006, 1.7824554443359375]
[5.3569538116455035, 1.8020248413085938]
[5.491037178039555, 1.8044757843017578]
[5.625190067291257, 1.8075275421142578]
[5.749894142150879, 1.8541431427001953]
[5.874664878845216, 1.8710994720458984]
[5.999371337890629, 1.87286376953125]
[6.1240810394287095, 1.8845272064208984]
[6.248706912994386, 1.8994712829589844]
[6.392590427398673, 1.9118309020996094]
[6.4980759620666575, 1.9232654571533203]
[6.622740936279293, 1.935129165649414]
[6.737773418426514, 1.9414710998535156]
[6.862331390380859, 1.9594001770019531]
[6.996400451660151, 1.9486713409423828]
[7.139916324615477, 1.9530677795410156]
[7.264132118225092, 1.9789600372314453]
[7.3980606079101605, 1.9800376892089844]
[7.522676944732666, 1.979990005493164]
[7.64676389694214, 2.007932662963867]
[7.751880931854245, 2.021169662475586]
[7.8761231422424345, 2.0314979553222656]
[7.9813667297363295, 2.0518970489501953]
[8.086661815643303, 2.0732498168945312]
[8.20143365859986, 2.0818233489990234]
[8.316414928436274, 2.091522216796875]
[8.42157068252564, 2.1063899993896484]
[8.526896476745598, 2.1062088012695312]
[8.632434177398679, 2.110729217529297]
[8.728263282775877, 2.1163368225097656]
[8.843251800537104, 2.1309757232666016]
[8.958337783813477, 2.142505645751953]
[9.082777976989746, 2.144479751586914]
[9.19753618240356, 2.1509742736816406]
[9.321968555450447, 2.1537017822265625]
[9.427276420593266, 2.1518611907958984]
[9.54199295043945, 2.1623897552490234]
[9.647104549407963, 2.1625900268554688]
[9.752173042297365, 2.1613407135009766]
[9.866763019561766, 2.1656036376953125]
[9.97178277969359, 2.173585891723633]
[10.076733589172363, 2.1715450286865234]
[10.181780910491938, 2.170276641845703]
[10.277258872985833, 2.169189453125]
[10.391769313812254, 2.160043716430664]
[10.49709882736206, 2.163667678833008]
[10.602329730987556, 2.175912857055664]
[10.698002338409424, 2.174348831176758]
[10.812901496887214, 2.1732425689697266]
[10.927931499481204, 2.1751785278320312]
[11.03349704742432, 2.1881484985351562]
[11.148523426055903, 2.1893787384033203]
[11.282860565185551, 2.1974563598632812]
[11.39819774627685, 2.2078800201416016]
[11.513421249389644, 2.2051525115966797]
[11.647798156738276, 2.206754684448242]
[11.772704696655268, 2.2136402130126953]
[11.897268772125244, 2.2188568115234375]
[12.031625747680657, 2.216978073120117]
[12.15611639022827, 2.2115707397460938]
[12.261579799652097, 2.213468551635742]
[12.367044448852532, 2.2063159942626953]
[12.462823677062985, 2.2053050994873047]
[12.558479595184323, 2.213563919067383]
[12.644524288177486, 2.212982177734375]
[12.730793762207021, 2.2106170654296875]
[12.807420349121088, 2.2185230255126953]
[12.874516010284424, 2.223215103149414]
[12.960778617858885, 2.2223567962646484]
[13.056682014465324, 2.2285842895507812]
[13.1336030960083, 2.2329330444335938]
[13.220036411285399, 2.2337913513183594]
[13.325840282440183, 2.2308349609375]
[13.422147369384767, 2.2398853302001953]
[13.547055149078368, 2.2402572631835938]
[13.662564754486084, 2.239236831665039]
[13.78751430511474, 2.243986129760742]
[13.893511104583737, 2.2460460662841797]
[14.047089576721191, 2.2475719451904297]
[14.191264820098873, 2.251873016357422]
[14.354336261749268, 2.255563735961914]
[14.507928752899161, 2.2591590881347656]
[14.671070575714111, 2.2576522827148438]
[14.8245228767395, 2.2674942016601562]
[14.968376827239986, 2.2744369506835938]
[15.121816825866695, 2.275066375732422]
[15.265438842773442, 2.2760772705078125]
[15.418662643432612, 2.2948265075683594]
[15.562475490570066, 2.321157455444336]
[15.686790847778319, 2.356719970703125]
[15.830561351776119, 2.3771286010742188]
[15.964723014831549, 2.377033233642578]
[16.127517223358147, 2.383584976196289]
[16.271113681793217, 2.3967933654785156]
[16.414896392822264, 2.4009132385253906]
[16.577772045135497, 2.4124622344970703]
[16.74057178497315, 2.430744171142578]
[16.893656253814697, 2.443399429321289]
[17.056396675109866, 2.443084716796875]
[17.23777904510498, 2.4556732177734375]
[17.39052352905272, 2.480440139770508]
[17.55281534194946, 2.497892379760742]
[17.686040306091307, 2.504863739013672]
[17.82883033752441, 2.515239715576172]
[17.942700195312504, 2.526226043701172]
[18.06605319976807, 2.5339698791503906]
[18.170173358917232, 2.5566864013671875]
[18.25535764694213, 2.56988525390625]
[18.349824333190917, 2.5895023345947266]
[18.44450178146363, 2.6072311401367188]
[18.529430770874015, 2.617368698120117]
[18.62413320541382, 2.6117324829101562]
[18.72846994400024, 2.606353759765625]
[18.82318925857544, 2.617807388305664]
[18.927835273742673, 2.6195812225341797]
[19.06112575531006, 2.6205921173095703]
[19.175342178344728, 2.6274490356445312]
[19.308699512481688, 2.6313209533691406]
[19.43278608322143, 2.632293701171875]
[19.566508197784422, 2.641439437866211]
[19.70984592437744, 2.6509666442871094]
[19.834344673156743, 2.6535511016845703]
[19.968129730224597, 2.6537418365478516]
[20.083029651641844, 2.6621341705322266]
[20.188362693786623, 2.6578140258789062]
[20.284182357788076, 2.6543426513671875]
[20.37983751296997, 2.650890350341797]
[20.456281375885006, 2.6495933532714844]
[20.53280982971191, 2.647981643676758]
[20.599700355529784, 2.64984130859375]
[20.675972080230714, 2.6538562774658203]
[20.73348150253296, 2.653980255126953]
[20.80985660552978, 2.6515579223632812]
[20.876896095275868, 2.648763656616211]
[20.963015460968016, 2.6436328887939453]
[21.03989868164063, 2.6415348052978516]
[21.12611007690429, 2.6442718505859375]
[21.222082424163823, 2.641782760620117]
[21.327724933624268, 2.6297378540039062]
[21.433385372161872, 2.6210594177246094]
[21.548463439941415, 2.610654830932617]
[21.65423717498779, 2.5966453552246094]
[21.759929561614996, 2.588472366333008]
[21.856008625030512, 2.589569091796875]
[21.951910209655757, 2.5894927978515625]
[22.01918916702271, 2.5906944274902344]
[22.096024990081787, 2.6023197174072266]
[22.163304328918464, 2.6160717010498047]
[22.23060493469238, 2.621793746948242]
[22.316963577270506, 2.632465362548828]
[22.403014087677008, 2.645282745361328]
[22.48940315246582, 2.6584815979003906]
[22.594806861877437, 2.670125961303711]
[22.719012832641596, 2.681417465209961]
[22.833728218078612, 2.6898574829101562]
[22.95798273086548, 2.6938915252685547]
[23.081622505187994, 2.7063846588134766]
[23.19597177505493, 2.7213573455810547]
[23.310047340393062, 2.7298831939697266]
[23.424016094207758, 2.742166519165039]
[23.528036022186278, 2.7568817138671875]
[23.603558349609372, 2.761068344116211]
[23.688415431976317, 2.7674102783203125]
[23.753996467590326, 2.7841663360595703]
[23.819672966003417, 2.792959213256836]
[23.875629520416254, 2.808084487915039]
[23.94125928878784, 2.8222179412841797]
[24.016487979888915, 2.8400421142578125]
[24.082205486297603, 2.8461551666259766]
[24.166816616058348, 2.857828140258789]
[24.23244743347167, 2.8687572479248047]
[24.31748676300049, 2.869720458984375]
[24.40253524780273, 2.872142791748047]
[24.48759517669678, 2.87567138671875]
[24.544053268432613, 2.8733158111572266]
[24.63890314102173, 2.8702163696289062]
[24.714706897735596, 2.8681087493896484]
[24.790639114379886, 2.859668731689453]
[24.876451110839838, 2.8566455841064453]
[24.943131446838372, 2.8558731079101562]
[25.01944847106934, 2.854013442993164]
[25.07717018127441, 2.844829559326172]
[25.14414358139038, 2.83966064453125]
[25.21134452819824, 2.8417396545410156]
[25.26890277862549, 2.835521697998047]
[25.336262130737303, 2.8283023834228516]
[25.403613471984862, 2.8304100036621094]
[25.451709651947013, 2.8319168090820312]
[25.519101333618167, 2.830181121826172]
[25.576718139648435, 2.836742401123047]
[25.63453559875488, 2.84820556640625]
[25.701905822753915, 2.8500843048095703]
[25.778705596923828, 2.8557586669921875]
[25.836133670806888, 2.875041961669922]
[25.903365993499754, 2.881498336791992]
[25.989442443847658, 2.8837108612060547]
[26.04663410186768, 2.8824329376220703]
[26.12288808822632, 2.8856754302978516]
[26.179911518096922, 2.882871627807617]
[26.24663944244385, 2.8918838500976562]
[26.303593254089364, 2.9050827026367188]
[26.350936603546145, 2.9080963134765625]
[26.388829231262207, 2.9221439361572266]
[26.42652463912964, 2.9375553131103516]
[26.464395713806148, 2.947254180908203]
[26.531040763854982, 2.9587936401367188]
[26.597445774078373, 2.974872589111328]
[26.66407556533813, 2.983713150024414]
[26.740058422088616, 2.9850196838378906]
[26.825745582580566, 3.000764846801758]
[26.911226654052754, 3.009672164916992]
[26.99694938659666, 3.0124664306640625]
[27.101441478729242, 3.0203723907470703]
[27.1965697288513, 3.0269908905029297]
[27.30115842819214, 3.0330657958984375]
[27.396128654479973, 3.037862777709961]
[27.500732421874993, 3.041515350341797]
[27.586200714111328, 3.0462646484375]
[27.6908826828003, 3.0502796173095703]
[27.80504894256591, 3.0567550659179688]
[27.890483951568598, 3.060598373413086]
[27.995272541046155, 3.0588436126708984]
[28.109424018859855, 3.0547714233398438]
[28.233196353912362, 3.0579280853271484]
[28.357232093811042, 3.0557727813720703]
[28.509798240661617, 3.0495643615722656]
[28.662468051910388, 3.0501651763916016]
[28.81516494750975, 3.0493545532226562]
[28.968167495727535, 3.0446529388427734]
[29.13066310882568, 3.042020797729492]
[29.283538055419918, 3.0390071868896484]
[29.446309280395504, 3.0309295654296875]
[29.609252452850335, 3.023529052734375]
[29.762641239166264, 3.0196475982666016]
[29.88775300979612, 3.0127906799316406]
[30.012917709350596, 3.0078792572021484]
[30.14813623428345, 3.0100536346435547]
[30.25451602935791, 3.0033397674560547]
[30.361302089691158, 2.9921340942382812]
[30.49699974060058, 2.985553741455078]
[30.61339893341063, 2.9851245880126953]
[30.729962158203115, 2.9842567443847656]
[30.856212902069082, 2.983999252319336]
[30.982180690765382, 2.9871177673339844]
[31.09861831665038, 2.9810047149658203]
[31.224535179138194, 2.9732799530029297]
[31.34069957733154, 2.9697799682617188]
[31.41845607757569, 2.9671573638916016]
[31.515153789520276, 2.9567718505859375]
[31.592739677429186, 2.953643798828125]
[31.65107355117798, 2.9384326934814453]
[31.69056730270386, 2.9207897186279297]
[31.74894990921019, 2.9134750366210938]
[31.768968868255634, 2.9178237915039062]
[31.779916667938245, 2.9227542877197266]
[31.790634155273445, 2.927999496459961]
[31.820471096038823, 2.9274463653564453]
[31.840470504760738, 2.930145263671875]
[31.87980308532716, 2.9250335693359375]
[31.94749288558959, 2.9247188568115234]
[31.98638801574706, 2.9143810272216797]
[32.05381126403808, 2.9093170166015625]
[32.13063898086548, 2.9112625122070312]
[32.2075234413147, 2.913846969604492]
[32.30312824249268, 2.9116249084472656]
[32.41819591522218, 2.9105663299560547]
[32.513881301879884, 2.9193878173828125]
[32.599978351593, 2.9259490966796875]
[32.70555410385132, 2.9266357421875]
[32.820479774475096, 2.9362869262695312]
[32.90669574737549, 2.952442169189453]
[33.002882385253905, 2.964611053466797]
[33.11777210235595, 2.9764842987060547]
[33.2328064918518, 2.989063262939453]
[33.34760637283325, 2.998065948486328]
[33.48155698776244, 3.0025768280029297]
[33.605353164672856, 3.021707534790039]
[33.7481686592102, 3.047924041748047]
[33.90992422103883, 3.0508899688720703]
[34.052295684814446, 3.061208724975586]
[34.175125122070305, 3.0680465698242188]
[34.29817342758178, 3.068876266479492]
[34.42104063034058, 3.0698680877685547]
[34.50557718276976, 3.0694198608398438]
[34.59040155410765, 3.0649185180664062]
[34.665783786773666, 3.0542564392089844]
[34.73176317214965, 3.050813674926758]
[34.79792242050171, 3.048524856567383]
[34.86453447341918, 3.0471229553222656]
[34.95990543365479, 3.049745559692383]
[35.045928382873534, 3.058042526245117]
[35.15125875473023, 3.0591487884521484]
[35.275588893890365, 3.05999755859375]
[35.390401458740236, 3.0642032623291016]
[35.514692497253414, 3.0657386779785156]
[35.63893404006958, 3.061208724975586]
[35.7628830909729, 3.0678653717041016]
[35.86771821975707, 3.065214157104492]
[35.94420499801635, 3.0567169189453125]
[36.020362377166755, 3.048696517944336]
[36.05838203430175, 3.0515193939208984]
[36.106328105926515, 3.053102493286133]
[36.14470005035401, 3.0648231506347656]
[36.183318901062016, 3.0749988555908203]
[36.24097938537597, 3.0793285369873047]
[36.30830945968628, 3.0753135681152344]
[36.39435911178588, 3.0744552612304688]
[36.48041009902952, 3.0800247192382812]
[36.58540744781494, 3.0770301818847656]
[36.71876859664916, 3.0800247192382812]
[36.83291330337526, 3.0820369720458984]
[36.98496284484863, 3.0807971954345703]
[37.108358001708986, 3.080472946166992]
[37.24108781814575, 3.0884647369384766]
[37.34520387649537, 3.0909061431884766]
[37.45908403396607, 3.0910873413085938]
[37.544422054290756, 3.099489212036133]
[37.62999267578123, 3.1045150756835938]
[37.73507337570191, 3.1009769439697266]
[37.83083724975585, 3.1055068969726562]
[37.94589090347289, 3.115253448486328]
[38.07078218460082, 3.1182193756103516]
[38.22413043975828, 3.1183433532714844]
[38.36777048110962, 3.119983673095703]
[38.53992919921874, 3.1220149993896484]
[38.71194915771482, 3.1253623962402344]
[38.89307956695556, 3.1258296966552734]
[39.0645336151123, 3.1288814544677734]
[39.23599166870117, 3.1222152709960938]
[39.397847652435296, 3.126392364501953]
[39.55017080307007, 3.1319713592529297]
[39.703164100646966, 3.1340408325195312]
[39.8369158744812, 3.1398677825927734]
[39.98065118789672, 3.147869110107422]
[40.12428665161132, 3.147611618041992]
[40.27798471450807, 3.1567955017089844]
[40.450590801238995, 3.1673622131347656]
[40.63261632919312, 3.175220489501953]
[40.81462392807007, 3.174753189086914]
[41.01550579071047, 3.182401657104492]
[41.225389099121095, 3.1920528411865234]
[41.435442447662346, 3.1917381286621094]
[41.635441112518315, 3.1922531127929688]
[41.81603412628174, 3.198394775390625]
[41.99682607650757, 3.1984806060791016]
[42.16788339614869, 3.1946563720703125]
[42.310546684265155, 3.204498291015625]
[42.42438287734986, 3.2141685485839844]
[42.5101146697998, 3.21929931640625]
[42.58584718704224, 3.228616714477539]
[42.623378658294676, 3.242931365966797]
[42.641896533966055, 3.2477474212646484]
[42.66008777618409, 3.2518768310546875]
[42.639539909362774, 3.259134292602539]
[42.60939102172852, 3.25653076171875]
[42.56942977905273, 3.2481956481933594]
[42.509884834289544, 3.2404518127441406]
[42.44064121246338, 3.2289791107177734]
[42.36215858459473, 3.2210445404052734]
[42.283913612365716, 3.2164669036865234]
[42.19610042572021, 3.208456039428711]
[42.09929952621459, 3.205432891845703]
[42.012420845031734, 3.201770782470703]
[41.93569612503051, 3.2083702087402344]
[41.85964860916139, 3.2098388671875]
[41.82169218063354, 3.2105541229248047]
[41.81289672851562, 3.215036392211914]
[41.813633918762214, 3.2234668731689453]
[41.843105602264394, 3.2200050354003906]
[41.901153755188, 3.220663070678711]
[41.9299910545349, 3.223705291748047]
[41.97810621261595, 3.217029571533203]
[42.01649541854858, 3.2159805297851562]
[42.044928169250504, 3.2169246673583984]
[42.04486446380616, 3.2169055938720703]
[42.05448961257934, 3.212919235229492]
[42.0545455932617, 3.2158374786376953]
[42.02620840072631, 3.2216835021972656]
[42.00797691345213, 3.223905563354492]
[41.999081134796135, 3.229961395263672]
[41.97118644714356, 3.2355213165283203]
[41.93406972885132, 3.2346153259277344]
[41.886720466613774, 3.2364273071289062]
[41.82987670898438, 3.2415199279785156]
[41.75333204269409, 3.240032196044922]
[41.63847198486328, 3.23883056640625]
[41.51359815597534, 3.246173858642578]
[41.340884208679206, 3.250761032104492]
[41.149022865295414, 3.2498550415039062]
[40.937606716156004, 3.2549285888671875]
[40.68807163238525, 3.2628822326660156]
[40.40980310440063, 3.268556594848633]
[40.112483787536625, 3.2680797576904297]
[39.76722183227539, 3.278799057006836]
[39.422347259521466, 3.280963897705078]
[39.038823127746575, 3.285188674926758]
[38.645991230010985, 3.2893753051757812]
[38.23354120254516, 3.2953739166259766]
[37.82134628295898, 3.3038806915283203]
[37.399089145660405, 3.3111190795898438]
[36.95785942077635, 3.3168888092041016]
[36.506953239440925, 3.3139991760253906]
[36.055831146240244, 3.312368392944336]
[35.60484066009521, 3.308868408203125]
[35.13476924896241, 3.3028793334960938]
[34.674587154388426, 3.283233642578125]
[34.19522171020508, 3.2824230194091797]
[33.744584846496586, 3.277740478515625]
[33.2852378845215, 3.2666969299316406]
[32.83527946472167, 3.262643814086914]
[32.375939655303945, 3.262052536010742]
[31.92676258087159, 3.255443572998047]
[31.487042236328115, 3.2540225982666016]
[31.038110542297353, 3.254718780517578]
[30.589146232604968, 3.2416629791259766]
[30.159310626983647, 3.2335662841796875]
[29.719855022430416, 3.227214813232422]
[29.280556869506846, 3.2232093811035156]
[28.85054216384888, 3.208179473876953]
[28.42059135437011, 3.1990909576416016]
[27.990585517883304, 3.1913185119628906]
[27.57041358947754, 3.1827926635742188]
[27.169210338592528, 3.1752681732177734]
[26.77773389816285, 3.1751632690429688]
[26.405374145507807, 3.1708621978759766]
[26.052471923828122, 3.168764114379883]
[25.737769126892097, 3.174571990966797]
[25.432634067535396, 3.180675506591797]
[25.175452804565424, 3.181610107421875]
[24.946633911132807, 3.186311721801758]
[24.755993556976314, 3.1894493103027344]
[24.565349388122556, 3.1745529174804688]
[24.38392791748047, 3.165254592895508]
[24.21192874908448, 3.160848617553711]
[24.011200523376466, 3.1574153900146484]
[23.819758319854728, 3.1519126892089844]
[23.60906181335448, 3.148469924926758]
[23.379351139068596, 3.1432533264160156]
[23.140230846405032, 3.126201629638672]
[22.901151561737052, 3.114156723022461]
[22.652641677856437, 3.107900619506836]
[22.404447364807126, 3.095541000366211]
[22.16602592468262, 3.090333938598633]
[21.91809186935425, 3.087491989135742]
[21.708734512329094, 3.07647705078125]
[21.499675846099855, 3.064889907836914]
[21.319274425506585, 3.0573177337646484]
[21.13919610977173, 3.0464744567871094]
[20.987908363342278, 3.0260372161865234]
[20.865144157409674, 3.015117645263672]
[20.73293342590332, 3.0028724670410156]
[20.610403156280526, 2.994813919067383]
[20.487606906890868, 2.9805469512939453]
[20.383742141723637, 2.9765987396240234]
[20.260903739929198, 2.972288131713867]
[20.157198810577384, 2.9682350158691406]
[20.034257888793945, 2.9759979248046875]
[19.92081823348999, 2.9778194427490234]
[19.797675895690915, 2.9741668701171875]
[19.67414693832397, 2.981405258178711]
[19.540942382812503, 2.990245819091797]
[19.417543792724608, 2.991180419921875]
[19.284055805206293, 2.990245819091797]
[19.14099254608154, 2.9985618591308594]
[18.988615608215326, 2.998380661010742]
[18.845435237884516, 2.998170852661133]
[18.692610549926755, 3.0013656616210938]
[18.53019666671753, 2.9985904693603516]
[18.35825853347778, 2.991189956665039]
[18.195544910430904, 2.9847145080566406]
[18.00412397384644, 2.9779434204101562]
[17.82248039245605, 2.9682064056396484]
[17.64065198898315, 2.9609012603759766]
[17.458901786804198, 2.958517074584961]
[17.267604160308842, 2.945880889892578]
[17.07628097534179, 2.9278087615966797]
[16.903763389587397, 2.928934097290039]
[16.72191495895386, 2.936429977416992]
[16.568667888641357, 2.933025360107422]
[16.415468788146967, 2.9382991790771484]
[16.290936088562013, 2.9407691955566406]
[16.147423171997062, 2.9384231567382812]
[16.032582855224618, 2.9336071014404297]
[15.91760358810425, 2.930784225463867]
[15.793135643005378, 2.919301986694336]
[15.678299713134763, 2.916994094848633]
[15.54438295364379, 2.9108428955078125]
[15.419770145416258, 2.9047203063964844]
[15.276334762573235, 2.893705368041992]
[15.123129653930668, 2.8898143768310547]
[14.960318470001226, 2.8936100006103516]
[14.80706081390381, 2.8844261169433594]
[14.63447227478028, 2.879486083984375]
[14.452411460876469, 2.879610061645508]
[14.279873275756842, 2.8743362426757812]
[14.116724014282227, 2.869720458984375]
[13.953726387023927, 2.8720474243164062]
[13.771283817291248, 2.8658676147460938]
[13.627384090423575, 2.858591079711914]
[13.473981285095213, 2.854318618774414]
[13.329938983917238, 2.8595733642578125]
[13.195603370666504, 2.8540420532226562]
[13.070831012725833, 2.8499794006347656]
[12.955583763122561, 2.8520870208740234]
[12.840529632568362, 2.8481483459472656]
[12.73495788574219, 2.842235565185547]
[12.629322147369379, 2.843923568725586]
[12.542908573150633, 2.839651107788086]
[12.446914100646964, 2.8362178802490234]
[12.35094404220581, 2.8365325927734375]
[12.2642575263977, 2.838144302368164]
[12.168300724029542, 2.829008102416992]
[12.072025489807125, 2.820873260498047]
[11.96608858108521, 2.812509536743164]
[11.8508267402649, 2.800416946411133]
[11.754355907440186, 2.78900146484375]
[11.638778018951413, 2.7903175354003906]
[11.494553089141846, 2.7874183654785156]
[11.388706588745123, 2.781057357788086]
[11.263619518280024, 2.7820968627929688]
[11.13844976425171, 2.784290313720703]
[11.004061698913574, 2.773580551147461]
[10.888770580291755, 2.764110565185547]
[10.763869857788087, 2.7573490142822266]
[10.65830497741699, 2.744159698486328]
[10.543328762054443, 2.7390384674072266]
[10.418706512451166, 2.7257442474365234]
[10.313361072540289, 2.719402313232422]
[10.188913631439206, 2.694864273071289]
[10.093258380889893, 2.672128677368164]
[9.968860912322995, 2.6578903198242188]
[9.863851451873778, 2.6479434967041016]
[9.768350696563722, 2.6308345794677734]
[9.66323461532592, 2.6276493072509766]
[9.567889499664304, 2.6194286346435547]
[9.482151603698725, 2.610635757446289]
[9.387046241760252, 2.612028121948242]
[9.310856533050533, 2.607240676879883]
[9.244502258300777, 2.595090866088867]
[9.187659931182864, 2.5858020782470703]
[9.13063831329346, 2.5812911987304688]
[9.054759502410882, 2.569417953491211]
[8.98833436965942, 2.5613021850585938]
[8.931159591674806, 2.5608158111572266]
[8.864354896545414, 2.543659210205078]
[8.788160514831546, 2.5264739990234375]
[8.702138614654544, 2.520418167114258]
[8.597055149078372, 2.497882843017578]
[8.511114311218257, 2.4779510498046875]
[8.396307086944581, 2.459402084350586]
[8.281417179107663, 2.4406909942626953]
[8.166586875915534, 2.422761917114258]
[8.042329311370857, 2.411174774169922]
[7.9178780555725154, 2.408466339111328]
[7.793462371826173, 2.4105167388916016]
[7.669310092926025, 2.4007320404052734]
[7.554513072967531, 2.398509979248047]
[7.439830207824706, 2.401752471923828]
[7.325336074829096, 2.3906803131103516]
[7.220242691040049, 2.375946044921875]
[7.105926036834717, 2.371540069580078]
[7.010650634765618, 2.355165481567383]
[6.925110721588126, 2.3375606536865234]
[6.84888925552368, 2.3276424407958984]
[6.7725605964660645, 2.3154449462890625]
[6.706075477600088, 2.2964096069335938]
[6.630014991760262, 2.2820472717285156]
[6.553675174713135, 2.2666263580322266]
[6.487091541290283, 2.2463226318359375]
[6.42030038833618, 2.2403621673583984]
[6.3439131736755385, 2.2454071044921875]
[6.277078628540046, 2.226390838623047]
[6.200603771209714, 2.1985435485839844]
[6.123964023590084, 2.1863174438476562]
[6.0571439743042035, 2.1735668182373047]
[5.990058898925781, 2.167673110961914]
[5.90390939712524, 2.1704673767089844]
[5.827198791503903, 2.1751022338867188]
[5.760360431671145, 2.164630889892578]
[5.693349170684812, 2.1649932861328125]
[5.62621097564697, 2.172412872314453]
[5.568798637390131, 2.1622085571289062]
[5.511501598358159, 2.151918411254883]
[5.463636493682863, 2.1500110626220703]
[5.415993785858149, 2.134695053100586]
[5.37796583175659, 2.1271800994873047]
[5.320757579803455, 2.1309471130371094]
[5.273206520080571, 2.1292495727539062]
[5.235249042510993, 2.128582000732422]
[5.1974142074585, 2.134523391723633]
[5.159457111358641, 2.147684097290039]
[5.131239414215095, 2.139720916748047]
[5.093348217010501, 2.1382617950439453]
[5.055518436431882, 2.1482086181640625]
[5.017802429199222, 2.147073745727539]
[4.980048942565915, 2.1429920196533203]
[4.961228942871102, 2.144155502319336]
[4.932960224151607, 2.139453887939453]
[4.904586124420163, 2.119884490966797]
[4.876272392272945, 2.1007633209228516]
[4.847696495056155, 2.072010040283203]
[4.809482192993158, 2.04681396484375]
[4.780955123901364, 2.0256614685058594]
[4.752141761779782, 2.0487213134765625]
[4.714087677001949, 2.0265579223632812]
[4.666337776184079, 2.016477584838867]
[4.6277898788452205, 2.027921676635742]
[4.579938602447513, 2.0242786407470703]
[4.52246799468994, 2.02178955078125]
[4.47441740036011, 2.0136260986328125]
[4.407343482971186, 2.014942169189453]
[4.349910354614252, 2.0079612731933594]
[4.3018198966979995, 2.002735137939453]
[4.2445480346679645, 2.0098018646240234]
[4.187148857116696, 2.005891799926758]
[4.139446353912355, 1.9982242584228516]
[4.072597026824951, 1.9995689392089844]
[4.0344111442565875, 2.003488540649414]
[3.9772253036498952, 1.9935131072998047]
[3.920072650909418, 1.9849014282226562]
[3.872525978088376, 1.9880294799804688]
[3.8252248764038086, 1.9570159912109375]
[3.7777437210082994, 1.9432830810546875]
[3.7206807136535645, 1.9591999053955078]
[3.663870429992677, 1.9657135009765625]
[3.607203292846684, 1.9699668884277344]
[3.5695205688476577, 1.9738483428955078]
[3.5225207328796415, 1.978750228881836]
[3.484926891326907, 1.9757080078125]
[3.466334533691409, 2.008228302001953]
[3.4286341667175293, 2.0111656188964844]
[3.4006685256957994, 2.005491256713867]
[3.372541618347171, 1.995401382446289]
[3.3538758277893095, 2.0102596282958984]
[3.2969957351684585, 2.002592086791992]
[3.2783923149108887, 1.9896793365478516]
[3.2406183242797795, 1.9949150085449219]
[3.202538108825685, 1.9924449920654297]
[3.1551073074340863, 1.9800567626953125]
[3.136313152313228, 1.9851970672607422]
[3.0790484428405804, 1.9708538055419922]
[3.0410853385925307, 1.9654464721679688]
[3.0029638290405245, 1.950693130493164]
[2.955303573608404, 1.9390106201171875]
[2.9076670646667537, 1.9099807739257812]
[2.860093498229986, 1.8908882141113281]
[2.821997451782231, 1.8791770935058594]
[2.7838850975036635, 1.867074966430664]
[2.7363526344299274, 1.837759017944336]
[2.7077764511108313, 1.8099212646484375]
[2.650791645050049, 1.7927074432373047]
[2.6128181457519517, 1.7590808868408203]
[2.5747005462646513, 1.7411994934082031]
[2.5366735458374094, 1.7398548126220703]
[2.5082082748413086, 1.7333030700683594]
[2.489237022399905, 1.7220687866210938]
[2.451146125793464, 1.7270469665527344]
[2.422535228729245, 1.7250633239746094]
[2.394256496429435, 1.7173576354980469]
[2.3751841545105066, 1.7133426666259766]
[2.3465640068054157, 1.7213916778564453]
[2.3276266098022447, 1.7070674896240234]
[2.308753585815431, 1.7050743103027344]
[2.280067157745364, 1.6859817504882812]
[2.2419507980346722, 1.6739654541015625]
[2.2227323532104535, 1.6559219360351562]
[2.184518146514897, 1.6516494750976562]
[2.15567054748535, 1.6345787048339844]
[2.1365694999694895, 1.5919113159179688]
[2.098108673095709, 1.5864372253417969]
[2.059589099884043, 1.5811634063720703]
[2.0307299613952665, 1.5346717834472656]
[2.00187349319458, 1.4319133758544922]
[1.9729325294494586, 1.4817142486572266]
[1.9250212669372644, 1.4102554321289062]
[1.8961121559143024, 1.3998889923095703]
[1.8671343803405733, 1.4234542846679688]
[1.8382057189941463, 1.4223480224609375]
[1.7997539520263715, 1.4220046997070312]
[1.7708666801452537, 1.440744400024414]
[1.7515443801879869, 1.4464855194091797]
[1.7324057579040542, 1.4406013488769531]
[1.713158035278319, 1.4342498779296875]
[1.694016551971444, 1.4401912689208984]
[1.6652850151062069, 1.4066505432128906]
[1.646141433715826, 1.4243507385253906]
[1.6269312858581557, 1.4304828643798828]
[1.617459678649901, 1.4013290405273438]
[1.5985301017761273, 1.3451385498046875]
[1.5890864372253404, 1.3265514373779297]
[1.560459709167482, 1.3258075714111328]
[1.5511550903320241, 1.3000297546386719]
[1.5417577743530302, 1.2904739379882812]
[1.5322904586791992, 1.2879657745361328]
[1.5134551048278766, 1.277627944946289]
[1.5041487693786522, 1.250467300415039]
[1.4851624488830524, 1.2396430969238281]
[1.4566611289978013, 1.2210941314697266]
[1.4474506378173828, 1.193990707397461]
[1.4380063056945716, 1.15203857421875]
[1.4189857482910213, 1.1352729797363281]
[1.400191116333012, 1.0742378234863281]
[1.3907360076904354, 1.0512828826904297]
[1.3717174530029297, 1.0197734832763672]
[1.352804279327401, 1.0001277923583984]
[1.3337099075317482, 0.9814834594726562]
[1.324114990234385, 0.9807682037353516]
[1.305274200439463, 0.9680652618408203]
[1.2862684249877958, 0.9503746032714844]
[1.2766272544860797, 0.9405136108398438]
[1.2480993270873952, 0.9135723114013672]
[1.2387008666992259, 0.8808135986328125]
[1.2386487007141085, 0.853118896484375]
[1.2291771888732939, 0.7750606536865234]
[1.2195982933044363, 0.6351089477539062]
[1.2101156234741168, 0.5593013763427734]
[1.190957736968997, 0.5469322204589844]
[1.1814288139343248, 0.5166339874267578]
[1.1719556808471694, 0.49266815185546875]
[1.1720024108886662, 0.494537353515625]
[1.1528570175170927, 0.4989147186279297]
[1.143449306488037, 0.4753398895263672]
[1.1432972908020034, 0.47234535217285156]
[1.1146766662597756, 0.4722785949707031]
[1.1146478652954102, 0.45680999755859375]
[1.0955558776855483, 0.45065879821777344]
[1.0858862876892061, 0.4509162902832031]
[1.0765269279479952, 0.45479774475097656]
[1.0766770362854032, 0.40833473205566406]
[1.0671196937560978, 0.3689765930175781]
[1.0576002120971637, 0.366363525390625]
[1.0384854316711483, 0.3515815734863281]
[1.019460868835452, 0.3455638885498047]
[1.0099517822265724, 0.3438854217529297]
[0.9907511711120591, 0.3294563293457031]
[0.9907304763793903, 0.3190422058105469]
[0.971592903137207, 0.3127479553222656]
[0.9717438697814913, 0.3087139129638672]
[0.9429783821105957, 0.29449462890625]
[0.933469295501709, 0.28685569763183594]
[0.9143274307251019, 0.2769756317138672]
[0.9048071861267104, 0.2545642852783203]
[0.8952439308166475, 0.2196502685546875]
[0.8857607841491699, 0.22014617919921875]
[0.876171112060554, 0.2059650421142578]
[0.8668272972106905, 0.2074146270751953]
[0.8573015213012738, 0.19016265869140625]
[0.8478132247924819, 0.13543128967285156]
[0.8574464797973604, 0.12027740478515625]
[0.8384422302246151, 0.0986480712890625]
[0.8288625717163072, 0.1055908203125]
[0.8192832946777315, 0.09797096252441406]
[0.8194070816039982, 0.09738922119140625]
[0.7907968521118178, 0.10755538940429688]
[0.7718202590942482, 0.09860038757324219]
[0.7623694419860811, 0.08945465087890625]
[0.7525279045104938, 0.09543418884277344]
[0.7143630981445241, 0.09504318237304688]
[0.6857596397399846, 0.08610725402832031]
[0.6760828971862765, 0.0946044921875]
[0.6568444252014132, 0.10196685791015625]
[0.6473505973815961, 0.094451904296875]
[0.6376500129699778, 0.09299278259277344]
[0.618443489074707, 0.10049819946289062]
[0.5897957801818876, 0.09049415588378906]
[0.5706040382385282, 0.08543014526367188]
[0.5513452529907212, 0.09280204772949219]
[0.5417073249816937, 0.09279251098632812]
[0.52270956039429, 0.08515357971191406]
[0.503572940826416, 0.09004592895507812]
[0.4748964309692383, 0.09492874145507812]
[0.4654177665710435, 0.08708000183105469]
[0.4463469505310087, 0.08977890014648438]
[0.43688030242920206, 0.10133743286132812]
[0.41777439117431925, 0.09607315063476562]
[0.40823860168455894, 0.08718490600585938]
[0.37939443588256694, 0.09522438049316406]
[0.3604203224182143, 0.09593009948730469]
[0.35091447830200195, 0.08623123168945312]
[0.3315958023071346, 0.09281158447265625]
[0.3125437736511216, 0.09808540344238281]
[0.30299844741820436, 0.08929252624511719]
[0.29335613250732706, 0.08807182312011719]
[0.2741914749145522, 0.09975433349609375]
[0.2742178916931195, 0.09141921997070312]
[0.283822917938231, 0.08922576904296875]
[0.274216938018796, 0.09588241577148438]
[0.27418069839477965, 0.09449958801269531]
[0.2743164062500014, 0.08360862731933594]
[0.27426977157592347, 0.08841514587402344]
[0.2647068023681598, 0.09876251220703125]
[0.2551702499389634, 0.08424758911132812]
[0.2741142272949162, 0.08555412292480469]
[0.25488100051880735, 0.09550094604492188]
[0.2453879356384263, 0.08683204650878906]
[0.23576955795288512, 0.08061408996582031]
[0.2167578697204533, 0.0891876220703125]
[0.20701856613159464, 0.09884834289550781]
[0.1878819465637207, 0.09103775024414062]
[0.17819614410399964, 0.09881019592285156]
[0.14941148757934997, 0.10175704956054688]
[0.13999710083007955, 0.09252548217773438]
[0.13033561706542685, 0.087890625]
[0.12064332962036417, 0.09640693664550781]
[0.11096267700195739, 0.09253501892089844]
[0.10132904052733949, 0.08636474609375]
[0.11088685989380309, 0.09423255920410156]
[0.0916667938232365, 0.09339332580566406]
[0.10122423171996076, 0.08498191833496094]
[0.10112285614013672, 0.09443283081054688]
[0.10113925933838175, 0.10249137878417969]
[0.10105390548706339, 0.094757080078125]
[0.11047000885009339, 0.09389877319335938]
[0.10085668563842631, 0.10491371154785156]
