[0.0, 0.1845836639404297]
[3.3569335926131316e-05, 0.1861286163330078]
[0.00020484924316122033, 0.17769813537597656]
[0.009569740295411577, 0.18413543701171875]
[0.009514713287352095, 0.1916790008544922]
[0.00976619720458416, 0.1834392547607422]
[0.018982696533200283, 0.1814746856689453]
[0.019164371490475673, 0.19095420837402344]
[0.009477233886713066, 0.18375396728515625]
[0.019146823883048114, 0.17621994018554688]
[0.01916246414184286, 0.1846790313720703]
[0.009617137908932705, 0.18587112426757812]
[-3.852844238849684e-05, 0.17713546752929688]
[0.0002409934997444907, 0.18407821655273438]
[-0.00016059875489560227, 0.19150733947753906]
[1.4591217031068027e-05, 0.18311500549316406]
[0.009594726562490052, 0.1815509796142578]
[-0.009600257873543683, 0.1912689208984375]
[-0.00932397842407795, 0.1834583282470703]
[-0.009361553192142935, 0.17600059509277344]
[-0.009359931945809308, 0.1845264434814453]
[-0.01885862350464862, 0.18524169921875]
[-0.01869459152221964, 0.1758575439453125]
[-0.01912136077880433, 0.1835346221923828]
[-0.019057464599612217, 0.1908111572265625]
[-0.0282152175903434, 0.18239974975585938]
[-0.009296894073493434, 0.18110275268554688]
[-0.009276962280281964, 0.19089698791503906]
[-0.009216976165781432, 0.1826953887939453]
[0.009839534759514379, 0.17510414123535156]
[0.009909057617186079, 0.18340110778808594]
[0.009561347961415834, 0.18380165100097656]
[0.019037246704094457, 0.17438888549804688]
[0.028869342803936604, 0.1826190948486328]
[0.0382184028625403, 0.18947601318359375]
[0.03823833465575888, 0.18044471740722656]
[0.05724935531615216, 0.17969131469726562]
[0.048000621795651455, 0.18988609313964844]
[0.057353591918946734, 0.18062591552734375]
[0.05725336074828391, 0.1734161376953125]
[0.06694850921630291, 0.18190383911132812]
[0.057269763946536045, 0.18159866333007812]
[0.06669855117797852, 0.1727294921875]
[0.06695919036865661, 0.18113136291503906]
[0.06673994064330913, 0.1873302459716797]
[0.06690044403075746, 0.17942428588867188]
[0.0668429374694739, 0.17912864685058594]
[0.047742462158204546, 0.1893901824951172]
[0.0574619293212848, 0.1802825927734375]
[0.05752458572387553, 0.17400741577148438]
[0.047795486450198155, 0.18212318420410156]
[0.06719570159911115, 0.1815032958984375]
[0.066974449157712, 0.17253875732421875]
[0.057630634307855644, 0.18144607543945312]
[0.04817466735838849, 0.1873302459716797]
[0.04796066284178835, 0.1795673370361328]
[0.0669596672058077, 0.18034934997558594]
[0.057685375213608836, 0.18970489501953125]
[0.05732650756835511, 0.18166542053222656]
[0.06703882217406942, 0.17576217651367188]
[0.047697257995601205, 0.1840686798095703]
[0.04769535064696839, 0.18268585205078125]
[0.04779348373413228, 0.17347335815429688]
[0.03826799392700053, 0.18260955810546875]
[0.02878723144531392, 0.1884937286376953]
[0.028924560546869316, 0.18068313598632812]
[0.0290491104126005, 0.18148422241210938]
[0.019329643249506034, 0.19117355346679688]
[0.0003426551818890289, 0.18192291259765625]
[0.0097571372985783, 0.17625808715820312]
[0.00018215179444069918, 0.18407821655273438]
[0.0003977775573815734, 0.1825714111328125]
[0.0001662254333467672, 0.1734161376953125]
[0.0001809120178251078, 0.18283843994140625]
[-0.00936241149902628, 0.1881885528564453]
[0.0002152442932157328, 0.1806640625]
[0.0002060890197768117, 0.1818370819091797]
[0.0003337860107421875, 0.1917743682861328]
[-0.009255886077887965, 0.1821422576904297]
[0.0002802848815903758, 0.17663955688476562]
[-2.431869508257023e-05, 0.18484115600585938]
[0.009495544433583802, 0.1825428009033203]
[0.009511566162096585, 0.17333984375]
[0.00016260147094726562, 0.18285751342773438]
[0.009511566162096585, 0.1877307891845703]
[0.019342041015619316, 0.18016815185546875]
[0.028756427764889736, 0.18187522888183594]
[0.03831462860106427, 0.1913928985595703]
[0.03836612701415021, 0.18202781677246094]
[0.057721996307371626, 0.17719268798828125]
[0.04810028076171591, 0.18524169921875]
[0.05756864547728924, 0.18240928649902344]
[0.05749750137328391, 0.17339706420898438]
[0.05753107070923136, 0.18255233764648438]
[0.04796323776244549, 0.1869487762451172]
[0.0384737014770451, 0.17907142639160156]
[0.0481707572936898, 0.18036842346191406]
[0.03851194381713441, 0.18866539001464844]
[0.04817628860473633, 0.181732177734375]
[0.038704299926749286, 0.17827987670898438]
[0.03841533660887109, 0.18647193908691406]
[0.04800672531128214, 0.182952880859375]
[0.048358058929437675, 0.17408370971679688]
[0.0574183464050293, 0.18299102783203125]
[0.06702013015746644, 0.18731117248535156]
[0.057644462585443534, 0.17998695373535156]
[0.0863114356994572, 0.18342971801757812]
[0.08613939285278605, 0.1922893524169922]
[0.08608627319335227, 0.18296241760253906]
[0.08611268997192667, 0.1787853240966797]
[0.07678527832031534, 0.18685340881347656]
[0.07674217224121094, 0.18288612365722656]
[0.07673654556273135, 0.1744842529296875]
[0.06721754074096253, 0.18342971801757812]
[0.06735525131225018, 0.18691062927246094]
[0.048095130920408735, 0.1798534393310547]
[0.05795717239379883, 0.18340110778808594]
[0.04804801940917969, 0.1913738250732422]
[0.047976589202875175, 0.18260955810546875]
[0.04790668487548544, 0.1792144775390625]
[0.05743217468261719, 0.18715858459472656]
[0.04770517349243164, 0.18278121948242188]
[0.04763927459716655, 0.17446517944335938]
[0.047565841674803266, 0.18310546875]
[0.04749546051025533, 0.18604278564453125]
[0.037926864624019174, 0.17896652221679688]
[0.04772663116455078, 0.18297195434570312]
[0.04756326675414613, 0.1907825469970703]
[0.04758644104003906, 0.18212318420410156]
[0.038178348541258345, 0.17892837524414062]
[0.03804855346680114, 0.1869964599609375]
[0.03809289932251403, 0.1822185516357422]
[0.03818521499633931, 0.1745128631591797]
[0.04769344329833558, 0.18309593200683594]
[0.04770984649658061, 0.18578529357910156]
[0.04764595031738139, 0.17853736877441406]
[0.047636413574210223, 0.18301963806152344]
[0.04768190383909854, 0.19067764282226562]
[0.0475662231445213, 0.18225669860839844]
[0.057084846496572084, 0.1793956756591797]
[0.037698650360106, 0.1877117156982422]
[0.037662792205807705, 0.18213272094726562]
[0.04734153747557457, 0.17436981201171875]
[0.03791065216064027, 0.1837635040283203]
[0.03773021697997336, 0.18578529357910156]
[0.02840633392333558, 0.178375244140625]
[0.0378211975097571, 0.18320083618164062]
[0.028316020965569066, 0.19006729125976562]
[0.028466129302977095, 0.18199920654296875]
[0.03795680999755291, 0.17976760864257812]
[0.018979740142825108, 0.18909454345703125]
[0.018702220916743784, 0.1832866668701172]
[0.028136634826658735, 0.1759815216064453]
[0.028286743164059658, 0.1842975616455078]
[0.037673664093013315, 0.18634796142578125]
[0.03758268356322958, 0.17795562744140625]
[0.056656742095945845, 0.1827526092529297]
[0.05672502517699485, 0.19069671630859375]
[0.06633596420287802, 0.1832294464111328]
[0.07596836090087322, 0.18026351928710938]
[0.08535842895507528, 0.1890277862548828]
[0.09501371383666424, 0.18279075622558594]
[0.10448884963988547, 0.17549514770507812]
[0.10479383468626935, 0.18344879150390625]
[0.11406507492064577, 0.1850128173828125]
[0.1142866134643441, 0.1771259307861328]
[0.11441078186035014, 0.18324851989746094]
[0.10466613769531108, 0.190582275390625]
[0.10497961044310955, 0.18253326416015625]
[0.09528570175169904, 0.1803874969482422]
[0.08579978942870525, 0.18937110900878906]
[0.07610349655150372, 0.18248558044433594]
[0.05698957443236452, 0.1753520965576172]
[0.05684547424316122, 0.18344879150390625]
[0.04737834930419638, 0.18465042114257812]
[0.03800296783446555, 0.17686843872070312]
[0.04735717773437642, 0.18317222595214844]
[0.018517303466786927, 0.19003868103027344]
[0.018576049804678973, 0.1822185516357422]
[0.01852540969847638, 0.18070220947265625]
[0.018481826782220878, 0.18950462341308594]
[0.01852455139160014, 0.18220901489257812]
[0.028358554840082206, 0.17540931701660156]
[0.028007221221919565, 0.18337249755859375]
[0.027937793731680927, 0.1839733123779297]
[0.037618446350094814, 0.17560958862304688]
[0.018530082702632455, 0.18239974975585938]
[0.02809858322142844, 0.18881797790527344]
[0.009089183807368784, 0.1803874969482422]
[0.028425216674797582, 0.17943382263183594]
[0.009169483184805927, 0.18692970275878906]
[0.009053325653070488, 0.17414093017578125]
[0.018739223480217504, 0.16884803771972656]
[0.018728828430170097, 0.178680419921875]
[0.01855792999267436, 0.17746925354003906]
[0.01855792999267436, 0.16847610473632812]
[0.01859025955199911, 0.17580032348632812]
[0.018606662750237035, 0.18233299255371094]
[0.018583488464351205, 0.1751995086669922]
[0.02819118499755291, 0.1751708984375]
[0.018382263183589487, 0.1845073699951172]
[0.008963871002187318, 0.17716407775878906]
[-0.010322189331063214, 0.1703166961669922]
[-0.010428810119641696, 0.178070068359375]
[-0.010471153259288712, 0.17757415771484375]
[-0.019969844818128024, 0.16943931579589844]
[-0.010446071624762965, 0.17740249633789062]
[-0.019890880584725323, 0.18311500549316406]
[-0.010347557067873936, 0.17548561096191406]
[-0.0007135391235451038, 0.17518043518066406]
[-0.010310077667242012, 0.1845073699951172]
[-0.0007004737854003906, 0.17608642578125]
[-0.0007096290588322063, 0.17049789428710938]
[-0.0008449554443430429, 0.17820358276367188]
[-0.0009985923767033, 0.1778125762939453]
[0.00869131088256836, 0.16907691955566406]
[-0.0008172988891672617, 0.17812728881835938]
[-0.0008879661560143859, 0.18390655517578125]
[0.008685398101796693, 0.17670631408691406]
[0.008665466308585223, 0.17693519592285156]
[-0.00082483291626545, 0.18617630004882812]
[-0.010307502746584873, 0.17757415771484375]
[-0.0007648468017578125, 0.171661376953125]
[-0.0009485244750990773, 0.1790142059326172]
[-0.010504245758063746, 0.17847061157226562]
[-0.019812488555920993, 0.1700115203857422]
[-0.010152912139901105, 0.17836570739746094]
[-0.010313034057624293, 0.1839923858642578]
[-0.010215950012216979, 0.17683029174804688]
[-0.0007104873657297617, 0.17714500427246094]
[-0.01975708007813637, 0.1862335205078125]
[-0.009943866729734907, 0.17762184143066406]
[-0.01017818450928587, 0.1720905303955078]
[-0.009981441497799892, 0.17946243286132812]
[-0.010198974609380684, 0.17820358276367188]
[-0.0006164550781306843, 0.1696491241455078]
[-0.0005880355835046203, 0.17808914184570312]
[-0.0007269859314007476, 0.1835346221923828]
[-0.0006471633911218078, 0.17621994018554688]
[-0.0007704734802231883, 0.17691612243652344]
[0.018503952026364345, 0.1862049102783203]
[0.018377017974849252, 0.17740249633789062]
[0.018541049957271127, 0.17221450805664062]
[0.008657455444335938, 0.17999649047851562]
[0.00869665145873455, 0.1784515380859375]
[-0.0007593154907254984, 0.16982078552246094]
[-0.0008675575256447132, 0.17846107482910156]
[-0.010514354705826179, 0.18347740173339844]
[-0.010440921783455792, 0.17632484436035156]
[-0.0007158279419101632, 0.1775646209716797]
[-0.010370731353766871, 0.18660545349121094]
[-0.0007383346557716663, 0.1781749725341797]
[0.00890617370604474, 0.17363548278808594]
[0.008915710449215908, 0.17989158630371094]
[0.018364143371577768, 0.17795562744140625]
[0.018307781219483843, 0.1708698272705078]
[0.037347888946534624, 0.18016815185546875]
[0.037301254272456674, 0.18407821655273438]
[0.04687337875365927, 0.1761341094970703]
[0.056192016601556816, 0.17791748046875]
[0.056282997131347656, 0.1878643035888672]
[0.05627584457397461, 0.18021583557128906]
[0.07537698745727539, 0.1765155792236328]
[0.06578083038329652, 0.1840686798095703]
[0.06575050354003054, 0.18209457397460938]
[0.0847625732421804, 0.17592430114746094]
[0.084625244140625, 0.1832294464111328]
[0.0847257614135799, 0.19136428833007812]
[0.09415140151977397, 0.18991470336914062]
[0.10392799377441264, 0.1925182342529297]
[0.12308616638183167, 0.2019786834716797]
[0.1231272697448702, 0.1949787139892578]
[0.1517997741699162, 0.189208984375]
[0.16125020980834393, 0.1990509033203125]
[0.18034420013427876, 0.1944446563720703]
[0.19934158325195028, 0.19033432006835938]
[0.2183641433715735, 0.19860267639160156]
[0.2374114990234304, 0.20117759704589844]
[0.2565266609191852, 0.19426345825195312]
[0.2754434585571204, 0.19728660583496094]
[0.2944468498229895, 0.20620346069335938]
[0.30393915176390607, 0.19794464111328125]
[0.33254947662352663, 0.19395828247070312]
[0.3323126792907658, 0.20330429077148438]
[0.34190959930419496, 0.20018577575683594]
[0.3609461784362722, 0.19227027893066406]
[0.37036533355712464, 0.20277023315429688]
[0.37030305862425905, 0.20789146423339844]
[0.37030696868895774, 0.20605087280273438]
[0.38927793502806907, 0.21292686462402344]
[0.3892156600952106, 0.22321701049804688]
[0.38930149078369425, 0.21821022033691406]
[0.40831003189086346, 0.2104473114013672]
[0.4082365989685002, 0.2236652374267578]
[0.4083104133605886, 0.2303314208984375]
[0.43682336807249555, 0.23099899291992188]
[0.44633808135986186, 0.24717330932617188]
[0.4747756004333539, 0.2674674987792969]
[0.4844038009643512, 0.287628173828125]
[0.5223892211914034, 0.32113075256347656]
[0.5508207321166907, 0.4491233825683594]
[0.5890041351318374, 0.6300735473632812]
[0.6174783706664968, 0.7520484924316406]
[0.6460867881774774, 0.8450603485107422]
[0.6842141151428223, 0.9129810333251953]
[0.7222673416137653, 0.9537601470947266]
[0.7700378417968778, 0.9635066986083984]
[0.8178794860839815, 1.0655879974365234]
[0.8561146736144991, 1.1617088317871094]
[0.8941433906555147, 1.2474346160888672]
[0.9227732658386145, 1.2976932525634766]
[0.9610156059265051, 1.4171695709228516]
[0.9994947433471637, 1.4273262023925781]
[1.018590259551999, 1.5199089050292969]
[1.0566159248351994, 1.5703678131103516]
[1.0949209213256808, 1.6517925262451172]
[1.1236322402954144, 1.6843509674072266]
[1.161808967590332, 1.7225837707519531]
[1.2097352027893038, 1.7816734313964844]
[1.2480651855468707, 1.8182563781738281]
[1.2959232330322124, 1.8532657623291016]
[1.3341311454772864, 1.9088268280029297]
[1.4106369018554616, 1.9236183166503906]
[1.4678718566894489, 1.9857311248779297]
[1.5351499557495032, 1.9968128204345703]
[1.6116724014282156, 2.052431106567383]
[1.6688258171081571, 2.096986770629883]
[1.7546417236328153, 2.1505260467529297]
[1.831254768371572, 2.1372318267822266]
[1.8982063293456974, 2.158985137939453]
[1.9747657775878835, 2.192516326904297]
[2.051239490509026, 2.217683792114258]
[2.1180737495422335, 2.2178173065185547]
[2.194617748260498, 2.228250503540039]
[2.2711098670959444, 2.240266799926758]
[2.337945175170887, 2.2520923614501953]
[2.414250564575198, 2.282838821411133]
[2.4713553428649817, 2.288064956665039]
[2.528928470611561, 2.303457260131836]
[2.58608074188232, 2.3077392578125]
[2.633644104003899, 2.3157787322998047]
[2.681194400787348, 2.334766387939453]
[2.738546371459954, 2.3470401763916016]
[2.795741462707518, 2.363920211791992]
[2.843325710296618, 2.3703670501708984]
[2.9101079940795813, 2.388906478881836]
[2.9671813964843707, 2.4298858642578125]
[3.043504428863521, 2.458162307739258]
[3.119819545745848, 2.492542266845703]
[3.2154537200927678, 2.5232887268066406]
[3.310847187042228, 2.57537841796875]
[3.4065866470336843, 2.5905895233154297]
[3.530888938903807, 2.6139163970947266]
[3.6453710556030217, 2.639741897583008]
[3.750551700592034, 2.652578353881836]
[3.8748462677001854, 2.664613723754883]
[3.9991476058959847, 2.6991653442382812]
[4.123354339599608, 2.728757858276367]
[4.266882324218749, 2.7406883239746094]
[4.4102444648742605, 2.767305374145508]
[4.5533883094787555, 2.780923843383789]
[4.706432151794431, 2.785634994506836]
[4.8593147277832, 2.794971466064453]
[4.993274116516105, 2.7997493743896484]
[5.1364926338195644, 2.825498580932617]
[5.289205551147461, 2.8426456451416016]
[5.442161941528312, 2.8662490844726562]
[5.604806709289548, 2.9009342193603516]
[5.776836299896225, 2.916879653930664]
[5.94903030395507, 2.9517459869384766]
[6.13088502883911, 2.974843978881836]
[6.322121906280508, 2.9868602752685547]
[6.532744884490967, 3.015737533569336]
[6.714576244354248, 3.040742874145508]
[6.925397109985347, 3.059720993041992]
[7.136292648315425, 3.070211410522461]
[7.346963691711416, 3.0803489685058594]
[7.5579145431518455, 3.092660903930664]
[7.787964153289792, 3.1110095977783203]
[8.027640628814687, 3.1285762786865234]
[8.248237800598133, 3.153524398803711]
[8.487805652618405, 3.1696319580078125]
[8.727694034576409, 3.180360794067383]
[8.967540454864498, 3.195161819458008]
[9.197695446014407, 3.2033824920654297]
[9.447190666198729, 3.2161426544189453]
[9.677340793609616, 3.2311534881591797]
[9.907433891296378, 3.247804641723633]
[10.13756608963012, 3.2441234588623047]
[10.338771057128902, 3.246450424194336]
[10.549442481994618, 3.258380889892578]
[10.750812530517564, 3.2666492462158203]
[10.932955265045159, 3.2735061645507812]
[11.105472755432125, 3.2825660705566406]
[11.278280544281003, 3.2901573181152344]
[11.441054630279538, 3.3002090454101562]
[11.604102993011466, 3.309812545776367]
[11.757372474670404, 3.318805694580078]
[11.911166858673091, 3.3206939697265625]
[12.073964118957512, 3.3276939392089844]
[12.218015861511226, 3.3409690856933594]
[12.381016731262207, 3.3424949645996094]
[12.544220733642575, 3.345317840576172]
[12.69762182235717, 3.3520126342773438]
[12.841522216796868, 3.3530521392822266]
[12.985404777526846, 3.3568477630615234]
[13.129310894012448, 3.368368148803711]
[13.263567924499512, 3.379497528076172]
[13.388059139251709, 3.3899593353271484]
[13.503448104858393, 3.406829833984375]
[13.618410396575932, 3.423147201538086]
[13.714408874511712, 3.433866500854492]
[13.829306507110587, 3.4386634826660156]
[13.915762424468994, 3.4454727172851562]
[14.011816406249999, 3.449420928955078]
[14.126736545562743, 3.4598350524902344]
[14.232002544403073, 3.4732532501220703]
[14.33723068237304, 3.4731388092041016]
[14.44255857467651, 3.4762096405029297]
[14.566555404663085, 3.4887313842773438]
[14.671746444702144, 3.4900856018066406]
[14.786739158630368, 3.4905052185058594]
[14.920528888702385, 3.4949874877929688]
[15.044908428192137, 3.501605987548828]
[15.169290828704831, 3.504514694213867]
[15.322467803955078, 3.5097217559814453]
[15.475841140747065, 3.5185718536376953]
[15.619441986083977, 3.523111343383789]
[15.791832542419428, 3.5242462158203125]
[15.973645687103271, 3.532075881958008]
[16.13674716949462, 3.5369205474853516]
[16.318547916412342, 3.5367870330810547]
[16.500638961791992, 3.545083999633789]
[16.682598209381098, 3.5546493530273438]
[16.855129432678225, 3.5561656951904297]
[17.03732118606566, 3.562793731689453]
[17.228708839416498, 3.575439453125]
[17.401139545440664, 3.585386276245117]
[17.57401647567748, 3.5918426513671875]
[17.755767822265618, 3.6055374145507812]
[17.937806797027577, 3.6159229278564453]
[18.12935256958007, 3.624429702758789]
[18.320722198486322, 3.627939224243164]
[18.51233491897583, 3.636445999145508]
[18.7037085533142, 3.6451339721679688]
[18.90476808547973, 3.649606704711914]
[19.105314254760728, 3.6586666107177734]
[19.306199073791504, 3.6608505249023438]
[19.516440391540534, 3.6629676818847656]
[19.72682914733886, 3.6710548400878906]
[19.927482414245603, 3.680734634399414]
[20.147414588928214, 3.682880401611328]
[20.367296886444088, 3.690786361694336]
[20.596498203277577, 3.698282241821289]
[20.8256212234497, 3.6977291107177734]
[21.064645767211914, 3.6993885040283203]
[21.312769699096684, 3.7041091918945312]
[21.55130987167358, 3.7070846557617188]
[21.809255027770988, 3.7079429626464844]
[22.057318115234366, 3.7172603607177734]
[22.305420780181883, 3.7301063537597656]
[22.56311874389649, 3.736419677734375]
[22.811199474334714, 3.7430858612060547]
[23.06860475540161, 3.7521743774414062]
[23.33593435287475, 3.757781982421875]
[23.622440719604484, 3.7648487091064453]
[23.880081653594956, 3.771820068359375]
[24.176401710510255, 3.7761974334716797]
[24.453727626800536, 3.7778282165527344]
[24.740335083007807, 3.784055709838867]
[25.017778873443596, 3.7875843048095703]
[25.295434570312487, 3.7858104705810547]
[25.5632411956787, 3.7879371643066406]
[25.82175550460815, 3.7923812866210938]
[26.07070770263671, 3.791971206665039]
[26.319619178771966, 3.7923622131347656]
[26.53026628494262, 3.796091079711914]
[26.74065999984741, 3.7984848022460938]
[26.951103878021236, 3.7987518310546875]
[27.151885795593266, 3.804140090942383]
[27.333628368377667, 3.805551528930664]
[27.5155306816101, 3.805685043334961]
[27.68798818588256, 3.8074207305908203]
[27.85063714981078, 3.8099002838134766]
[27.994266796112065, 3.808469772338867]
[28.138009548187256, 3.809041976928711]
[28.262672519683832, 3.8118457794189453]
[28.368436908721904, 3.8110828399658203]
[28.483545398712167, 3.809976577758789]
[28.588981914520275, 3.8132476806640625]
[28.68491020202636, 3.815174102783203]
[28.790367507934548, 3.8140487670898438]
[28.895793247222898, 3.815164566040039]
[28.99175662994385, 3.819551467895508]
[29.09689311981201, 3.8226890563964844]
[29.1927237510681, 3.824787139892578]
[29.2883032798767, 3.828744888305664]
[29.374079132080055, 3.8291168212890625]
[29.469481945037842, 3.828611373901367]
[29.565018844604495, 3.8320541381835938]
[29.65093088150023, 3.8332653045654297]
[29.746219825744618, 3.833017349243164]
[29.841442012786857, 3.835124969482422]
[29.946284961700442, 3.8371849060058594]
[30.051289939880363, 3.8359642028808594]
[30.185108661651597, 3.8363170623779297]
[30.318716049194336, 3.8391494750976562]
[30.46204442977904, 3.8378238677978516]
[30.624399662017822, 3.836336135864258]
[30.786548519134513, 3.8391494750976562]
[30.94944505691528, 3.839406967163086]
[31.121192741394026, 3.840208053588867]
[31.302913379669178, 3.8419246673583984]
[31.4847123146057, 3.8447189331054688]
[31.65662460327148, 3.843812942504883]
[31.838523006439203, 3.8449478149414062]
[32.010290813446034, 3.8471317291259766]
[32.1823956489563, 3.8463401794433594]
[32.363922882080075, 3.845205307006836]
[32.54562129974363, 3.8494014739990234]
[32.736780643463135, 3.8510894775390625]
[32.93753080368042, 3.8516712188720703]
[33.138318824768064, 3.8551712036132812]
[33.33925523757935, 3.857736587524414]
[33.55945348739624, 3.8570404052734375]
[33.79867372512817, 3.858203887939453]
[34.019018363952625, 3.8617897033691406]
[34.24909448623656, 3.860626220703125]
[34.46959371566771, 3.8599681854248047]
[34.68948488235473, 3.8626480102539062]
[34.89995813369751, 3.864469528198242]
[35.09151744842528, 3.8639259338378906]
[35.292249011993405, 3.865957260131836]
[35.47384576797485, 3.8669681549072266]
[35.67458200454712, 3.864459991455078]
[35.85610084533691, 3.864603042602539]
[36.03758640289307, 3.8663768768310547]
[36.219298362731934, 3.864316940307617]
[36.420126438140855, 3.8611507415771484]
[36.61122055053711, 3.863687515258789]
[36.82166604995727, 3.863706588745117]
[37.02289857864379, 3.861827850341797]
[37.233541965484605, 3.864450454711914]
[37.44437055587767, 3.8696765899658203]
[37.65510568618774, 3.868265151977539]
[37.86612844467163, 3.869504928588867]
[38.06737985610961, 3.8752174377441406]
[38.25902624130249, 3.874187469482422]
[38.45049457550047, 3.875112533569336]
[38.622882366180406, 3.8791751861572266]
[38.795006752014146, 3.881549835205078]
[38.967280960083, 3.8820552825927734]
[39.15835008621214, 3.885354995727539]
[39.349596500396714, 3.888721466064453]
[39.55003213882445, 3.888216018676758]
[39.76941957473754, 3.8889026641845703]
[39.97973451614379, 3.8924217224121094]
[40.20865278244017, 3.8936519622802734]
[40.44733915328979, 3.895263671875]
[40.67666683197021, 3.9002037048339844]
[40.90595102310179, 3.905916213989258]
[41.14481563568114, 3.9074134826660156]
[41.38365955352782, 3.912801742553711]
[41.63201427459717, 3.9169979095458984]
[41.880473995208746, 3.9171409606933594]
[42.14794645309448, 3.918304443359375]
[42.38676843643188, 3.921499252319336]
[42.625360870361334, 3.921804428100586]
[42.8545241355896, 3.922443389892578]
[43.07374048233031, 3.9251232147216797]
[43.2836194038391, 3.925771713256836]
[43.474217605590795, 3.925762176513672]
[43.65483436584472, 3.9295291900634766]
[43.79727125167847, 3.9341163635253906]
[43.940232372283944, 3.9359092712402344]
[44.082697296142584, 3.9390087127685547]
[44.20610933303833, 3.9435863494873047]
[44.32021284103392, 3.9424514770507812]
[44.43441343307495, 3.9419937133789062]
[44.52932329177855, 3.9441871643066406]
[44.60535688400269, 3.9442825317382812]
[44.671814346313454, 3.9436912536621094]
[44.719110107421855, 3.9463233947753906]
[44.74730834960937, 3.9470577239990234]
[44.77531652450563, 3.9449024200439453]
[44.79388313293455, 3.945302963256836]
[44.78369407653807, 3.9473724365234375]
[44.76385688781737, 3.9458560943603516]
[44.74434890747071, 3.946065902709961]
[44.715029048919675, 3.9479923248291016]
[44.69542531967163, 3.9470386505126953]
[44.66664123535156, 3.9444923400878906]
[44.65706701278684, 3.945779800415039]
[44.628399467468256, 3.9459228515625]
[44.60055036544799, 3.943929672241211]
[44.57238502502439, 3.9432907104492188]
[44.53493652343751, 3.94439697265625]
[44.47846403121946, 3.941497802734375]
[44.42198553085326, 3.9383983612060547]
[44.34646139144897, 3.9373302459716797]
[44.29004297256469, 3.9347362518310547]
[44.20514192581176, 3.9307594299316406]
[44.15811433792112, 3.9291858673095703]
[44.092401409149176, 3.9278411865234375]
[44.035963153839106, 3.9210987091064453]
[43.97930965423585, 3.9151763916015625]
[43.941800594329834, 3.913707733154297]
[43.92363348007201, 3.907957077026367]
[43.89566297531128, 3.9052963256835938]
[43.8774203300476, 3.906078338623047]
[43.85898294448852, 3.9017486572265625]
[43.87877941131592, 3.895750045776367]
[43.907918643951405, 3.8948726654052734]
[43.92736158370971, 3.891582489013672]
[43.96622400283812, 3.8826847076416016]
[44.00505447387694, 3.8799476623535156]
[44.03402853012085, 3.881988525390625]
[44.07278861999511, 3.882598876953125]
[44.13019628524779, 3.8897705078125]
[44.20679769515992, 3.9035511016845703]
[44.27387180328368, 3.9121532440185547]
[44.37898740768432, 3.919095993041992]
[44.483813667297355, 3.926210403442383]
[44.58822631835936, 3.9333438873291016]
[44.692454433441156, 3.9361000061035156]
[44.78708429336547, 3.940267562866211]
[44.871895980834935, 3.9447689056396484]
[44.956210899353025, 3.9458465576171875]
[45.05021076202392, 3.9469146728515625]
[45.1442247390747, 3.949575424194336]
[45.2287896156311, 3.9482593536376953]
[45.31341505050658, 3.9448070526123047]
[45.388361263275144, 3.945455551147461]
[45.44477701187134, 3.943510055541992]
[45.48191442489623, 3.939332962036133]
[45.50033540725707, 3.9401912689208984]
[45.51861562728881, 3.9435768127441406]
[45.508455657958976, 3.942241668701172]
[45.498727130889876, 3.941946029663086]
[45.46899166107177, 3.943185806274414]
[45.430257034301746, 3.9423465728759766]
[45.3722331047058, 3.940563201904297]
[45.3142744064331, 3.941984176635742]
[45.256102085113525, 3.9418411254882812]
[45.1791184425354, 3.9394760131835938]
[45.092432403564445, 3.939218521118164]
[45.01572122573853, 3.9406204223632812]
[44.93878355026243, 3.936738967895508]
[44.881550598144514, 3.9354991912841797]
[44.82424440383912, 3.9377689361572266]
[44.78651523590088, 3.9350032806396484]
[44.72967796325683, 3.932924270629883]
[44.672574138641366, 3.9349937438964844]
[44.59677200317384, 3.935832977294922]
[44.501330184936535, 3.934640884399414]
[44.41585235595703, 3.9357566833496094]
[44.291556167602536, 3.936901092529297]
[44.16739797592163, 3.933277130126953]
[44.043093776702875, 3.9301681518554688]
[43.89963092803954, 3.9290714263916016]
[43.75639734268188, 3.922243118286133]
[43.61287221908569, 3.9133644104003906]
[43.469488334655765, 3.9119434356689453]
[43.326100444793695, 3.9078712463378906]
[43.18262414932251, 3.9037227630615234]
[43.05870914459227, 3.901996612548828]
[42.92537593841551, 3.901662826538086]
[42.80140209197998, 3.899507522583008]
[42.69682874679563, 3.9002037048339844]
[42.58246088027953, 3.904256820678711]
[42.477624511718744, 3.9061927795410156]
[42.401649284362776, 3.907184600830078]
[42.306326580047596, 3.912076950073242]
[42.23013715744018, 3.9153480529785156]
[42.16324138641356, 3.916196823120117]
[42.10568161010741, 3.921375274658203]
[42.02905826568603, 3.9254188537597656]
[41.971360206604004, 3.9259910583496094]
[41.894684696197515, 3.9265060424804688]
[41.82726764678955, 3.929777145385742]
[41.74082441329956, 3.928956985473633]
[41.68299102783202, 3.929166793823242]
[41.60606317520141, 3.932504653930664]
[41.54834470748901, 3.9342308044433594]
[41.500272274017334, 3.9325809478759766]
[41.470920085907, 3.9356327056884766]
[41.403353977203366, 3.938016891479492]
[41.36463241577148, 3.937549591064453]
[41.31640863418579, 3.9373397827148438]
[41.277413654327376, 3.939533233642578]
[41.21941738128662, 3.937969207763672]
[41.17113256454466, 3.936758041381836]
[41.09419279098509, 3.9389610290527344]
[41.02649784088133, 3.939027786254883]
[40.969013690948486, 3.9370346069335938]
[40.90171127319336, 3.9381790161132812]
[40.824908924102786, 3.939638137817383]
[40.748403167724604, 3.9377689361572266]
[40.67168321609496, 3.937215805053711]
[40.58569040298461, 3.938446044921875]
[40.489983272552465, 3.935842514038086]
[40.40398550033568, 3.933248519897461]
[40.279616165161116, 3.934478759765625]
[40.155509185791004, 3.934335708618164]
[40.01204185485838, 3.9323806762695312]
[39.859047603607195, 3.9336585998535156]
[39.68696336746214, 3.935117721557617]
[39.50516300201417, 3.933439254760742]
[39.32319612503052, 3.933391571044922]
[39.13181095123289, 3.935699462890625]
[38.94039354324342, 3.9342308044433594]
[38.73927383422851, 3.9322566986083984]
[38.53822526931762, 3.9334869384765625]
[38.34668531417847, 3.9330482482910156]
[38.15509462356566, 3.9306068420410156]
[37.97323331832885, 3.9323043823242188]
[37.800488662719715, 3.9331531524658203]
[37.647509384155256, 3.930082321166992]
[37.494291019439686, 3.9291763305664062]
[37.341235446929915, 3.9304351806640625]
[37.19790973663329, 3.928365707397461]
[37.0544653892517, 3.926115036010742]
[36.90149641036987, 3.926544189453125]
[36.74865169525147, 3.925943374633789]
[36.595637607574474, 3.9237022399902344]
[36.452150630950925, 3.924894332885742]
[36.29924592971801, 3.925333023071289]
[36.1464051246643, 3.922758102416992]
[35.993258571624736, 3.9213180541992188]
[35.821344089508045, 3.921518325805664]
[35.65856628417967, 3.9174270629882812]
[35.495956611633275, 3.9147472381591797]
[35.33341274261474, 3.9154720306396484]
[35.16121139526366, 3.9153575897216797]
[35.00831985473633, 3.9130496978759766]
[34.84589538574218, 3.9132213592529297]
[34.683159828186035, 3.9119911193847656]
[34.52077560424803, 3.9090347290039062]
[34.35835876464843, 3.9078521728515625]
[34.17661428451535, 3.909120559692383]
[33.98552608489992, 3.905763626098633]
[33.794495487213126, 3.9038848876953125]
[33.5743176460266, 3.9041614532470703]
[33.36409683227538, 3.9028549194335938]
[33.134537792205805, 3.900327682495117]
[32.9144853591919, 3.901700973510742]
[32.685142993927, 3.9017581939697266]
[32.455661773681626, 3.8978099822998047]
[32.25470008850097, 3.89617919921875]
[32.05389642715453, 3.896150588989258]
[31.862678909301763, 3.890562057495117]
[31.681222248077376, 3.8852787017822266]
[31.49939556121825, 3.8817214965820312]
[31.317681026458743, 3.876934051513672]
[31.117034149169925, 3.8711929321289062]
[30.916244316101057, 3.8689804077148438]
[30.696522235870347, 3.864297866821289]
[30.44820032119749, 3.8576221466064453]
[30.190165328979475, 3.8513851165771484]
[29.922423267364508, 3.8494014739990234]
[29.616783046722404, 3.8442516326904297]
[29.31096372604368, 3.8378524780273438]
[28.976122570037816, 3.837442398071289]
[28.64176921844482, 3.834199905395508]
[28.307012653350817, 3.8292789459228516]
[27.9627809524536, 3.8269901275634766]
[27.618756389617907, 3.8222599029541016]
[27.284408855438237, 3.814401626586914]
[26.978337097167966, 3.807077407836914]
[26.644005775451653, 3.8017749786376953]
[26.338443183898917, 3.779010772705078]
[26.02304172515869, 3.768453598022461]
[25.707751941680897, 3.7628746032714844]
[25.382914733886707, 3.7544822692871094]
[25.07711372375487, 3.7462234497070312]
[24.74281377792358, 3.745145797729492]
[24.417794990539548, 3.7391281127929688]
[24.08342657089233, 3.7306690216064453]
[23.758424282073975, 3.728475570678711]
[23.44293947219849, 3.728494644165039]
[23.1082513809204, 3.725881576538086]
[22.783214855194082, 3.718891143798828]
[22.47726554870605, 3.715696334838867]
[22.181368350982666, 3.708934783935547]
[21.894372844696044, 3.6987876892089844]
[21.62668304443359, 3.689289093017578]
[21.35916805267334, 3.6788558959960938]
[21.10111455917358, 3.6699581146240234]
[20.852516651153564, 3.659486770629883]
[20.58499126434326, 3.6532020568847656]
[20.31752500534057, 3.6397171020507812]
[20.049798011779785, 3.6313343048095703]
[19.772409820556632, 3.6283493041992188]
[19.495220661163323, 3.6192989349365234]
[19.227621459960936, 3.6104393005371094]
[18.95995779037475, 3.6063003540039062]
[18.68245916366577, 3.603391647338867]
[18.405473613739005, 3.5963916778564453]
[18.147144126892087, 3.5907840728759766]
[17.879397773742674, 3.5863780975341797]
[17.611713218688962, 3.5752201080322266]
[17.36331233978271, 3.5665321350097656]
[17.133812999725343, 3.5625267028808594]
[16.894760227203356, 3.5529136657714844]
[16.64634885787963, 3.544759750366211]
[16.416680526733387, 3.5393238067626953]
[16.196624755859368, 3.5365962982177734]
[15.957722377777102, 3.529834747314453]
[15.737630653381345, 3.5301589965820312]
[15.508035850524905, 3.5303211212158203]
[15.288176536560059, 3.5270214080810547]
[15.087091445922844, 3.5245323181152344]
[14.886115741729732, 3.5273075103759766]
[14.685089778900142, 3.5242652893066406]
[14.512834453582755, 3.5198116302490234]
[14.340506458282462, 3.5177993774414062]
[14.17781209945678, 3.5150623321533203]
[14.044011402130124, 3.511486053466797]
[13.910042953491214, 3.5126876831054688]
[13.776093292236318, 3.508157730102539]
[13.651781654357904, 3.5011863708496094]
[13.546888160705556, 3.499326705932617]
[13.422528266906738, 3.496065139770508]
[13.307811164855949, 3.489809036254883]
[13.183521556854245, 3.477458953857422]
[13.058982849121087, 3.4722137451171875]
[12.915707206726061, 3.4685516357421875]
[12.781857109069819, 3.4638309478759766]
[12.628615283966063, 3.4673595428466797]
[12.47538423538208, 3.4700775146484375]
[12.322425842285156, 3.469209671020508]
[12.178716278076173, 3.4684276580810547]
[12.035272884368887, 3.468790054321289]
[11.9013653755188, 3.4627914428710938]
[11.777079010009757, 3.4545230865478516]
[11.66230840682983, 3.4515380859375]
[11.547532653808581, 3.449850082397461]
[11.432804679870593, 3.4426116943359375]
[11.3276400566101, 3.440370559692383]
[11.222234630584708, 3.4349822998046875]
[11.117182159423827, 3.420114517211914]
[11.011884498596181, 3.402862548828125]
[10.887412261962886, 3.392763137817383]
[10.753410243988029, 3.380270004272461]
[10.628948879241932, 3.358488082885742]
[10.475478839874263, 3.348531723022461]
[10.312816810607899, 3.336038589477539]
[10.14043846130371, 3.328237533569336]
[9.958493995666508, 3.327322006225586]
[9.78602666854858, 3.327341079711914]
[9.6132866859436, 3.3266639709472656]
[9.440847682952878, 3.3275985717773438]
[9.28732261657715, 3.331785202026367]
[9.124723243713376, 3.321866989135742]
[8.990507316589351, 3.317117691040039]
[8.85616312026977, 3.3211898803710938]
[8.750491905212407, 3.315248489379883]
[8.625923061370848, 3.3081817626953125]
[8.52980003356933, 3.2960987091064453]
[8.404831600189205, 3.2870864868164062]
[8.308728218078613, 3.272571563720703]
[8.212744140624999, 3.254985809326172]
[8.107145977020267, 3.245229721069336]
[7.991794967651359, 3.2141971588134766]
[7.867193603515624, 3.1781673431396484]
[7.732827663421631, 3.165559768676758]
[7.579469585418693, 3.1348228454589844]
[7.435620594024655, 3.107881546020508]
[7.262997627258301, 3.1046199798583984]
[7.0905515670776325, 3.0972766876220703]
[6.9275032997131305, 3.083066940307617]
[6.764475631713864, 3.0753040313720703]
[6.591983222961417, 3.069581985473633]
[6.4195547103881765, 3.051776885986328]
[6.266089630126956, 3.0385303497314453]
[6.12235870361328, 3.0230045318603516]
[5.97844743728637, 3.0087852478027344]
[5.844288635253903, 3.0041122436523438]
[5.710092735290523, 3.001270294189453]
[5.585168743133536, 2.992229461669922]
[5.450909423828122, 2.992534637451172]
[5.316540241241448, 2.9682350158691406]
[5.1822640419006305, 2.9591846466064453]
[5.04805927276611, 2.9448604583740234]
[4.932974529266353, 2.9337692260742188]
[4.808477210998532, 2.928791046142578]
[4.6840223312377915, 2.9350757598876953]
[4.578617858886709, 2.9343318939208984]
[4.482908058166494, 2.939310073852539]
[4.387089252471924, 2.937479019165039]
[4.3106775283813406, 2.9229736328125]
[4.234186744689929, 2.917013168334961]
[4.157666301727289, 2.902650833129883]
[4.090699768066408, 2.874908447265625]
[4.0239248275756765, 2.8571319580078125]
[3.966595458984372, 2.8388595581054688]
[3.8996871948242173, 2.8153133392333984]
[3.833029651641837, 2.774686813354492]
[3.7852632522582965, 2.749910354614258]
[3.7185796737670813, 2.7216625213623047]
[3.661346435546875, 2.7129650115966797]
[3.6042111396789522, 2.6981353759765625]
[3.5183312416076546, 2.687673568725586]
[3.4706921577453542, 2.674102783203125]
[3.4133787155151296, 2.6640701293945312]
[3.3468095779419045, 2.667083740234375]
[3.2989912033081055, 2.6570796966552734]
[3.2610694885253864, 2.647571563720703]
[3.2136131286621037, 2.657327651977539]
[3.1659535408019934, 2.664194107055664]
[3.128033351898189, 2.6617908477783203]
[3.0902951240539522, 2.6506423950195312]
[3.05226726531982, 2.6376914978027344]
[3.02404336929321, 2.606821060180664]
[3.0053820610046387, 2.59429931640625]
[2.9676112174987708, 2.5835227966308594]
[2.939399051666257, 2.5528621673583984]
[2.9113121032714773, 2.536439895629883]
[2.8640901565551786, 2.5249099731445312]
[2.8359294891357365, 2.504243850708008]
[2.7983559608459316, 2.5004100799560547]
[2.751085376739489, 2.497997283935547]
[2.7133289337158217, 2.5011634826660156]
[2.666076374053951, 2.4832534790039062]
[2.6284832000732337, 2.4830245971679688]
[2.581046104431138, 2.490816116333008]
[2.533783149719234, 2.503538131713867]
[2.4864576339721722, 2.502765655517578]
[2.4578877449035588, 2.513589859008789]
[2.4198501586914105, 2.5223350524902344]
[2.391578769683832, 2.523164749145508]
[2.372565650939933, 2.5177955627441406]
[2.3344641685485783, 2.513580322265625]
[2.3154619216918846, 2.487659454345703]
[2.296480846405025, 2.4770259857177734]
[2.2677818298339787, 2.4697399139404297]
[2.239314460754393, 2.462015151977539]
[2.210524463653563, 2.4511146545410156]
[2.1820055007934585, 2.453775405883789]
[2.153381538391102, 2.446470260620117]
[2.1345336914062543, 2.4565505981445312]
[2.106016349792476, 2.464723587036133]
[2.058363914489739, 2.4802398681640625]
[2.0394885063171344, 2.485504150390625]
[2.020336914062497, 2.480764389038086]
[2.0204601287841797, 2.4959850311279297]
[2.001672267913804, 2.509031295776367]
[1.9922117233276353, 2.4936580657958984]
[1.9733025550842243, 2.494335174560547]
[1.9639786720275865, 2.4660682678222656]
[1.954352664947514, 2.434062957763672]
[1.9351209640502915, 2.405691146850586]
[1.9065310478210407, 2.359485626220703]
[1.878084564208983, 2.3331642150878906]
[1.839849090576159, 2.2910022735595703]
[1.8016459465026813, 2.269725799560547]
[1.7730051040649286, 2.238740921020508]
[1.7156105041503835, 2.204313278198242]
[1.6582507133483873, 2.1824073791503906]
[1.610424327850346, 2.1845340728759766]
[1.562631511688231, 2.1709442138671875]
[1.5144813537597557, 2.1723079681396484]
[1.4667097091674677, 2.1969127655029297]
[1.4284355163574176, 2.193126678466797]
[1.3998824119567814, 2.178497314453125]
[1.3615497589111314, 2.1743202209472656]
[1.3326825141906795, 2.172689437866211]
[1.304148006439199, 2.1657657623291016]
[1.2850120544433565, 2.165508270263672]
[1.2565434455871554, 2.15850830078125]
[1.2566064834594712, 2.1381473541259766]
[1.2374557495117244, 2.1148204803466797]
[1.2279845237731877, 2.0961475372314453]
[1.2375427246093693, 2.0670318603515625]
[1.2184914588928137, 2.0442867279052734]
[1.2089931488037067, 2.029752731323242]
[1.2092179298400865, 2.013721466064453]
[1.1899422645568833, 1.9730854034423828]
[1.1710718154907198, 1.9552898406982422]
[1.1709428787231388, 1.9611835479736328]
[1.1615293502807589, 1.9653129577636719]
[1.1518965721130385, 1.980743408203125]
[1.1328721046447683, 1.988382339477539]
[1.1234037399291879, 1.9700813293457031]
[1.1234069824218764, 1.9291400909423828]
[1.1041724205016976, 1.884765625]
[1.0850641250610238, 1.8661689758300781]
[1.066321849822991, 1.8506813049316406]
[1.0566789627075082, 1.8524646759033203]
[1.0469464302062903, 1.8387413024902344]
[1.027895545959467, 1.7704963684082031]
[1.018439960479732, 1.6594791412353516]
[1.008732891082765, 1.590728759765625]
[0.9993930816650334, 1.532278060913086]
[0.9897926330566378, 1.4809989929199219]
[0.970747756958005, 1.4145660400390625]
[0.9516446113586383, 1.3840770721435547]
[0.9326667785644531, 1.360177993774414]
[0.9134286880493079, 1.2735748291015625]
[0.8944485664367647, 1.2100028991699219]
[0.8658451080322251, 1.1084842681884766]
[0.85628147125243, 1.103363037109375]
[0.8181725502014174, 1.0790824890136719]
[0.7895634651184054, 1.141357421875]
[0.7610251426696664, 1.170492172241211]
[0.7419350624084515, 1.2071800231933594]
[0.723050785064693, 1.2110614776611328]
[0.7040417671203585, 1.2238788604736328]
[0.6946069717407184, 1.241769790649414]
[0.6852200508117647, 1.2448406219482422]
[0.6758383750915442, 1.2217521667480469]
[0.6855558395385728, 1.2364959716796875]
[0.6853509902954045, 1.240243911743164]
[0.675948047637938, 1.184988021850586]
[0.6760882377624569, 1.1430740356445312]
[0.6759955406188851, 1.0675811767578125]
[0.666673374176014, 1.0270309448242188]
[0.6760926246642995, 1.036977767944336]
[0.6667104721069208, 0.9632968902587891]
[0.6476556777954059, 0.8753204345703125]
[0.6477355957031179, 0.8272361755371094]
[0.6286847114562946, 0.8066844940185547]
[0.6189009666442828, 0.7649326324462891]
[0.5999143600463839, 0.7040786743164062]
[0.5998102188110295, 0.6345272064208984]
[0.5807796478271428, 0.4590606689453125]
[0.5809401512145982, 0.3280353546142578]
[0.5713810920715261, 0.26447296142578125]
[0.5618931770324664, 0.20328521728515625]
[0.5431847572326589, 0.18148422241210938]
[0.5335630416870103, 0.15791893005371094]
[0.5239464759826689, 0.14461517333984375]
[0.5048488616943345, 0.10306358337402344]
[0.5049705505371023, 0.10970115661621094]
[0.5050468444824219, 0.11203765869140625]
[0.4955524444579993, 0.10592460632324219]
[0.4954889297485323, 0.09074211120605469]
[0.485959529876709, 0.07749557495117188]
[0.4764879226684542, 0.08510589599609375]
[0.4668506622314439, 0.08899688720703125]
[0.4668223381042438, 0.08173942565917969]
[0.46683473587035706, 0.10476112365722656]
[0.45727214813231853, 0.125274658203125]
[0.45732564926147035, 0.12257575988769531]
[0.4765098571777244, 0.12231826782226562]
[0.4765832901000948, 0.14731407165527344]
[0.4765629768371511, 0.1305675506591797]
[0.4958271026611243, 0.08045196533203125]
[0.5051705360412555, 0.0018215179443359375]
[0.5052944183349553, 0.00110626220703125]
[0.5053247451782212, -0.007905960083007812]
[0.5052337646484375, 0.0003528594970703125]
[0.5052768707275277, 0.007076263427734375]
[0.5054469108581543, -0.0008106231689453125]
[0.5055179595947337, -0.0014209747314453125]
[0.505361843109128, 0.008382797241210938]
[0.49593429565429403, -0.00034332275390625]
[0.4766949653625474, -0.0070285797119140625]
[0.47662076950072674, 0.001068115234375]
[0.4669524192810002, 0.0008106231689453125]
[0.4577679634094167, -0.008258819580078125]
[0.46713972091674094, 0.0002956390380859375]
[0.45758113861082705, 0.0066852569580078125]
[0.4479805946350055, -0.0010013580322265625]
[0.44806766510009055, -0.0011539459228515625]
[0.4289261817932015, 0.008726119995117188]
[0.4290706634521442, -0.000286102294921875]
[0.4194222450256291, -0.006618499755859375]
[0.4097886085510254, 0.0014209747314453125]
[0.4096887588501019, 0.0006771087646484375]
[0.40980491638183736, -0.008497238159179688]
[0.40980491638183736, 0.00041961669921875]
[0.4097403526306209, 0.0064373016357421875]
[0.40009717941283895, -0.0011539459228515625]
[0.40033960342406516, -0.000896453857421875]
[0.39059333801268536, 0.00885009765625]
[0.40011367797850994, -0.0003147125244140625]
[0.39045124053955504, -0.006427764892578125]
[0.390460777282712, 0.0015926361083984375]
[0.3809278488159151, 0.000400543212890625]
[0.3809213638305593, -0.008687973022460938]
[0.37125177383423136, 0.0003910064697265625]
[0.37156105041503196, 0.00614166259765625]
[0.3618108749389677, -0.0014019012451171875]
[0.3525337219238125, -0.0006961822509765625]
[0.3523400306701632, 0.009021759033203125]
[0.36160364151000834, -0.000209808349609375]
[0.35242462158202414, -0.0059604644775390625]
[0.361807155609128, 0.0018978118896484375]
[0.3425651550292983, 0.0002002716064453125]
[0.3426225662231417, -0.008869171142578125]
[0.35233650207519673, 0.00026702880859375]
[0.35207462310791016, 0.0055408477783203125]
[0.3423619270324707, -0.001888275146484375]
[0.36148233413696573, -0.0006866455078125]
[0.35185909271240234, 0.008907318115234375]
[0.3519337654113812, -0.0004100799560546875]
[0.3520156860351591, -0.005664825439453125]
[0.3522028923034597, 0.0023365020751953125]
[0.352212810516356, 5.7220458984375e-05]
[0.352100181579587, -0.008955001831054688]
[0.3330924034118681, 0.00034332275390625]
[0.3330128669738741, 0.0052642822265625]
[0.33317337036132244, -0.0021839141845703125]
[0.34265804290771484, -0.0004100799560546875]
[0.33305664062499574, 0.009012222290039062]
[0.33323316574096395, -0.00030517578125]
[0.3330518722534137, -0.0053310394287109375]
[0.3233770370483313, 0.0027561187744140625]
[0.31413154602049786, -9.5367431640625e-06]
[0.32331447601318075, -0.008974075317382812]
[0.313850021362299, 0.0002956390380859375]
[0.30440130233764506, 0.0048923492431640625]
[0.29460449218749574, -0.002613067626953125]
[0.29479169845581055, -0.0002193450927734375]
[0.27559995651244407, 0.009069442749023438]
[0.27550897598266033, -0.0002765655517578125]
[0.2754782676696763, -0.00492095947265625]
[0.26589851379394247, 0.003261566162109375]
[0.27541475296020224, -0.0001239776611328125]
[0.27530260086059144, -0.009031295776367188]
[0.2658773422241154, 0.0003147125244140625]
[0.2753725051879812, 0.0044727325439453125]
[0.2753656387329073, -0.0030231475830078125]
[0.294278812408443, -0.0001239776611328125]
[0.29410791397094016, 0.008993148803710938]
[0.29422445297240785, -0.0002956390380859375]
[0.3039211273193345, -0.0045490264892578125]
[0.3041670799255414, 0.0037670135498046875]
[0.31352319717406374, -0.000209808349609375]
[0.3138418197631836, -0.008935928344726562]
[0.32330532073974183, 0.0003337860107421875]
[0.32330532073974183, 0.0040912628173828125]
[0.3328731536865206, -0.003509521484375]
[0.3426298141479478, 0.0]
[0.3328503608703599, 0.008878707885742188]
[0.32333536148071573, -0.00030517578125]
[0.31372013092040874, -0.0041484832763671875]
[0.3040664672851534, 0.0043582916259765625]
[0.3040987014770522, -0.0002002716064453125]
[0.2852601051330481, -0.008716583251953125]
[0.28512754440306765, 0.000438690185546875]
[0.27555255889891583, 0.0037097930908203125]
[0.26608219146727663, -0.0039768218994140625]
[0.2661140441894503, 0.0001811981201171875]
[0.25662965774534996, 0.008754730224609375]
[0.2661818504333482, -0.0002384185791015625]
[0.2759655952453528, -0.0037384033203125]
[0.25658292770385316, 0.0048923492431640625]
[0.2567809104919405, -0.00026702880859375]
[0.2664061546325627, -0.00858306884765625]
[0.24718399047851136, 0.00041961669921875]
[0.24715366363525249, 0.003299713134765625]
[0.2568057060241671, -0.0045490264892578125]
[0.24722280502319194, 0.0002765655517578125]
[0.256687927246098, 0.008563995361328125]
[0.2568109512329073, -0.00026702880859375]
[0.2569407463073716, -0.0033473968505859375]
[0.26602621078490785, 0.0054645538330078125]
[0.26627378463744833, -0.0002765655517578125]
[0.26617002487181907, -0.008411407470703125]
[0.27591505050658327, 0.000400543212890625]
[0.27550306320189577, 0.00286102294921875]
