time,x,y,z,qx,qy,qz,qw
0.0033003000426106155,0.07170795649290085,2.3946115970611572,0.9552159905433655,0.00799906998872757,-0.043528083711862564,0.05397392809391022,-0.9975610971450806
0.00872370001161471,0.07159450650215149,2.3945255279541016,0.9553029537200928,0.007884307764470577,-0.04358233883976936,0.054187726229429245,-0.9975480437278748
0.012687400041613728,0.07151398807764053,2.394491195678711,0.9553753733634949,0.00797275360673666,-0.04349982365965843,0.05408153682947159,-0.9975566864013672
0.016866100020706654,0.07144683599472046,2.394451141357422,0.9554359912872314,0.007809418719261885,-0.0434611439704895,0.05415991321206093,-0.9975554347038269
0.021254000021144748,0.07137388736009598,2.394418716430664,0.9555310606956482,0.007308545522391796,-0.04368633031845093,0.054713498800992966,-0.9975192546844482
0.02540500002214685,0.07133771479129791,2.3943748474121094,0.955588161945343,0.007211393676698208,-0.04361604154109955,0.054777152836322784,-0.9975195527076721
0.029438800003845245,0.07129544764757156,2.394320487976074,0.9556733965873718,0.007126688491553068,-0.043693847954273224,0.05475350096821785,-0.9975180625915527
0.033470100024715066,0.07127882540225983,2.3942770957946777,0.9557164907455444,0.0069996872916817665,-0.04372720420360565,0.054845042526721954,-0.9975124597549438
0.038547900039702654,0.0712829977273941,2.394245147705078,0.9557662010192871,0.00691054854542017,-0.043682411313056946,0.05476616695523262,-0.997519314289093
0.042022100009489805,0.07126473635435104,2.3942010402679443,0.9558036923408508,0.0068204402923583984,-0.04370449483394623,0.054895419627428055,-0.9975118637084961
0.046608900011051446,0.07124564796686172,2.394195079803467,0.9558610916137695,0.0069637964479625225,-0.04361714422702789,0.05472477152943611,-0.997524082660675
0.05038490000879392,0.0712554007768631,2.394164800643921,0.9559215903282166,0.006908814888447523,-0.04362867772579193,0.05485370010137558,-0.9975168704986572
0.054765300010330975,0.07124434411525726,2.3941287994384766,0.9559953212738037,0.006331100594252348,-0.043859027326107025,0.05490849167108536,-0.9975075721740723
0.0589513000450097,0.0712442547082901,2.394167423248291,0.956119179725647,0.004729582462459803,-0.04416649788618088,0.05653678625822067,-0.9974119663238525
0.06263960001524538,0.07120348513126373,2.39410138130188,0.9561276435852051,0.006202926393598318,-0.04369647800922394,0.05498893931508064,-0.997511088848114
0.06757630000356585,0.07121001183986664,2.39418625831604,0.956226110458374,0.0048489803448319435,-0.043984703719615936,0.056285034865140915,-0.9974336624145508
0.07115010003326461,0.07118968665599823,2.3942103385925293,0.9562844038009644,0.0048425206914544106,-0.04390973970293999,0.05626203119754791,-0.9974383115768433
0.07526110002072528,0.07116520404815674,2.3942413330078125,0.9563313722610474,0.004865916911512613,-0.04383138567209244,0.05614548549056053,-0.997448205947876
0.0794400000013411,0.0711367204785347,2.394242525100708,0.9563835263252258,0.0045434338971972466,-0.043883878737688065,0.056199342012405396,-0.9974443912506104
0.0834937000181526,0.07113591581583023,2.394289970397949,0.9564096927642822,0.004604481626302004,-0.043822795152664185,0.05592537671327591,-0.9974621534347534
0.08770189998904243,0.07113707065582275,2.39432692527771,0.9564380049705505,0.004619359038770199,-0.04377193748950958,0.05589134618639946,-0.9974662065505981
0.09247780003352091,0.0711396113038063,2.394360303878784,0.956480860710144,0.00470487866550684,-0.04371447116136551,0.05575474724173546,-0.9974760413169861
0.0963694000383839,0.07115069776773453,2.3944032192230225,0.9565137028694153,0.004768336657434702,-0.0437760204076767,0.05565480887889862,-0.9974785447120667
0.10091390000889078,0.07116727530956268,2.3944191932678223,0.9565256237983704,0.004983009770512581,-0.043778855353593826,0.055430006235837936,-0.9974899291992188
0.1046595000079833,0.07119877636432648,2.3944528102874756,0.9565451741218567,0.00505646551027894,-0.043813157826662064,0.05533706769347191,-0.9974932670593262
0.1086176999961026,0.07123525440692902,2.394519805908203,0.9565239548683167,0.005650171544402838,-0.04382247477769852,0.055184394121170044,-0.997498095035553
0.1128683999995701,0.07125883549451828,2.394557237625122,0.9565519690513611,0.0056963651441037655,-0.04377187415957451,0.055133167654275894,-0.997502863407135
0.11697620002087206,0.07127773761749268,2.394592761993408,0.9565644860267639,0.005983196664601564,-0.043665047734975815,0.055053841322660446,-0.9975101947784424
0.12121160002425313,0.07129558175802231,2.394645929336548,0.956599771976471,0.006074628327041864,-0.043755631893873215,0.054986320436000824,-0.9975094795227051
0.1251600999967195,0.07134660333395004,2.394707202911377,0.9566265344619751,0.006369433365762234,-0.04380584508180618,0.054909493774175644,-0.9975095987319946
0.12975570000708103,0.07136514782905579,2.3947505950927734,0.9566655158996582,0.006308669690042734,-0.043868452310562134,0.055013466626405716,-0.99750155210495
0.13311560003785416,0.07136514782905579,2.3947505950927734,0.9566655158996582,0.006308669690042734,-0.043868452310562134,0.055013466626405716,-0.99750155210495
0.13762940000742674,0.07141424715518951,2.394848346710205,0.9567815661430359,0.0062821717001497746,-0.0439157709479332,0.054755814373493195,-0.9975137710571289
0.14361379999900237,0.07141949236392975,2.3948819637298584,0.9568575024604797,0.005859255790710449,-0.04404490441083908,0.054813798516988754,-0.9975074529647827
0.14774550002766773,0.07144301384687424,2.3949038982391357,0.9569215774536133,0.005781903397291899,-0.04423630237579346,0.05478791519999504,-0.9975009560585022
0.15175870002713054,0.07149502635002136,2.39494252204895,0.9569781422615051,0.005751404911279678,-0.04428783059120178,0.05471844971179962,-0.9975026249885559
0.1561935000354424,0.07151979953050613,2.3950135707855225,0.9569859504699707,0.006240370217710733,-0.04409803822636604,0.05460578575730324,-0.9975142478942871
0.1606995000038296,0.07153648138046265,2.395024061203003,0.9570774435997009,0.00591771025210619,-0.044173017144203186,0.054497506469488144,-0.99751877784729
0.16456920001655817,0.0716640055179596,2.395092725753784,0.9571076035499573,0.0063003478571772575,-0.04460360109806061,0.054399196058511734,-0.9975027441978455
0.1686129000154324,0.07171362638473511,2.3951210975646973,0.9571564793586731,0.006513421889394522,-0.04463114216923714,0.054243579506874084,-0.9975085258483887
0.17276819999096915,0.07172875106334686,2.395176649093628,0.9572239518165588,0.006517000496387482,-0.044607777148485184,0.05431154742836952,-0.9975058436393738
0.17774720001034439,0.07176732271909714,2.3952248096466064,0.9572803378105164,0.006568229757249355,-0.044624801725149155,0.054244935512542725,-0.9975084066390991
0.1815696000121534,0.07179875671863556,2.3952696323394775,0.9573273062705994,0.006674718111753464,-0.04464112967252731,0.05418820306658745,-0.9975100755691528
0.1856755000189878,0.07181022316217422,2.395322322845459,0.9573902487754822,0.007016455288976431,-0.044666022062301636,0.05392398685216904,-0.9975208640098572
0.19151219999184832,0.07184748351573944,2.395449638366699,0.9575071930885315,0.007124580908566713,-0.04475383460521698,0.053978949785232544,-0.9975131750106812
0.1961695000063628,0.07183291018009186,2.395517110824585,0.9575815796852112,0.007310704328119755,-0.04478347301483154,0.053931236267089844,-0.9975131750106812
0.20010840002214536,0.07182450592517853,2.3955776691436768,0.9576460123062134,0.007447860203683376,-0.04489794000983238,0.05395905673503876,-0.9975054860115051
0.2045722000184469,0.07184217870235443,2.395630359649658,0.9577054977416992,0.007604406680911779,-0.04485304653644562,0.0539705753326416,-0.9975057244300842
0.20818810001946986,0.07184217870235443,2.395630359649658,0.9577054977416992,0.007604406680911779,-0.04485304653644562,0.0539705753326416,-0.9975057244300842
0.21240030002081767,0.07185521721839905,2.3957412242889404,0.9578351378440857,0.008730852045118809,-0.04527617618441582,0.05392289534211159,-0.9974799752235413
0.2167634000070393,0.07187391817569733,2.3958067893981934,0.9579643607139587,0.00922930147498846,-0.045264098793268204,0.05363447964191437,-0.9974914789199829
0.22097970003960654,0.0718979462981224,2.3958323001861572,0.9579976797103882,0.009326816536486149,-0.04547823593020439,0.05362632870674133,-0.9974814057350159
0.22519580001244321,0.07190804183483124,2.3958656787872314,0.9581063389778137,0.009261609055101871,-0.045052215456962585,0.05282951891422272,-0.9975437521934509
0.22928910003975034,0.07191439718008041,2.3959076404571533,0.9581363201141357,0.009696748107671738,-0.045017093420028687,0.05285824462771416,-0.997539758682251
0.23428959999000654,0.07190882414579391,2.3959333896636963,0.9581672549247742,0.010015708394348621,-0.04510105401277542,0.05278647318482399,-0.9975365400314331
0.23775040003238246,0.07190024107694626,2.395961046218872,0.958183765411377,0.010191979818046093,-0.04513898119330406,0.05288069695234299,-0.9975281357765198
0.24181279999902472,0.07186945527791977,2.3959789276123047,0.9582370519638062,0.00990312173962593,-0.04519188031554222,0.05299847200512886,-0.9975222945213318
0.24655010004062206,0.07184536010026932,2.3960108757019043,0.9582894444465637,0.009958476759493351,-0.045199401676654816,0.05318566784262657,-0.9975115060806274
0.25026410003192723,0.07183052599430084,2.3960540294647217,0.9583212733268738,0.010071979835629463,-0.045289214700460434,0.05329586938023567,-0.9975003600120544
0.2549198000342585,0.07181532680988312,2.396094799041748,0.9583886861801147,0.010101289488375187,-0.045385487377643585,0.053534217178821564,-0.99748295545578
0.258666500041727,0.07177730649709702,2.3961434364318848,0.9584815502166748,0.01041906513273716,-0.04534554481506348,0.05319177359342575,-0.9974998831748962
0.26268360001267865,0.07175061106681824,2.396169900894165,0.9585540890693665,0.010406514629721642,-0.04528826102614403,0.053341981023550034,-0.9974945783615112
0.2672865000204183,0.07172469794750214,2.396172523498535,0.9586416482925415,0.010409747250378132,-0.045243408530950546,0.05344167724251747,-0.9974912405014038
0.2709426000365056,0.071701280772686,2.3961873054504395,0.9587019681930542,0.010189817287027836,-0.04513940215110779,0.053641825914382935,-0.9974874258041382
0.2753325999947265,0.07173067331314087,2.396193742752075,0.9587651491165161,0.010380303487181664,-0.04505111277103424,0.05347197875380516,-0.9974985718727112
0.2794255000189878,0.0717376321554184,2.396167278289795,0.9588539600372314,0.010244796983897686,-0.04498351365327835,0.053916193544864655,-0.9974791407585144
0.28435180004453287,0.07175806164741516,2.396174430847168,0.9588853120803833,0.010349691845476627,-0.04503227770328522,0.053956594318151474,-0.9974736571311951
0.28868830000283197,0.07179190218448639,2.3961856365203857,0.9589319825172424,0.010296051390469074,-0.04498624801635742,0.05405915156006813,-0.9974707365036011
0.2920756000094116,0.0718301311135292,2.396199941635132,0.9589604735374451,0.01033481303602457,-0.0449385941028595,0.05420619994401932,-0.9974645376205444
0.29612830001860857,0.07190932333469391,2.3962056636810303,0.9589824080467224,0.01025974377989769,-0.04478637874126434,0.05449977517127991,-0.9974561333656311
0.3003642000257969,0.07197276502847672,2.3962128162384033,0.9590172171592712,0.01048371847718954,-0.04485100507736206,0.054461147636175156,-0.9974530339241028
0.3050817000330426,0.07200200110673904,2.396221160888672,0.9590532779693604,0.01037580892443657,-0.04482407122850418,0.05446504056453705,-0.9974551796913147
0.308673000021372,0.0720367506146431,2.3962411880493164,0.9590921998023987,0.010402449406683445,-0.04475140571594238,0.054600220173597336,-0.9974507689476013
0.3136614999966696,0.07207611948251724,2.396268844604492,0.9591265320777893,0.010520289652049541,-0.04468633979558945,0.05457671359181404,-0.9974537491798401
0.3171870000078343,0.07214362919330597,2.396261692047119,0.9591939449310303,0.0099583575502038,-0.04514177888631821,0.0547015517950058,-0.9974321722984314
0.32301200000802055,0.07218773663043976,2.3962907791137695,0.959223747253418,0.00976039469242096,-0.04523437097668648,0.05464109405875206,-0.9974332451820374
0.32715180004015565,0.07222004979848862,2.3963494300842285,0.9592459797859192,0.009647266939282417,-0.04531341791152954,0.05480986461043358,-0.9974215030670166
0.3312809999915771,0.07226604968309402,2.3964102268218994,0.9592581987380981,0.009645553305745125,-0.04536537453532219,0.05476203188300133,-0.9974217414855957
0.3355355000239797,0.07229959219694138,2.3964760303497314,0.9592289328575134,0.009548735804855824,-0.045414991676807404,0.055057644844055176,-0.997404158115387
0.3396644000313245,0.0723801702260971,2.3966031074523926,0.9591837525367737,0.010255972854793072,-0.04483481124043465,0.054985787719488144,-0.9974272847175598
0.34351959999185055,0.07245133072137833,2.3966968059539795,0.9590730667114258,0.010677451267838478,-0.045113455504179,0.05511592701077461,-0.9974032044410706
0.347693599993363,0.07251184433698654,2.396860361099243,0.9590264558792114,0.01024226937443018,-0.04518186300992966,0.05604587122797966,-0.9973528385162354
0.3526224000379443,0.07258305698633194,2.3969333171844482,0.9589957594871521,0.010509714484214783,-0.04524368420243263,0.05588531494140625,-0.9973562955856323
0.3566562000196427,0.07265657186508179,2.3970134258270264,0.9589800834655762,0.010661398060619831,-0.04537270590662956,0.055965814739465714,-0.9973441958427429
0.36217119998764247,0.07275048643350601,2.3971316814422607,0.9589414596557617,0.010525505058467388,-0.04563840478658676,0.05604632571339607,-0.9973289966583252
0.36639919999288395,0.07278694212436676,2.397202730178833,0.9589231014251709,0.010599291883409023,-0.04570909962058067,0.056161653250455856,-0.9973185658454895
0.3709973000222817,0.07281635701656342,2.397311210632324,0.958922266960144,0.01072987262159586,-0.04586859047412872,0.05610179156064987,-0.9973132014274597
0.37571310001658276,0.07282902300357819,2.3973989486694336,0.9588956236839294,0.010940611362457275,-0.04592836648225784,0.05600624531507492,-0.9973135590553284
0.37928450002800673,0.07282902300357819,2.3973989486694336,0.9588956236839294,0.010940611362457275,-0.04592836648225784,0.05600624531507492,-0.9973135590553284
0.38332940003601834,0.07283905893564224,2.397608518600464,0.958812415599823,0.011396883055567741,-0.04593499377369881,0.0560731366276741,-0.9973043203353882
0.3874578000395559,0.0728614330291748,2.39774751663208,0.9587276577949524,0.012060141190886497,-0.04587364196777344,0.055853188037872314,-0.9973117113113403
0.39203440002165735,0.07286202907562256,2.397897720336914,0.9586282968521118,0.012108116410672665,-0.04570654779672623,0.056180696934461594,-0.9973004460334778
0.39601070003118366,0.07285519689321518,2.3980047702789307,0.9585521817207336,0.01258925162255764,-0.04564652219414711,0.05597212165594101,-0.9973089694976807
0.400273900013417,0.07282420247793198,2.398151397705078,0.9585129022598267,0.013389873318374157,-0.04544031620025635,0.05604492127895355,-0.99730384349823
0.4045132999890484,0.07279825210571289,2.398256301879883,0.9584808945655823,0.013607786037027836,-0.045312803238630295,0.056129638105630875,-0.9973019361495972
0.4085606000153348,0.07275842130184174,2.3984217643737793,0.9583949446678162,0.012816246598958969,-0.04583073779940605,0.056836627423763275,-0.9972487092018127
0.41500790003919974,0.0727839469909668,2.3984861373901367,0.9583888649940491,0.013011887669563293,-0.0453312061727047,0.056705813854932785,-0.9972764849662781
0.4186930000432767,0.0728086531162262,2.398507833480835,0.9583328366279602,0.013576347380876541,-0.04506498947739601,0.056446775794029236,-0.9972956776618958
0.42266490001929924,0.0728086531162262,2.398507833480835,0.9583328366279602,0.013576347380876541,-0.04506498947739601,0.056446775794029236,-0.9972956776618958
0.4265344000305049,0.07278864830732346,2.398557424545288,0.9583358764648438,0.013749641366302967,-0.04494481161236763,0.05643743276596069,-0.9972992539405823
0.43000900000333786,0.07272771745920181,2.398658514022827,0.9583747982978821,0.013865862041711807,-0.04462834447622299,0.056405529379844666,-0.9973136782646179
0.4342512000002898,0.07269445806741714,2.398695945739746,0.9583965539932251,0.014021364040672779,-0.04446116089820862,0.05638456344604492,-0.9973201155662537
0.4376969000441022,0.07263767719268799,2.3987624645233154,0.9584560990333557,0.014073792845010757,-0.04444964975118637,0.056498266756534576,-0.9973134398460388
0.4420613000402227,0.07253233343362808,2.39886474609375,0.958552896976471,0.013421041890978813,-0.04452715069055557,0.05729703977704048,-0.9972733855247498
0.446115099999588,0.07248985022306442,2.398930072784424,0.9586093425750732,0.013543928042054176,-0.04441624507308006,0.05739711970090866,-0.9972710013389587
0.45247760001802817,0.0724826380610466,2.3990185260772705,0.9586403369903564,0.014092018827795982,-0.04444621503353119,0.057325657457113266,-0.9972661733627319
0.45892549998825416,0.07228739559650421,2.39909029006958,0.9588232636451721,0.014196719042956829,-0.044388942420482635,0.05691908672451973,-0.9972904920578003
0.462693500041496,0.07227537035942078,2.3991665840148926,0.9589534997940063,0.014408479444682598,-0.04402559995651245,0.057304784655570984,-0.9972814321517944
0.46682170004351065,0.07224155217409134,2.3991994857788086,0.9590396285057068,0.014077814295887947,-0.043907664716243744,0.05751758813858032,-0.9972791075706482
0.47108180000213906,0.07226835191249847,2.3993418216705322,0.95916348695755,0.012949026189744473,-0.0444992296397686,0.05890510603785515,-0.9971871972084045
0.4756542000104673,0.07221847027540207,2.399428129196167,0.9592557549476624,0.013107549399137497,-0.04433988034725189,0.05885401740670204,-0.9971952438354492
0.4799411999993026,0.07221285253763199,2.399534225463867,0.9593410491943359,0.013212842866778374,-0.04415871575474739,0.05873515084385872,-0.9972088932991028
0.48383050004485995,0.07215937972068787,2.3996784687042236,0.9594509601593018,0.013723393902182579,-0.04397490248084068,0.058547794818878174,-0.9972212314605713
0.4897237000404857,0.07213412970304489,2.399820566177368,0.9595117568969727,0.013685706071555614,-0.04384128376841545,0.058841489255428314,-0.9972103238105774
0.49406709999311715,0.0720854327082634,2.4000227451324463,0.9596017599105835,0.013849914073944092,-0.04358736053109169,0.05830560624599457,-0.9972506165504456
0.49798240000382066,0.07209822535514832,2.4002411365509033,0.9596579074859619,0.014679592102766037,-0.04336016997694969,0.05825846269726753,-0.9972514510154724
0.5020366000244394,0.07206389307975769,2.4004623889923096,0.959787130355835,0.01449089590460062,-0.04294988512992859,0.05796477943658829,-0.9972890615463257
0.5061366999871098,0.07204683125019073,2.4006540775299072,0.9599112272262573,0.014427958987653255,-0.0427684523165226,0.057930950075387955,-0.9972997307777405
0.5104098000447266,0.0720566064119339,2.4008781909942627,0.959981381893158,0.014037505723536015,-0.04266586899757385,0.05850275233387947,-0.9972763657569885
0.5150663999957033,0.07199648022651672,2.401177167892456,0.9600902795791626,0.01248038001358509,-0.04285469651222229,0.06025255471467972,-0.9971847534179688
0.5191035000025295,0.07202640920877457,2.4014244079589844,0.9602247476577759,0.01185921672731638,-0.043327536433935165,0.06089848652482033,-0.9971326589584351
0.523351600044407,0.07202793657779694,2.4016363620758057,0.96030193567276,0.0118961026892066,-0.04326969012618065,0.060918424278497696,-0.9971334934234619
0.5274478000355884,0.07202719151973724,2.401930809020996,0.9603361487388611,0.012874113395810127,-0.042691852897405624,0.06110456958413124,-0.997134804725647
0.5312544000335038,0.07204548269510269,2.402225971221924,0.9604177474975586,0.013448375277221203,-0.04257795214653015,0.061292991042137146,-0.9971206188201904
0.5359232000191696,0.07210620492696762,2.402498245239258,0.9604288339614868,0.013395942747592926,-0.042296841740608215,0.06151219829916954,-0.9971197843551636
0.539571600034833,0.07214277982711792,2.4028100967407227,0.9605046510696411,0.013858610764145851,-0.042123861610889435,0.06156570091843605,-0.9971175193786621
0.5441702000098303,0.07221726328134537,2.403156042098999,0.9606220722198486,0.014769714325666428,-0.042129576206207275,0.06169399619102478,-0.9970961809158325
0.5478373999940231,0.07229496538639069,2.4034483432769775,0.960665762424469,0.015519535169005394,-0.041895944625139236,0.061316847801208496,-0.9971179962158203
0.5517471000202931,0.07236938178539276,2.403844118118286,0.9608581066131592,0.015322351828217506,-0.041481900960206985,0.06104377657175064,-0.9971550703048706
0.5552436000434682,0.07247231900691986,2.4041590690612793,0.961001992225647,0.015790415927767754,-0.041323404759168625,0.060374923050403595,-0.9971950054168701
0.560186300019268,0.07253317534923553,2.4045164585113525,0.9611278772354126,0.016474014148116112,-0.04126224294304848,0.059825778007507324,-0.9972195625305176
0.5646921000443399,0.0725598931312561,2.4048564434051514,0.9613034725189209,0.01709611900150776,-0.04108037054538727,0.05909297615289688,-0.997260332107544
0.5686245000106283,0.07255303114652634,2.405327796936035,0.9615057706832886,0.017825325950980186,-0.04067910462617874,0.0566665418446064,-0.9974048733711243
0.573390300036408,0.07256414741277695,2.405750036239624,0.9617285132408142,0.018488867208361626,-0.04045892879366875,0.055419813841581345,-0.997471809387207
0.5776646999875084,0.07258491963148117,2.406231641769409,0.961983859539032,0.018379462882876396,-0.040531985461711884,0.055629029870033264,-0.9974592328071594
0.5817159000434913,0.07263891398906708,2.4066977500915527,0.9621490240097046,0.017883220687508583,-0.04019297659397125,0.055682338774204254,-0.9974789023399353
0.5856580000254326,0.0727282166481018,2.4072840213775635,0.9623072147369385,0.017997542396187782,-0.04070190712809563,0.056635595858097076,-0.9974026083946228
0.58997209998779,0.07276507467031479,2.407804012298584,0.9624223113059998,0.016358569264411926,-0.040647976100444794,0.057881440967321396,-0.9973614811897278
0.593968000030145,0.07280667871236801,2.408343553543091,0.9625335335731506,0.015941975638270378,-0.040157660841941833,0.057945217937231064,-0.9973843693733215
0.5982759000035003,0.07292838394641876,2.4089035987854004,0.9626423716545105,0.015400898642838001,-0.04019908234477043,0.05827318876981735,-0.9973721504211426
0.6023547000368126,0.07301369309425354,2.4093663692474365,0.9627991914749146,0.01528957486152649,-0.03990977630019188,0.05791535601019859,-0.9974063038825989
0.6066581000341102,0.07308540493249893,2.4099316596984863,0.9630212187767029,0.016347113996744156,-0.0393231064081192,0.056022435426712036,-0.9975209832191467
0.6106087000225671,0.07319670170545578,2.410444736480713,0.9632339477539062,0.01710856333374977,-0.03871529549360275,0.05447434261441231,-0.9976177215576172
0.6146060000173748,0.07336601614952087,2.411036252975464,0.963433563709259,0.01779400371015072,-0.0388055294752121,0.053522516041994095,-0.9976536631584167
0.6194072000216693,0.07348406314849854,2.4115357398986816,0.9636179208755493,0.017944233492016792,-0.03833087533712387,0.05290821194648743,-0.9977021813392639
0.6238139999913983,0.0736633688211441,2.412066698074341,0.9637441635131836,0.017475884407758713,-0.038229409605264664,0.05274138227105141,-0.9977231621742249
0.628973999992013,0.07400816679000854,2.4131052494049072,0.9641951322555542,0.01768667995929718,-0.0383378267288208,0.05172152817249298,-0.9977686405181885
0.6336373999947682,0.07409758120775223,2.413682460784912,0.9643668532371521,0.016840191558003426,-0.03830239921808243,0.05102900415658951,-0.9978203773498535
0.6388620000216179,0.0742291659116745,2.4143552780151367,0.9646641612052917,0.015516982413828373,-0.038108404725790024,0.051248516887426376,-0.9978379607200623
0.6427140000159852,0.07429986447095871,2.4149858951568604,0.9647654891014099,0.014551591128110886,-0.03755612671375275,0.051355261355638504,-0.9978679418563843
0.6461590999970213,0.0743785873055458,2.4155831336975098,0.9650353193283081,0.013800029642879963,-0.037095967680215836,0.051593270152807236,-0.9978836178779602
0.6503754000295885,0.07445691525936127,2.416189432144165,0.965377688407898,0.01371799223124981,-0.03621343523263931,0.051151130348443985,-0.9979398846626282
0.6549882999970578,0.07456456869840622,2.4167306423187256,0.9656527638435364,0.013550331816077232,-0.03594120964407921,0.05046233907341957,-0.9979870319366455
0.6585917000193149,0.07472295314073563,2.4172544479370117,0.9657435417175293,0.01312695536762476,-0.035553887486457825,0.049573130905628204,-0.9980511665344238
0.6633132999995723,0.07484355568885803,2.4179115295410156,0.9660035371780396,0.013806785456836224,-0.035142987966537476,0.047036703675985336,-0.9981792569160461
0.6668057999922894,0.07484355568885803,2.4179115295410156,0.9660035371780396,0.013806785456836224,-0.035142987966537476,0.047036703675985336,-0.9981792569160461
0.6710706000449136,0.07519011944532394,2.4190657138824463,0.9665181636810303,0.015607111155986786,-0.03509589657187462,0.04415542259812355,-0.9982860684394836
0.6752361000399105,0.07540132105350494,2.419572353363037,0.9667180776596069,0.015765411779284477,-0.03475037217140198,0.042926400899887085,-0.9983493089675903
0.6793405000353232,0.07557809352874756,2.4202046394348145,0.9670728445053101,0.01427887286990881,-0.03476263955235481,0.043668195605278015,-0.998339056968689
0.6840989000047557,0.0756877139210701,2.420821189880371,0.9673643112182617,0.013752886094152927,-0.033978234976530075,0.042713556438684464,-0.9984147548675537
0.6875855000107549,0.07587572932243347,2.4214370250701904,0.9676471948623657,0.013020372949540615,-0.03303029388189316,0.041860181838274,-0.9984925389289856
0.6927907000062987,0.0760432705283165,2.4221224784851074,0.967893660068512,0.012433527037501335,-0.03233844041824341,0.040468860417604446,-0.9985799789428711
0.6963659999892116,0.076228566467762,2.42273211479187,0.9682004451751709,0.012215235270559788,-0.03156368434429169,0.03923020139336586,-0.9986569285392761
0.7003956999978982,0.07634896785020828,2.4234752655029297,0.9684436917304993,0.011097717098891735,-0.03182346746325493,0.0398954376578331,-0.9986353516578674
0.7045213000383228,0.07652866840362549,2.4241552352905273,0.9687951803207397,0.012173936702311039,-0.03236107900738716,0.03933512791991234,-0.998627781867981
0.7084979999926873,0.07668939232826233,2.4247448444366455,0.969038724899292,0.012945572845637798,-0.032400552183389664,0.037688639014959335,-0.9986802339553833
0.7129367000306956,0.07684989273548126,2.4253652095794678,0.9692928194999695,0.013500846922397614,-0.03227600082755089,0.036402277648448944,-0.998724639415741
0.7174125000019558,0.07707203924655914,2.426182985305786,0.969735860824585,0.011410531587898731,-0.0316057913005352,0.036224741488695145,-0.9987785816192627
0.721140000037849,0.0772242620587349,2.426785469055176,0.96996009349823,0.011323483660817146,-0.03136003017425537,0.034922968596220016,-0.9988337159156799
0.7255917000002228,0.07744710892438889,2.4273681640625,0.9701751470565796,0.01121005229651928,-0.030354568734765053,0.033709533512592316,-0.9989076852798462
0.7331448000040837,0.07782705128192902,2.4286458492279053,0.9705650806427002,0.010020983405411243,-0.03001555986702442,0.03340805694460869,-0.9989407658576965
0.7376883000251837,0.07810105383396149,2.429274559020996,0.9706677198410034,0.00969446636736393,-0.02925656922161579,0.032377488911151886,-0.9990003705024719
0.7420176000450738,0.07833084464073181,2.429934501647949,0.9707027077674866,0.009426325559616089,-0.02898552641272545,0.031034495681524277,-0.9990535378456116
0.746840100036934,0.07848803699016571,2.430652618408203,0.9708243012428284,0.009635452181100845,-0.02843453176319599,0.02878320962190628,-0.9991347193717957
0.751708600029815,0.07875674962997437,2.4314560890197754,0.9709309935569763,0.010722896084189415,-0.02836494892835617,0.028079934418201447,-0.9991456270217896
0.7554333000443876,0.07900845259428024,2.4324347972869873,0.9712402820587158,0.010287282057106495,-0.028270171955227852,0.02829357236623764,-0.9991469383239746
0.7594957000110298,0.07925193011760712,2.4333395957946777,0.971556544303894,0.00983476359397173,-0.02843242883682251,0.02825651504099369,-0.999147891998291
0.7631312000448816,0.07952727377414703,2.4340946674346924,0.9716598391532898,0.010038372129201889,-0.028879981487989426,0.027939626947045326,-0.9991419315338135
0.7668052000226453,0.07952727377414703,2.4340946674346924,0.9716598391532898,0.010038372129201889,-0.028879981487989426,0.027939626947045326,-0.9991419315338135
0.7709472000133246,0.08007791638374329,2.435559034347534,0.9718389511108398,0.00885248463600874,-0.02814461849629879,0.02733450196683407,-0.9991908669471741
0.7755901000346057,0.0803934782743454,2.4363510608673096,0.9718942642211914,0.007675701752305031,-0.028431611135601997,0.02686251886188984,-0.9992052912712097
0.7794413000228815,0.0806354284286499,2.4370832443237305,0.972036600112915,0.00844352412968874,-0.027906177565455437,0.02468220889568329,-0.9992701411247253
0.7834315000218339,0.0810057669878006,2.4378559589385986,0.9720603823661804,0.008572163060307503,-0.028064610436558723,0.02443028800189495,-0.9992708563804626
0.7879998999997042,0.08123571425676346,2.43857741355896,0.972029983997345,0.0085777398198843,-0.027152501046657562,0.023038174957036972,-0.9993289709091187
0.7917653000331484,0.08142726868391037,2.4396018981933594,0.9721813797950745,0.007954277098178864,-0.026832666248083115,0.022961704060435295,-0.999344527721405
0.7973590000183322,0.08171903342008591,2.440509557723999,0.972260057926178,0.008157990872859955,-0.026183750480413437,0.021451694890856743,-0.9993937015533447
0.8008561999886297,0.08197326958179474,2.4413866996765137,0.9724085330963135,0.009363165125250816,-0.026561563834547997,0.021591389551758766,-0.9993701577186584
0.8057205000077374,0.08216333389282227,2.4422810077667236,0.9726380109786987,0.008267689496278763,-0.02743696980178356,0.022646427154541016,-0.999332845211029
0.8093995000235736,0.08242592215538025,2.443207263946533,0.972690224647522,0.008948422968387604,-0.028298940509557724,0.02090335637331009,-0.9993409514427185
0.8134433000232093,0.08258970081806183,2.4440932273864746,0.97275710105896,0.008912735618650913,-0.027741724625229836,0.01898946613073349,-0.9993950724601746
0.8169828000245616,0.0828201100230217,2.445002555847168,0.9728972315788269,0.0075799995101988316,-0.027474960312247276,0.01922815851867199,-0.9994088411331177
0.8211952000274323,0.08291205763816833,2.445918321609497,0.9728649258613586,0.006452966947108507,-0.027245035395026207,0.02109363302588463,-0.9993853569030762
0.8251516000018455,0.08299320936203003,2.446855306625366,0.9730257391929626,0.006480466574430466,-0.026805005967617035,0.02123543992638588,-0.9993941783905029
0.8299134999979287,0.08316145092248917,2.4478163719177246,0.9730343818664551,0.007653997279703617,-0.026109257712960243,0.01921020820736885,-0.9994452595710754
0.8334043000359088,0.08333319425582886,2.4488677978515625,0.973242998123169,0.009057651273906231,-0.024545300751924515,0.016232654452323914,-0.9995259046554565
0.8376049000071362,0.08348030596971512,2.4497697353363037,0.9732497930526733,0.00833088718354702,-0.024912245571613312,0.01659124158322811,-0.9995173215866089
0.841862500004936,0.08371715992689133,2.450660467147827,0.9731832146644592,0.008756745606660843,-0.025412997230887413,0.016373008489608765,-0.999504566192627
0.8459856000263244,0.0838015079498291,2.451763391494751,0.9733482003211975,0.008353994227945805,-0.025799136608839035,0.017237793654203415,-0.9994837045669556
0.8509019000339322,0.08386363834142685,2.4527878761291504,0.973537802696228,0.008400550112128258,-0.02528514340519905,0.01654691994190216,-0.9995080232620239
0.8545950000407174,0.08386363834142685,2.4527878761291504,0.973537802696228,0.008400550112128258,-0.02528514340519905,0.01654691994190216,-0.9995080232620239
0.8584885000018403,0.08416683971881866,2.4547386169433594,0.973616361618042,0.008569339290261269,-0.026707101613283157,0.016956400126218796,-0.9994627237319946
0.862814599997364,0.08418640494346619,2.455707550048828,0.9736102223396301,0.008636812679469585,-0.026077771559357643,0.017231188714504242,-0.9994741082191467
0.8669177000410855,0.0841938853263855,2.456557273864746,0.9736752510070801,0.008442294783890247,-0.02579682134091854,0.016197914257645607,-0.9995003938674927
0.8711666000308469,0.08430445194244385,2.4575448036193848,0.9736736416816711,0.009923026897013187,-0.025555791333317757,0.015104479156434536,-0.9995101094245911
0.8751085000112653,0.08425010740756989,2.458545684814453,0.9738534688949585,0.01003741379827261,-0.025746023282408714,0.016497015953063965,-0.9994819760322571
0.8797252000076696,0.08428433537483215,2.459444761276245,0.9738634824752808,0.011629450134932995,-0.02614634856581688,0.015147443860769272,-0.9994757175445557
0.883532700012438,0.08428433537483215,2.459444761276245,0.9738634824752808,0.011629450134932995,-0.02614634856581688,0.015147443860769272,-0.9994757175445557
0.8871892000315711,0.08428433537483215,2.459444761276245,0.9738634824752808,0.011629450134932995,-0.02614634856581688,0.015147443860769272,-0.9994757175445557
0.8906709000002593,0.08428433537483215,2.459444761276245,0.9738634824752808,0.011629450134932995,-0.02614634856581688,0.015147443860769272,-0.9994757175445557
0.8940576000022702,0.08428433537483215,2.459444761276245,0.9738634824752808,0.011629450134932995,-0.02614634856581688,0.015147443860769272,-0.9994757175445557
0.9011800000444055,0.08400071412324905,2.463707685470581,0.974685788154602,0.013600480742752552,-0.02447301149368286,0.013641152530908585,-0.9995148777961731
0.9062191999983042,0.08399587869644165,2.4644863605499268,0.9748766422271729,0.01618887670338154,-0.024730868637561798,0.012165394611656666,-0.9994890093803406
0.9108223000075668,0.0839298665523529,2.465134620666504,0.9750573635101318,0.01721789874136448,-0.024688322097063065,0.01186528429389,-0.9994764924049377
0.9172769000288099,0.08381333947181702,2.4666309356689453,0.9756188988685608,0.016230406239628792,-0.024144569411873817,0.012199909426271915,-0.9995023012161255
0.9214796000160277,0.08377914130687714,2.467224597930908,0.9757763147354126,0.016490323469042778,-0.024361662566661835,0.012558011338114738,-0.999488353729248
0.9254575000377372,0.08370417356491089,2.4678871631622314,0.9760687947273254,0.015802299603819847,-0.02446891739964485,0.014370124787092209,-0.9994723796844482
0.9296233000350185,0.08366359025239944,2.468461751937866,0.9763081669807434,0.01579923927783966,-0.024976186454296112,0.015629375353455544,-0.9994410872459412
0.9354291000054218,0.08360303938388824,2.4689536094665527,0.9764750599861145,0.016166457906365395,-0.025090567767620087,0.015055784024298191,-0.9994410872459412
0.9394310000352561,0.08351902663707733,2.469379425048828,0.9767516255378723,0.01641662046313286,-0.02480277046561241,0.014947380870580673,-0.9994458556175232
0.9444099999964237,0.08342374861240387,2.4698050022125244,0.9770946502685547,0.016873707994818687,-0.024044111371040344,0.014584345743060112,-0.9994620680809021
0.9481021999963559,0.08335757255554199,2.4702253341674805,0.9773144125938416,0.018536245450377464,-0.024288320913910866,0.014195499010384083,-0.999432384967804
0.9523031000280753,0.08326096087694168,2.4706099033355713,0.9775880575180054,0.01937669888138771,-0.0242133941501379,0.013513106852769852,-0.9994277358055115
0.9561537000117823,0.08319319039583206,2.4710116386413574,0.9779551029205322,0.01993628963828087,-0.02337515912950039,0.01241231244057417,-0.9994509220123291
0.9606265000184067,0.08320929110050201,2.4714515209198,0.978346049785614,0.021110432222485542,-0.023630494251847267,0.012776944786310196,-0.9994162321090698
0.9645851000095718,0.0830371230840683,2.4717421531677246,0.9786474108695984,0.02167731150984764,-0.023535776883363724,0.012727669440209866,-0.9994069337844849
0.9689364000223577,0.08300192654132843,2.472054958343506,0.9789544939994812,0.022659707814455032,-0.02303309179842472,0.012721107341349125,-0.9993969202041626
0.9733190000406466,0.08292092382907867,2.472292184829712,0.9792501926422119,0.022821081802248955,-0.022918516770005226,0.012819905765354633,-0.9993946552276611
0.9773675000178628,0.08279997855424881,2.472537040710449,0.9795681834220886,0.023104729130864143,-0.022572370246052742,0.01250710804015398,-0.9994000196456909
0.9815191000234336,0.08271616697311401,2.4727823734283447,0.9799180030822754,0.02189834602177143,-0.022776374593377113,0.014060975052416325,-0.999401867389679
0.9853774000075646,0.08262854814529419,2.472982168197632,0.9801493883132935,0.021195728331804276,-0.022999394685029984,0.01504038367420435,-0.9993976354598999
0.9894487000419758,0.08253595232963562,2.4731366634368896,0.9803982377052307,0.021440664306282997,-0.022815555334091187,0.01520661823451519,-0.9993940591812134
0.9928218999993987,0.08234371244907379,2.473264694213867,0.9806975722312927,0.021468568593263626,-0.0228728000074625,0.015429817140102386,-0.9993888139724731
0.9963727000285871,0.08231149613857269,2.4733943939208984,0.9809101819992065,0.021530745550990105,-0.02262488752603531,0.015702731907367706,-0.9993888139724731
1.0000466000055894,0.08217888325452805,2.473480701446533,0.9811331629753113,0.02164517529308796,-0.022443857043981552,0.015945138409733772,-0.9993865489959717
1.0046174000017345,0.08218860626220703,2.473573923110962,0.9812703132629395,0.021919062361121178,-0.022748306393623352,0.016033286228775978,-0.9993723034858704
1.0089727000449784,0.08211036771535873,2.473656177520752,0.9814754128456116,0.022190552204847336,-0.022547006607055664,0.016350260004401207,-0.9993657469749451
1.0132440000306815,0.08205299079418182,2.4737205505371094,0.9816356301307678,0.022590911015868187,-0.02246171422302723,0.01635005883872509,-0.9993587136268616
1.0178480999893509,0.08191294223070145,2.4737844467163086,0.9818131327629089,0.02337387390434742,-0.021860258653759956,0.016516463831067085,-0.9993513226509094
1.0218394999974407,0.08180295675992966,2.473844289779663,0.9820053577423096,0.023304952308535576,-0.02195095084607601,0.01693744957447052,-0.9993439316749573
1.0254299000371248,0.08173766732215881,2.4737963676452637,0.9821633696556091,0.024488799273967743,-0.021529028192162514,0.016119912266731262,-0.9993382692337036
1.0295248000184074,0.08166629076004028,2.4738404750823975,0.9823800921440125,0.025063076987862587,-0.020807605236768723,0.014810491353273392,-0.9993595480918884
1.0336719999904744,0.08162900805473328,2.4737672805786133,0.9825531244277954,0.0251151192933321,-0.020293235778808594,0.014676437713205814,-0.9993708729743958
1.0378193000215106,0.08163146674633026,2.4736695289611816,0.9826333522796631,0.026356367394328117,-0.020208433270454407,0.013883790001273155,-0.999351978302002
1.041771600022912,0.08161551505327225,2.4736032485961914,0.982736349105835,0.026842370629310608,-0.02006109245121479,0.013731420040130615,-0.9993440508842468
1.0461849000421353,0.08163203299045563,2.4735374450683594,0.9827906489372253,0.02714534103870392,-0.02002858929336071,0.013792670331895351,-0.9993357062339783
1.0511748000280932,0.08163618296384811,2.4734530448913574,0.9828909039497375,0.02776922471821308,-0.019719654694199562,0.013591665774583817,-0.9993274211883545
1.0550550000043586,0.08170458674430847,2.4733381271362305,0.9829113483428955,0.028873402625322342,-0.019686998799443245,0.012910389341413975,-0.9993058443069458
1.0588948000222445,0.08174218237400055,2.4732589721679688,0.9829487204551697,0.02920515090227127,-0.019420916214585304,0.012804359197616577,-0.9993027448654175
1.0626881000353023,0.08178666234016418,2.4731807708740234,0.9829922318458557,0.029249221086502075,-0.019016694277524948,0.01292793732136488,-0.9993076324462891
1.0670136000262573,0.0818374752998352,2.4731028079986572,0.9829955101013184,0.029288021847605705,-0.01886693388223648,0.013227985240519047,-0.9993053674697876
1.0721764999907464,0.0818880945444107,2.4730224609375,0.9829809069633484,0.029419060796499252,-0.018610762432217598,0.013209369964897633,-0.9993066787719727
1.076032100012526,0.0819670706987381,2.4729387760162354,0.9829490184783936,0.029554862529039383,-0.018348511308431625,0.013054694049060345,-0.9993095397949219
1.080330100026913,0.08204583823680878,2.472846746444702,0.9828906059265137,0.029674436897039413,-0.018182849511504173,0.013138909824192524,-0.9993078708648682
1.0842929999926127,0.08213818818330765,2.472771644592285,0.982811450958252,0.029664184898138046,-0.018087109550833702,0.013274324126541615,-0.9993081092834473
1.0887341999914497,0.08225295692682266,2.4726297855377197,0.982757568359375,0.029598744586110115,-0.017524976283311844,0.013315313495695591,-0.9993195533752441
1.0922590999980457,0.08234450221061707,2.4725053310394287,0.9826434254646301,0.029290085658431053,-0.01731744408607483,0.013372262939810753,-0.9993314743041992
1.0960381000186317,0.08244916796684265,2.4723761081695557,0.9825199842453003,0.02907128818333149,-0.016978956758975983,0.013267377391457558,-0.9993451237678528
1.104334400035441,0.08271931111812592,2.4720566272735596,0.9822071194648743,0.028602074831724167,-0.01661520078778267,0.014263926073908806,-0.9993509650230408
1.1084917000262067,0.08290259540081024,2.471909284591675,0.9819635152816772,0.028085367754101753,-0.01643470488488674,0.014110535383224487,-0.9993708729743958
1.1128099000197835,0.08305323868989944,2.4717769622802734,0.9817041158676147,0.027997897937893867,-0.016619576141238213,0.013813541270792484,-0.9993743300437927
1.1167623000219464,0.08319684118032455,2.4716551303863525,0.9814770221710205,0.027482179924845695,-0.01613565720617771,0.013945003040134907,-0.9993947744369507
1.1213401000131853,0.08338527381420135,2.471536874771118,0.9812701344490051,0.02713160403072834,-0.015557949431240559,0.014053910970687866,-0.9994120597839355
1.125115700007882,0.08363521099090576,2.4713597297668457,0.9809762239456177,0.026418060064315796,-0.01553583424538374,0.013861480168998241,-0.9994341731071472
1.1294168999884278,0.08385060727596283,2.4710803031921387,0.9806219339370728,0.02592381462454796,-0.016271347180008888,0.014930292032659054,-0.9994200468063354
1.1336474000127055,0.08415310829877853,2.4709391593933105,0.9803718328475952,0.02556491084396839,-0.016829999163746834,0.014826783910393715,-0.9994214773178101
1.1376142000081018,0.08446048945188522,2.470791816711426,0.9801073670387268,0.025410382077097893,-0.016793524846434593,0.014274045825004578,-0.9994341731071472
1.1422745999880135,0.08481277525424957,2.4706335067749023,0.9797646403312683,0.025548111647367477,-0.017120271921157837,0.0131364855915308,-0.9994407296180725
1.148552300001029,0.08517370373010635,2.4704270362854004,0.9795379638671875,0.02556156925857067,-0.01748315989971161,0.012023072689771652,-0.9994481205940247
1.1530591000337154,0.08544432371854782,2.4702882766723633,0.9792852997779846,0.025867288932204247,-0.017156118527054787,0.011948286555707455,-0.9994468092918396
1.1587028999929316,0.08627308160066605,2.4699795246124268,0.9787477850914001,0.02533521130681038,-0.01713818684220314,0.011805920861661434,-0.9994624257087708
1.1629788000136614,0.08668593317270279,2.4697823524475098,0.9784409403800964,0.0245225727558136,-0.01707397773861885,0.011985350400209427,-0.9994816184043884
1.1667862000176683,0.08713016659021378,2.4695608615875244,0.9781548976898193,0.024328770115971565,-0.017425430938601494,0.012116746045649052,-0.9994787573814392
1.1710157000343315,0.08759275078773499,2.469257354736328,0.977905809879303,0.02364603988826275,-0.017622411251068115,0.011989212594926357,-0.9994932413101196
1.1753103000228293,0.08798721432685852,2.4689624309539795,0.9777014255523682,0.02304232120513916,-0.017666993662714958,0.011889169923961163,-0.9995076656341553
1.1797004000400193,0.08843997120857239,2.4686391353607178,0.9775102138519287,0.022779852151870728,-0.01802249811589718,0.011573413386940956,-0.9995111227035522
1.1837719000177458,0.08897146582603455,2.4683046340942383,0.9773235321044922,0.023498324677348137,-0.018556585535407066,0.011195640079677105,-0.9994889497756958
1.1876986999996006,0.08953443914651871,2.4679269790649414,0.9771864414215088,0.02352898195385933,-0.019099297001957893,0.010439393110573292,-0.9994862079620361
1.1927549000247382,0.08992234617471695,2.467526912689209,0.9771643877029419,0.02276241034269333,-0.019813448190689087,0.01128377579152584,-0.9994809031486511
1.1962279000435956,0.09036778658628464,2.4670794010162354,0.9771305322647095,0.02175895683467388,-0.020546698942780495,0.011252209544181824,-0.9994888305664062
1.200117800035514,0.09070006757974625,2.4666614532470703,0.977145254611969,0.02097715437412262,-0.020488888025283813,0.011297591961920261,-0.9995061159133911
1.2049959000432864,0.09116686880588531,2.466123342514038,0.9772166013717651,0.01991366036236286,-0.020401230081915855,0.012752600945532322,-0.999512255191803
1.2085841000080109,0.0916682705283165,2.465588331222534,0.9772114753723145,0.020572874695062637,-0.020515242591500282,0.01205678191035986,-0.9995051622390747
1.2130422000191174,0.09217722713947296,2.465039014816284,0.9773747324943542,0.021696647629141808,-0.01954648271203041,0.00892335269600153,-0.9995337128639221
1.217019000032451,0.09265783429145813,2.464517831802368,0.977462887763977,0.020461246371269226,-0.01979595609009266,0.00842486135661602,-0.999559223651886
1.2209984000073746,0.0931781530380249,2.463918447494507,0.9774712324142456,0.018929535523056984,-0.021201707422733307,0.009410149417817593,-0.9995517730712891
1.225434000021778,0.09360609948635101,2.4633166790008545,0.9775497317314148,0.017613913863897324,-0.021369174122810364,0.010445875115692616,-0.9995619654655457
1.2294055999955162,0.09412575513124466,2.4625656604766846,0.9775709509849548,0.018015267327427864,-0.02085092104971409,0.009904407896101475,-0.9995712637901306
1.2335189000004902,0.09470018744468689,2.4619626998901367,0.9777413606643677,0.019790414720773697,-0.022032465785741806,0.008660725317895412,-0.9995238780975342
1.2380718000349589,0.09525151550769806,2.4613208770751953,0.9779218435287476,0.01839856058359146,-0.022633021697402,0.009543082676827908,-0.9995290040969849
1.241880299989134,0.09574566781520844,2.460747003555298,0.9780992865562439,0.01798434928059578,-0.02301020361483097,0.010505614802241325,-0.9995182752609253
1.2460696999914944,0.09631916880607605,2.460268974304199,0.97832190990448,0.015516133978962898,-0.023730052635073662,0.013039528392255306,-0.9995129704475403
1.2501782000181265,0.09699360281229019,2.459434986114502,0.9783121347427368,0.015995386987924576,-0.023790862411260605,0.01067609153687954,-0.9995319843292236
1.2543888000072911,0.09745147079229355,2.4587621688842773,0.9784465432167053,0.014415175653994083,-0.023790445178747177,0.010772793553769588,-0.9995550513267517
1.258680800034199,0.09798279404640198,2.458138942718506,0.9785448312759399,0.013469268567860126,-0.023864204064011574,0.012530743144452572,-0.9995459318161011
1.2627450000145473,0.09868910163640976,2.457427978515625,0.9785507321357727,0.012291730381548405,-0.02492438815534115,0.014482342638075352,-0.9995088577270508
1.2674624000210315,0.0993228554725647,2.456587314605713,0.9786519408226013,0.012962562032043934,-0.024821041151881218,0.01274794153869152,-0.9995265603065491
1.2716059000231326,0.09998524188995361,2.4559712409973145,0.9787506461143494,0.012498853728175163,-0.024924984201788902,0.012600703164935112,-0.9995317459106445
1.2752505000098608,0.10068780928850174,2.4554450511932373,0.9789897799491882,0.012451265007257462,-0.024090848863124847,0.011205608025193214,-0.9995694756507874
1.2795685000019148,0.1014784425497055,2.454680919647217,0.9792228937149048,0.011554315686225891,-0.02478667162358761,0.011918225325644016,-0.9995549321174622
1.2835626000305638,0.10240822285413742,2.4538986682891846,0.9792572855949402,0.01245396863669157,-0.025248568505048752,0.010026240721344948,-0.9995533227920532
1.2880390000063926,0.10324269533157349,2.453324317932129,0.9794626235961914,0.011237273924052715,-0.025810282677412033,0.011695540510118008,-0.9995352625846863
1.2919009000179358,0.10413636267185211,2.4525351524353027,0.9795440435409546,0.009469338692724705,-0.026490245014429092,0.01314546912908554,-0.9995177984237671
1.29641290003201,0.1051519513130188,2.451671838760376,0.9796420931816101,0.010260443203151226,-0.026509208604693413,0.01161283440887928,-0.9995284676551819
1.300510100030806,0.10603588819503784,2.4509971141815186,0.9798173308372498,0.00972770620137453,-0.027309123426675797,0.012660376727581024,-0.9994995594024658
1.3042865000315942,0.10708201676607132,2.4501841068267822,0.9798529744148254,0.008480028249323368,-0.027920477092266083,0.012626485899090767,-0.9994944334030151
1.308684399991762,0.10835029184818268,2.4494800567626953,0.9800103902816772,0.010438226163387299,-0.028222111985087395,0.011637099087238312,-0.9994794726371765
1.3125461000017822,0.10961509495973587,2.449005126953125,0.980459451675415,0.008163217455148697,-0.029062192887067795,0.012656811624765396,-0.999464213848114
1.3170079000410624,0.11086427420377731,2.448317766189575,0.9805294871330261,0.005348580423742533,-0.02946046181023121,0.015029390342533588,-0.9994387030601501
1.3212526999996044,0.11230872571468353,2.447639226913452,0.9805062413215637,0.005632700398564339,-0.029743297025561333,0.01497357152402401,-0.9994295239448547
1.3251921000191942,0.11370214074850082,2.446964740753174,0.9804996252059937,0.004460198804736137,-0.03088134527206421,0.014297591522336006,-0.99941086769104
1.3294929999974556,0.1152789518237114,2.446377992630005,0.9806444048881531,0.005327138584107161,-0.030885327607393265,0.015759440138936043,-0.9993845820426941
1.3329972000210546,0.1152789518237114,2.446377992630005,0.9806444048881531,0.005327138584107161,-0.030885327607393265,0.015759440138936043,-0.9993845820426941
1.3375879999948665,0.11839216947555542,2.445435047149658,0.9810749888420105,0.002428868319839239,-0.032075438648462296,0.016761863604187965,-0.9993420243263245
1.3421467000152916,0.12029578536748886,2.444725275039673,0.9809696078300476,0.003698960645124316,-0.03281177207827568,0.015681320801377296,-0.9993317723274231
1.3459983000066131,0.12186940014362335,2.444232702255249,0.9811267852783203,0.003479285165667534,-0.03422403708100319,0.017041955143213272,-0.9992628693580627
1.350508000003174,0.12372401356697083,2.4438016414642334,0.9813568592071533,0.001928764279000461,-0.03586898371577263,0.018468784168362617,-0.9991840124130249
1.3568431999883614,0.1255597472190857,2.443347215652466,0.9815888404846191,0.0014003792311996222,-0.035854484885931015,0.016044825315475464,-0.9992272853851318
1.3608014000346884,0.12744323909282684,2.442927837371826,0.9816774129867554,0.002290493343025446,-0.037262845784425735,0.016212601214647293,-0.9991713762283325
1.3656016000313684,0.12936218082904816,2.442349672317505,0.9817624092102051,0.0033469318877905607,-0.037773169577121735,0.014591957442462444,-0.999174177646637
1.370767300017178,0.13316668570041656,2.4416310787200928,0.9822220802307129,0.000754407315980643,-0.04046938568353653,0.015429748222231865,-0.9990613460540771
1.3750967000378296,0.13517799973487854,2.4412789344787598,0.9822400212287903,0.0026882642414420843,-0.04099095240235329,0.013646211475133896,-0.999062716960907
1.3789513999945484,0.13517799973487854,2.4412789344787598,0.9822400212287903,0.0026882642414420843,-0.04099095240235329,0.013646211475133896,-0.999062716960907
1.3840291000087745,0.1390937715768814,2.440617799758911,0.9825109839439392,-0.00016512676666025072,-0.04371201992034912,0.014718226157128811,-0.9989357590675354
1.3882493000128306,0.1411428153514862,2.440537214279175,0.982607364654541,-2.9239248760859482e-05,-0.043787743896245956,0.013317101635038853,-0.9989521503448486
1.3920760999899358,0.14318805932998657,2.440295934677124,0.9826774597167969,-0.0018432855140417814,-0.04568159580230713,0.014550317078828812,-0.9988483786582947
1.3961405000300147,0.14528347551822662,2.4400691986083984,0.9826990962028503,-0.0013113587629050016,-0.047300927340984344,0.0141247333958745,-0.9987800121307373
1.400395100004971,0.14736798405647278,2.4400312900543213,0.9826092720031738,-0.001198821235448122,-0.04902499169111252,0.014320398680865765,-0.9986941814422607
1.404310300014913,0.14965911209583282,2.4397945404052734,0.9826708436012268,0.001052545732818544,-0.04880128055810928,0.011431884951889515,-0.9987425804138184
1.4085012000286952,0.15169532597064972,2.4398648738861084,0.9827067255973816,-0.0018290227744728327,-0.05112786963582039,0.013502434827387333,-0.9985992312431335
1.4128606000449508,0.15406644344329834,2.4398694038391113,0.9825633764266968,0.001638588379137218,-0.051565688103437424,0.010289988480508327,-0.9986153244972229
1.4167274000355974,0.15625634789466858,2.4396374225616455,0.9824388027191162,-0.0004921556101180613,-0.05339470133185387,0.01192056480795145,-0.998502254486084
1.4201789000071585,0.15625634789466858,2.4396374225616455,0.9824388027191162,-0.0004921556101180613,-0.05339470133185387,0.01192056480795145,-0.998502254486084
1.4251824000384659,0.1610105037689209,2.4398043155670166,0.9823951721191406,0.00031117157777771354,-0.05550556257367134,0.010372884571552277,-0.9984044432640076
1.4293653999920934,0.16316938400268555,2.439845085144043,0.9823660850524902,-1.8455801182426512e-05,-0.056534815579652786,0.01007925160229206,-0.9983497858047485
1.4338201000355184,0.16566547751426697,2.4399919509887695,0.9824400544166565,0.0008182318415492773,-0.058071061968803406,0.00904593151062727,-0.998271107673645
1.4375898000434972,0.16795414686203003,2.4399569034576416,0.982306182384491,0.0006107591325417161,-0.058014191687107086,0.007124695926904678,-0.9982901811599731
1.441870899987407,0.17022933065891266,2.440089225769043,0.982201874256134,0.001523580402135849,-0.059422481805086136,0.007419488858431578,-0.9982041716575623
1.44621940003708,0.17268146574497223,2.440185785293579,0.9821425676345825,0.0022044479846954346,-0.061700545251369476,0.006312564015388489,-0.9980723857879639
1.4501645000418648,0.17512492835521698,2.4404001235961914,0.9819521903991699,0.0015160600887611508,-0.0629667192697525,0.007203081622719765,-0.9979885220527649
1.4544487000093795,0.17742270231246948,2.440458059310913,0.9818209409713745,-6.804256554460153e-05,-0.06326520442962646,0.006250161677598953,-0.9979771971702576
1.4584016000153497,0.1798483282327652,2.4407246112823486,0.9818578362464905,0.00084575085202232,-0.06560976803302765,0.006233716383576393,-0.9978256225585938
1.4627484999946319,0.18220767378807068,2.440793037414551,0.9816463589668274,0.0007970011211000383,-0.06721796840429306,0.005719685461372137,-0.9977216124534607
1.4669971000403166,0.18450193107128143,2.441004514694214,0.9815078973770142,0.002190235536545515,-0.06867831945419312,0.005174348130822182,-0.997623085975647
1.4709614000166766,0.18692894279956818,2.4412593841552734,0.9814347624778748,0.0019395019626244903,-0.0697101578116417,0.0036367420107126236,-0.9975587725639343
1.4755117000313476,0.1892865002155304,2.4414045810699463,0.9811311364173889,0.0005030695465393364,-0.07140788435935974,0.004492174834012985,-0.9974370002746582
1.479427999991458,0.19168734550476074,2.441603183746338,0.9808237552642822,0.0034631730522960424,-0.07282724231481552,0.0020095196086913347,-0.9973365664482117
1.4838846999919042,0.1939650923013687,2.441930055618286,0.9808085560798645,0.0013425778597593307,-0.07460334897041321,0.003375644562765956,-0.9972067475318909
1.487748500017915,0.1961517184972763,2.442157030105591,0.9806296825408936,8.48956624395214e-05,-0.07576871663331985,0.0021298828069120646,-0.997123122215271
1.4934410999994725,0.19853833317756653,2.4423372745513916,0.9805497527122498,0.0042215860448777676,-0.07622548937797546,-0.0003316569491289556,-0.9970816969871521
1.4990170000237413,0.20063351094722748,2.4425599575042725,0.9801684617996216,0.004220245406031609,-0.07826763391494751,-0.0013066395185887814,-0.9969226717948914
1.5060226999921724,0.20497563481330872,2.443227529525757,0.9800265431404114,0.0025979834608733654,-0.0818607434630394,-0.0008184503531083465,-0.996640145778656
1.5112565000308678,0.2071257382631302,2.4433469772338867,0.9797384142875671,0.0038517548236995935,-0.08236376196146011,-0.002693912945687771,-0.996591329574585
1.5149622000171803,0.2071257382631302,2.4433469772338867,0.9797384142875671,0.0038517548236995935,-0.08236376196146011,-0.002693912945687771,-0.996591329574585
1.5217003000434488,0.21320906281471252,2.444195508956909,0.9791737198829651,0.00565266003832221,-0.08692942559719086,-0.005058905575424433,-0.9961856007575989
1.5255080999922939,0.21520377695560455,2.4445383548736572,0.9789629578590393,0.005415374878793955,-0.08834433555603027,-0.005025957245379686,-0.9960626363754272
1.5303646000102162,0.217071071267128,2.444772958755493,0.9787836074829102,0.00599927781149745,-0.08862166106700897,-0.007152658421546221,-0.996021568775177
1.5339595000259578,0.21910637617111206,2.4451942443847656,0.9787623286247253,0.0058480664156377316,-0.09074831753969193,-0.007364579476416111,-0.9958294630050659
1.5378133000340313,0.2208993285894394,2.445425510406494,0.9783918261528015,0.007119331043213606,-0.09096100926399231,-0.00868204701691866,-0.9957911372184753
1.542087999987416,0.2228846251964569,2.4457268714904785,0.9781945943832397,0.006186060141772032,-0.09284694492816925,-0.007229398936033249,-0.9956349730491638
1.546211000008043,0.2247682511806488,2.446084976196289,0.9779189229011536,0.007657693699002266,-0.09439119696617126,-0.007754838094115257,-0.9954755306243896
1.5502619000035338,0.2265881896018982,2.4464046955108643,0.9778538346290588,0.007865308783948421,-0.09507626295089722,-0.00920739397406578,-0.9953963756561279
1.5542887999908999,0.2283051609992981,2.446683645248413,0.9776632189750671,0.007642822805792093,-0.09585654735565186,-0.008760000579059124,-0.995327353477478
1.558781900035683,0.2300100028514862,2.446944236755371,0.9774019718170166,0.007569108624011278,-0.09692911058664322,-0.008821862749755383,-0.9952234625816345
1.5625507000368088,0.23186640441417694,2.4474432468414307,0.9773412346839905,0.008730890229344368,-0.09898414462804794,-0.008653976023197174,-0.9950130581855774
1.5668688000296243,0.2335815131664276,2.4477591514587402,0.9770753383636475,0.008505862206220627,-0.09933601319789886,-0.008309864439070225,-0.9949829578399658
1.571044200041797,0.23519860208034515,2.4479432106018066,0.9767311811447144,0.01049708016216755,-0.10034549236297607,-0.010889667086303234,-0.9948377013206482
1.5751822000020184,0.23678626120090485,2.4483182430267334,0.976568877696991,0.009164507500827312,-0.10142525285482407,-0.009931184351444244,-0.9947514533996582
1.5801515000057407,0.23834022879600525,2.448876142501831,0.9764427542686462,0.010141665115952492,-0.1035282239317894,-0.009770067408680916,-0.9945268630981445
1.5841291000251658,0.23989194631576538,2.4492762088775635,0.9761550426483154,0.009637802839279175,-0.10390839725732803,-0.010480949655175209,-0.9944849610328674
1.5878343000076711,0.24140344560146332,2.449643135070801,0.9759469032287598,0.009082451462745667,-0.10547515004873276,-0.008391417562961578,-0.9943450689315796
1.5919504000339657,0.24279902875423431,2.4499082565307617,0.9755797982215881,0.010842001996934414,-0.10611897706985474,-0.010301713831722736,-0.9942409992218018
1.5959693000186235,0.24421550333499908,2.4501383304595947,0.9753144979476929,0.011248882859945297,-0.10653166472911835,-0.01053735613822937,-0.9941898584365845
1.600278400001116,0.24559876322746277,2.4505786895751953,0.9752514362335205,0.012743858620524406,-0.10913918912410736,-0.01030827034264803,-0.9938913583755493
1.6047088000341319,0.24671851098537445,2.451066732406616,0.9750264883041382,0.01127212680876255,-0.11022983491420746,-0.009817935526371002,-0.9937937259674072
1.6089319000020623,0.24793139100074768,2.4514412879943848,0.9748878479003906,0.011814272031188011,-0.10949612408876419,-0.012697930447757244,-0.9938359260559082
1.6128038000315428,0.24913087487220764,2.4518582820892334,0.9748623371124268,0.011505164206027985,-0.11038202047348022,-0.010910646989941597,-0.9937627911567688
1.6167986000073142,0.2500190734863281,2.452291965484619,0.9746932983398438,0.01188722625374794,-0.1117444857954979,-0.010846443474292755,-0.993606686592102
1.6211167000001296,0.2509669065475464,2.452697992324829,0.9744871258735657,0.011557921767234802,-0.11309631913900375,-0.01093197986483574,-0.9934566617012024
1.6250922000035644,0.2521032989025116,2.453150987625122,0.9744834303855896,0.012307018972933292,-0.11360868811607361,-0.012342521920800209,-0.9933727383613586
1.6292870999895968,0.25306496024131775,2.453512668609619,0.9743067622184753,0.012194703333079815,-0.11414987593889236,-0.012432855553925037,-0.9933109283447266
1.6337307000067085,0.25383996963500977,2.4539220333099365,0.9741686582565308,0.012924227863550186,-0.11465460807085037,-0.012526069767773151,-0.9932424426078796
1.6375961000449024,0.25462833046913147,2.4542689323425293,0.9740419983863831,0.01406143419444561,-0.11601298302412033,-0.013145668432116508,-0.9930611252784729
1.6422895000432618,0.25525832176208496,2.4548020362854004,0.9738815426826477,0.01230213325470686,-0.11800281703472137,-0.010828408412635326,-0.9928780198097229
1.645992900012061,0.2559906244277954,2.4552226066589355,0.9736638069152832,0.012223416939377785,-0.1183679923415184,-0.010988705791532993,-0.9928337335586548
1.6505996999912895,0.25665491819381714,2.4555718898773193,0.9736312627792358,0.01298458594828844,-0.1179894506931305,-0.012704054825007915,-0.9928486943244934
1.6546093000215478,0.25714895129203796,2.4559972286224365,0.9735565185546875,0.012705529108643532,-0.1195315420627594,-0.01313130371272564,-0.9926623106002808
1.6584110000403598,0.2576787769794464,2.456512928009033,0.9735235571861267,0.016455408185720444,-0.11992974579334259,-0.0156681127846241,-0.9925224184989929
1.662770199996885,0.258206844329834,2.4569520950317383,0.9734671115875244,0.017997879534959793,-0.12051820755004883,-0.01624542474746704,-0.9924150109291077
1.6670159000204876,0.25853651762008667,2.4573585987091064,0.9732392430305481,0.01793622225522995,-0.12127795815467834,-0.016149776056408882,-0.9923251867294312
1.671079199993983,0.25881320238113403,2.457885980606079,0.9732709527015686,0.017204388976097107,-0.12134113162755966,-0.015683595091104507,-0.9923378825187683
1.6753541000070982,0.2591128945350647,2.4583380222320557,0.9731104969978333,0.01702263206243515,-0.12198848277330399,-0.015523823909461498,-0.9922641515731812
1.6793308000196703,0.259355753660202,2.4587934017181396,0.9730438590049744,0.017068946734070778,-0.1217670813202858,-0.016481097787618637,-0.992275059223175
1.6836174000054598,0.25958266854286194,2.459282159805298,0.9729331731796265,0.017541754990816116,-0.12200172245502472,-0.016289768740534782,-0.9922411441802979
1.687786300026346,0.25980228185653687,2.4598116874694824,0.9728793501853943,0.017325282096862793,-0.12282755970954895,-0.01558067835867405,-0.9921545386314392
1.6921201000222936,0.2599063515663147,2.46036958694458,0.9728744029998779,0.018361583352088928,-0.1234477087855339,-0.015059474855661392,-0.9920669794082642
1.6973664000397548,0.25994807481765747,2.460853099822998,0.9728461503982544,0.019314389675855637,-0.12347395718097687,-0.015366101637482643,-0.9920408129692078
1.7022290999884717,0.25993576645851135,2.46130633354187,0.972834050655365,0.019370002672076225,-0.12388414144515991,-0.015722084790468216,-0.9919831156730652
1.7062201999942772,0.25989311933517456,2.4618349075317383,0.9726883769035339,0.01974133774638176,-0.12425298988819122,-0.0161701962351799,-0.9919223785400391
1.7109566000290215,0.25980716943740845,2.462362051010132,0.9725780487060547,0.019641002640128136,-0.12474232167005539,-0.0161836426705122,-0.9918627738952637
1.7147325000260025,0.2597144544124603,2.46297025680542,0.9725521206855774,0.020791230723261833,-0.12439730763435364,-0.017441054806113243,-0.9918613433837891
1.7188059000181966,0.25954627990722656,2.4636034965515137,0.9724160432815552,0.019668634980916977,-0.12456727027893066,-0.015373805537819862,-0.9918970465660095
1.7229657000279985,0.25931087136268616,2.4642083644866943,0.9723039865493774,0.019156737253069878,-0.1255958378314972,-0.012662033550441265,-0.9918157458305359
1.7279324000119232,0.25907084345817566,2.4648523330688477,0.9720572829246521,0.019494878128170967,-0.12533101439476013,-0.011358577758073807,-0.9918584227561951
1.7320800999877974,0.25881025195121765,2.4653894901275635,0.9719505310058594,0.019717343151569366,-0.12560883164405823,-0.010867901146411896,-0.9918244481086731
1.7364068999886513,0.2584671080112457,2.465970754623413,0.9718571305274963,0.020322009921073914,-0.1256342977285385,-0.010756716132164001,-0.991810142993927
1.7415077000041492,0.2573942244052887,2.4674487113952637,0.9715063571929932,0.019561266526579857,-0.1272900402545929,-0.010505149140954018,-0.9916170239448547
1.7461898000328802,0.2568625807762146,2.4681758880615234,0.9714070558547974,0.02100403420627117,-0.12700968980789185,-0.01097685843706131,-0.991618275642395
1.750534599996172,0.2562864422798157,2.468928337097168,0.971301794052124,0.023041807115077972,-0.1265338659286499,-0.012348712421953678,-0.991617739200592
1.7544213000219315,0.25555142760276794,2.4696786403656006,0.9712049961090088,0.02183285728096962,-0.12630601227283478,-0.010823092423379421,-0.9916920065879822
1.7586743000429124,0.2548373341560364,2.4703171253204346,0.9711019992828369,0.02247597463428974,-0.12616407871246338,-0.010467846877872944,-0.9916995763778687
1.7626123999943957,0.2540413439273834,2.470923900604248,0.9709804058074951,0.022570524364709854,-0.1264740526676178,-0.010602923110127449,-0.9916564226150513
1.766939299996011,0.25309520959854126,2.4714653491973877,0.97083580493927,0.021035972982645035,-0.12635254859924316,-0.011050480417907238,-0.9917008280754089
1.7708747000433505,0.2521778345108032,2.4721925258636475,0.9707292914390564,0.021044401451945305,-0.1257064938545227,-0.009692663326859474,-0.9917969107627869
1.7752493000007235,0.25127866864204407,2.4727065563201904,0.9705926179885864,0.0211504939943552,-0.1257198005914688,-0.00887393206357956,-0.9918006062507629
1.7795403000200167,0.2504148483276367,2.4734249114990234,0.9704239964485168,0.0220914538949728,-0.12574854493141174,-0.008021990768611431,-0.9917837381362915
1.7836562000447884,0.24926362931728363,2.474241018295288,0.970276951789856,0.022669212892651558,-0.12593050301074982,-0.0071420324966311455,-0.9917542934417725
1.7880287000443786,0.2480938881635666,2.474951982498169,0.9700784087181091,0.023770760744810104,-0.12548597157001495,-0.007056293543428183,-0.99178546667099
1.7917105000233278,0.24690671265125275,2.475649356842041,0.9699028730392456,0.023960089311003685,-0.1255856603384018,-0.008450641296803951,-0.9917574524879456
1.795845200016629,0.24559465050697327,2.476395845413208,0.9697487950325012,0.023042911663651466,-0.12547872960567474,-0.007890166714787483,-0.9917973279953003
1.800057700020261,0.24436870217323303,2.4770700931549072,0.9696124792098999,0.02326960489153862,-0.12442523241043091,-0.00794642698019743,-0.9919243454933167
1.8047933999914676,0.24297326803207397,2.4779088497161865,0.9693963527679443,0.02408238686621189,-0.12467809021472931,-0.007807031273841858,-0.9918742775917053
1.8086718000122346,0.24155741930007935,2.478545665740967,0.9692209362983704,0.02405325509607792,-0.12391477078199387,-0.007001935504376888,-0.9919765591621399
1.8125510000390932,0.24019242823123932,2.4791462421417236,0.9689019322395325,0.02485065348446369,-0.1227351501584053,-0.008154219016432762,-0.992094874382019
1.8167781000374816,0.23862476646900177,2.4799036979675293,0.9687341451644897,0.02434483915567398,-0.12287720292806625,-0.007519777398556471,-0.9920948147773743
1.8212891000439413,0.2369874119758606,2.48055100440979,0.968621015548706,0.02455548755824566,-0.12283878028392792,-0.006582408677786589,-0.9921010136604309
1.825242499995511,0.23546424508094788,2.481337070465088,0.9685835838317871,0.02592194452881813,-0.12251915037631989,-0.006420196034014225,-0.9921067953109741
1.8296096000121906,0.23375684022903442,2.481978416442871,0.9683918952941895,0.025875812396407127,-0.12186358869075775,-0.005904740188270807,-0.9921919703483582
1.8335767000098713,0.2321416139602661,2.4826672077178955,0.968170702457428,0.023635216057300568,-0.12084464728832245,-0.004385101608932018,-0.9923803210258484
1.8382061999873258,0.23034392297267914,2.4833791255950928,0.9680988788604736,0.024189449846744537,-0.12027206271886826,-0.00419427827000618,-0.9924374222755432
1.8420130999875255,0.228532075881958,2.4839956760406494,0.9679450392723083,0.025183049961924553,-0.12019529193639755,-0.0034425866324454546,-0.9924248456954956
1.8461084000300616,0.22654902935028076,2.484557628631592,0.9676991701126099,0.025519199669361115,-0.11893247812986374,-0.0046103959903120995,-0.9925636649131775
1.8505712000187486,0.22468920052051544,2.4852659702301025,0.9675368070602417,0.025696590542793274,-0.11726375669240952,-0.003860232885926962,-0.9927607774734497
1.854323800012935,0.2225867211818695,2.4860260486602783,0.9676210284233093,0.02527434751391411,-0.11806568503379822,-0.003642240073531866,-0.9926774501800537
1.8586666000192054,0.2206413745880127,2.486640691757202,0.9675309658050537,0.02569081261754036,-0.11643578857183456,-0.0027131468523293734,-0.9928621649742126
1.8628537000040524,0.21841692924499512,2.487203598022461,0.9672172665596008,0.026693522930145264,-0.11620577424764633,-0.003624756122007966,-0.9928597807884216
1.8664948000223376,0.21841692924499512,2.487203598022461,0.9672172665596008,0.026693522930145264,-0.11620577424764633,-0.003624756122007966,-0.9928597807884216
1.871419400034938,0.21641813218593597,2.487875461578369,0.9673241376876831,0.02608550526201725,-0.11504515260457993,-0.0024923149030655622,-0.9930145740509033
1.8760362000321038,0.21196269989013672,2.489138603210449,0.9669792056083679,0.026173679158091545,-0.11297248303890228,-0.0016300264978781343,-0.9932520389556885
1.879785199998878,0.2095891237258911,2.4898786544799805,0.9670189023017883,0.027036024257540703,-0.11238851398229599,-0.0018376177176833153,-0.9932947754859924
1.8836675999918953,0.20724183320999146,2.4906558990478516,0.967029333114624,0.02674647606909275,-0.11127821356058121,-0.0003635797474998981,-0.9934292435646057
1.887590199999977,0.20513533055782318,2.4911110401153564,0.9667330384254456,0.02778751030564308,-0.10956794023513794,-0.0014331165002658963,-0.9935898780822754
1.8919495000154711,0.20273847877979279,2.4919233322143555,0.9664801359176636,0.027092158794403076,-0.10946403443813324,0.0012229173444211483,-0.993620753288269
1.8962254000362009,0.2004140317440033,2.4926278591156006,0.9663799405097961,0.02747207134962082,-0.10796831548213959,0.0012735602213069797,-0.993773877620697
1.9006037000217475,0.19798384606838226,2.493326425552368,0.966121256351471,0.026913009583950043,-0.10666978359222412,0.002107649575918913,-0.9939280152320862
1.9050193000002764,0.19553931057453156,2.494115114212036,0.9659159779548645,0.028030971065163612,-0.10608523339033127,0.0032632767688483,-0.9939565658569336
1.9086838000221178,0.19317416846752167,2.4947991371154785,0.9656761884689331,0.025766195729374886,-0.10487981885671616,0.0062205311842262745,-0.9941315650939941
1.9134251000359654,0.19063283503055573,2.495579242706299,0.9655713438987732,0.027731427922844887,-0.10266030579805374,0.005341314245015383,-0.9943155646324158
1.9174741000169888,0.18817225098609924,2.4961206912994385,0.9653164744377136,0.029459169134497643,-0.10202173888683319,0.006485017482191324,-0.994324803352356
1.9211281000170857,0.18555232882499695,2.496772289276123,0.9650718569755554,0.028194915503263474,-0.10125882178544998,0.00858245324343443,-0.994423508644104
1.9259459000313655,0.18302254378795624,2.497556447982788,0.9650283455848694,0.02810904197394848,-0.0996871069073677,0.009877027943730354,-0.9945726990699768
1.9296678000246175,0.1804472655057907,2.4981918334960938,0.9647426605224609,0.027544459328055382,-0.0981876328587532,0.012439885176718235,-0.9947088360786438
1.9341624000226147,0.17771008610725403,2.4988818168640137,0.964651346206665,0.028377637267112732,-0.09707141667604446,0.012630743905901909,-0.994792640209198
1.9384647000115365,0.1751473993062973,2.4995086193084717,0.9646034240722656,0.029789753258228302,-0.09542713314294815,0.012278079986572266,-0.9949148297309875
1.9421622999943793,0.1724432110786438,2.500333070755005,0.9645323753356934,0.028103554621338844,-0.09364929795265198,0.014208097942173481,-0.9951070547103882
1.946109400014393,0.16972331702709198,2.500962018966675,0.9643470048904419,0.02892449125647545,-0.09257156401872635,0.016611553728580475,-0.9951472282409668
1.954348500003107,0.16428996622562408,2.502218246459961,0.9640917778015137,0.029280995950102806,-0.0886450856924057,0.016614068299531937,-0.9954942464828491
1.9584882000344805,0.16160231828689575,2.5028786659240723,0.9637094736099243,0.02943919226527214,-0.08710663765668869,0.018000101670622826,-0.9956011772155762
1.9627323999884538,0.15882273018360138,2.5035858154296875,0.9636712074279785,0.029024189338088036,-0.08641908317804337,0.018472814932465553,-0.995664656162262
1.967141100030858,0.1559864729642868,2.5040831565856934,0.9633816480636597,0.02842036448419094,-0.08535002171993256,0.019715076312422752,-0.9957504868507385
1.974932799988892,0.15047407150268555,2.505516290664673,0.963216245174408,0.03124174289405346,-0.08131635934114456,0.019746607169508934,-0.9960028529167175
1.9790581000270322,0.14761033654212952,2.5061299800872803,0.9629868268966675,0.029380621388554573,-0.08008740097284317,0.021808775141835213,-0.996116042137146
1.9834952999954112,0.1449032574892044,2.5066609382629395,0.9626782536506653,0.03218357264995575,-0.07828309386968613,0.020990436896681786,-0.9961904883384705
1.9877305999980308,0.14213405549526215,2.5073893070220947,0.9625104665756226,0.030388295650482178,-0.07658567279577255,0.02366405352950096,-0.9963188767433167
1.991863600036595,0.13934309780597687,2.508136510848999,0.9623406529426575,0.02998732589185238,-0.07655055075883865,0.025233587250113487,-0.996295154094696
1.996182700037025,0.13663814961910248,2.508662700653076,0.9620106816291809,0.02973325178027153,-0.07396537065505981,0.02535785362124443,-0.9964949488639832
2.0001328000216745,0.13378815352916718,2.509491205215454,0.9619839191436768,0.030072951689362526,-0.07260850071907043,0.026038646697998047,-0.9965669512748718
2.004458200011868,0.13107259571552277,2.509974956512451,0.9614907503128052,0.029804332181811333,-0.070309579372406,0.02680550143122673,-0.9967195391654968
2.0086483000195585,0.1283005326986313,2.510730743408203,0.9614683389663696,0.03019464947283268,-0.0694412812590599,0.027294501662254333,-0.9967553019523621
2.0126179000362754,0.1255190670490265,2.5112507343292236,0.9611108303070068,0.029820796102285385,-0.06603668630123138,0.026282506063580513,-0.9970251321792603
2.017110300017521,0.12279419600963593,2.5119519233703613,0.9609096050262451,0.030562281608581543,-0.06524663418531418,0.026629384607076645,-0.9970455765724182
2.021071600029245,0.12011117488145828,2.512568950653076,0.9606379866600037,0.02864137850701809,-0.06428246945142746,0.02889845333993435,-0.9971020221710205
2.0251823000144213,0.11746490001678467,2.5131611824035645,0.960447371006012,0.030516745522618294,-0.061888620257377625,0.02873736247420311,-0.997202455997467
2.0294236000045203,0.11453189700841904,2.51374888420105,0.9602349996566772,0.029672896489501,-0.06106431037187576,0.030439378693699837,-0.9972282648086548
2.033578700036742,0.11188847571611404,2.5142385959625244,0.959927499294281,0.03043971210718155,-0.058967504650354385,0.030132411047816277,-0.9973406195640564
2.0377605000394396,0.1090981736779213,2.514787197113037,0.9596145153045654,0.029861778020858765,-0.0573570691049099,0.030938617885112762,-0.9974273443222046
2.041797000041697,0.10644687712192535,2.51542329788208,0.9594913721084595,0.029011646285653114,-0.05710334703326225,0.03462031111121178,-0.997346043586731
2.045887499989476,0.10369870811700821,2.515990734100342,0.9591220021247864,0.028876876458525658,-0.054968155920505524,0.034832701086997986,-0.9974624514579773
2.0503598999930546,0.10106518864631653,2.516557216644287,0.9589207768440247,0.02863231673836708,-0.05350898578763008,0.03496047109365463,-0.9975444078445435
2.054294600035064,0.09840117394924164,2.517188549041748,0.9585832953453064,0.02956085465848446,-0.05258247256278992,0.035835251212120056,-0.9975354671478271
2.059071000025142,0.09582795202732086,2.5177271366119385,0.9583259224891663,0.028338223695755005,-0.04977378994226456,0.03521498665213585,-0.9977372288703918
2.0632419000030495,0.09320534765720367,2.518341302871704,0.9579131603240967,0.029221126809716225,-0.04906227067112923,0.03592117130756378,-0.9977217316627502
2.067356400017161,0.09063336253166199,2.518906831741333,0.9575638771057129,0.02805895172059536,-0.04722023010253906,0.03840678930282593,-0.9977514147758484
2.0711221999954432,0.08813899755477905,2.51948881149292,0.9574151635169983,0.028414912521839142,-0.04499226436018944,0.03917762264609337,-0.9978142976760864
2.075068000005558,0.08562164008617401,2.5199038982391357,0.9567523002624512,0.02805277518928051,-0.04538407921791077,0.04056202620267868,-0.9977514743804932
2.0796599999885075,0.08311539888381958,2.5204689502716064,0.9566477537155151,0.02979264035820961,-0.04265081509947777,0.04033839330077171,-0.9978306889533997
2.0840878000017256,0.08063245564699173,2.520998001098633,0.9561704993247986,0.028156889602541924,-0.0401587039232254,0.039799124002456665,-0.9980033040046692
2.088951400015503,0.07819640636444092,2.521489381790161,0.9557522535324097,0.030261186882853508,-0.03966716304421425,0.041360098868608475,-0.9978979229927063
2.093516900029499,0.0756077691912651,2.5219407081604004,0.955398678779602,0.029531536623835564,-0.036720190197229385,0.040631767362356186,-0.9980624318122864
2.0980572000262327,0.07339871674776077,2.5224709510803223,0.9552290439605713,0.028826337307691574,-0.03516164794564247,0.04192952811717987,-0.9980855584144592
2.1020584999932908,0.07089601457118988,2.5229437351226807,0.9546007513999939,0.027947666123509407,-0.034106045961380005,0.044423673301935196,-0.998039186000824
2.10612760001095,0.06858101487159729,2.5235116481781006,0.9543313980102539,0.027714958414435387,-0.03246162831783295,0.045761916786432266,-0.9980400800704956
2.1098829000256956,0.06622053682804108,2.5240702629089355,0.9538994431495667,0.026732981204986572,-0.030615627765655518,0.046264540404081345,-0.998102068901062
2.1139554000110365,0.06401257961988449,2.5246009826660156,0.9533955454826355,0.027933822944760323,-0.03001379407942295,0.04764111340045929,-0.9980226159095764
2.117479100008495,0.06174579635262489,2.525209665298462,0.9530145525932312,0.029044125229120255,-0.0287476759403944,0.047539155930280685,-0.9980331063270569
2.121340000012424,0.05939705669879913,2.5259437561035156,0.9528007507324219,0.027496710419654846,-0.027645453810691833,0.049266960471868515,-0.9980242848396301
2.1250978999887593,0.05711733549833298,2.5263500213623047,0.9521466493606567,0.02983042225241661,-0.025028880685567856,0.04809253662824631,-0.9980835914611816
2.129373300005682,0.054916027933359146,2.5270187854766846,0.9517261385917664,0.027888603508472443,-0.023929405957460403,0.04965437948703766,-0.9980902671813965
2.133586500014644,0.052842315286397934,2.527554512023926,0.9511700868606567,0.030686046928167343,-0.0216694138944149,0.04721342772245407,-0.998178243637085
2.137611400044989,0.050529755651950836,2.5280685424804688,0.9507714509963989,0.02642100118100643,-0.021022651344537735,0.05173874646425247,-0.9980897903442383
2.142366599990055,0.04854034632444382,2.52858567237854,0.9501755833625793,0.030752338469028473,-0.0194797832518816,0.04909765347838402,-0.9981303811073303
2.14609560003737,0.046320147812366486,2.5291519165039062,0.9498105645179749,0.028015445917844772,-0.01722077839076519,0.050457246601581573,-0.9981847405433655
2.1503005000413395,0.04435734450817108,2.5297584533691406,0.9492293000221252,0.030535710975527763,-0.017087914049625397,0.05109667032957077,-0.9980804920196533
2.154467399988789,0.04229385033249855,2.5302841663360596,0.9486597776412964,0.03101617470383644,-0.015432332642376423,0.04999754950404167,-0.9981483221054077
2.158461300015915,0.040172286331653595,2.5308220386505127,0.94838547706604,0.03139901161193848,-0.013439426198601723,0.04982544481754303,-0.9981738328933716
2.1628315999987535,0.03817883878946304,2.53133225440979,0.947697103023529,0.03170253708958626,-0.012412148527801037,0.050196219235658646,-0.9981589913368225
2.1668654000386596,0.03631392493844032,2.5317447185516357,0.9471735954284668,0.030876388773322105,-0.011073879897594452,0.05086299777030945,-0.9981668591499329
2.1712757000350393,0.03443474322557449,2.532505512237549,0.9467517137527466,0.03034360520541668,-0.009997445158660412,0.05216978117823601,-0.9981270432472229
2.175439600017853,0.032512158155441284,2.5327160358428955,0.9458522200584412,0.031103866174817085,-0.008367282338440418,0.05118903890252113,-0.9981694221496582
2.1792451000073925,0.03069080412387848,2.5335865020751953,0.9455827474594116,0.03130833059549332,-0.0074136825278401375,0.05300090089440346,-0.9980760812759399
2.1836236999952234,0.028750648722052574,2.534085988998413,0.9452089071273804,0.03099413402378559,-0.005823035724461079,0.051968060433864594,-0.9981507062911987
2.1881174000445753,0.027162929996848106,2.534487247467041,0.9444655179977417,0.03242906183004379,-0.004199504386633635,0.050660230219364166,-0.9981805086135864
2.1921575000160374,0.025457948446273804,2.535069465637207,0.9439419507980347,0.031266164034605026,-0.004457646049559116,0.05235980078577995,-0.9981288313865662
2.196138500003144,0.0237739160656929,2.535449981689453,0.9433889389038086,0.03040740266442299,-0.0018153779674321413,0.051759183406829834,-0.9981948733329773
2.200103700044565,0.022172991186380386,2.5359702110290527,0.9428635239601135,0.031855933368206024,-0.0010740887373685837,0.051462724804878235,-0.9981661438941956
2.2044421000173315,0.02066880464553833,2.536353588104248,0.9423640370368958,0.031135210767388344,-0.000986679457128048,0.05337250977754593,-0.9980886578559875
2.2085426000412554,0.018978450447320938,2.5367181301116943,0.9420765042304993,0.03222863748669624,0.0013414009008556604,0.05308661609888077,-0.9980688691139221
2.2132438000408,0.01760490983724594,2.537202835083008,0.9415069222450256,0.03282617777585983,0.0016620504902675748,0.05097311735153198,-0.9981590509414673
2.216899999999441,0.016105307266116142,2.5376391410827637,0.941182017326355,0.03437080234289169,0.0036659990437328815,0.05047638714313507,-0.9981269240379333
2.220535700034816,0.016105307266116142,2.5376391410827637,0.941182017326355,0.03437080234289169,0.0036659990437328815,0.05047638714313507,-0.9981269240379333
2.225256600009743,0.01346187386661768,2.538255214691162,0.9401370286941528,0.033853139728307724,0.0048013669438660145,0.05047544836997986,-0.9981399178504944
2.2292976999888197,0.012201210483908653,2.538642168045044,0.9399058818817139,0.03463900461792946,0.006379482336342335,0.05078115686774254,-0.998088538646698
2.2335895000142045,0.01107417419552803,2.5388875007629395,0.939450204372406,0.03388506919145584,0.007555622607469559,0.05035883188247681,-0.9981275796890259
2.237731300003361,0.009917648509144783,2.5392539501190186,0.9391574263572693,0.0330740362405777,0.008248998783528805,0.05134894326329231,-0.9980988502502441
2.241796099988278,0.008642610162496567,2.5395565032958984,0.9386574029922485,0.03477131202816963,0.008063421584665775,0.051261771470308304,-0.9980472326278687
2.2463358000386506,0.00773264653980732,2.539846658706665,0.9383050203323364,0.035404279828071594,0.008360316976904869,0.05061950907111168,-0.9980553388595581
2.2509526000358164,0.006773505359888077,2.540015935897827,0.9379614591598511,0.033985886722803116,0.010206903330981731,0.05094699561595917,-0.9980707764625549
2.254529000027105,0.005864978767931461,2.5402987003326416,0.9377425909042358,0.03448893874883652,0.010788883082568645,0.051547326147556305,-0.9980165958404541
2.2586571000283584,0.004942578729242086,2.540586233139038,0.9375724792480469,0.034398600459098816,0.011788350529968739,0.051966845989227295,-0.9979865550994873
2.2627056000055745,0.0041996780782938,2.540689468383789,0.9372494220733643,0.036307383328676224,0.012752588838338852,0.05006453022360802,-0.9980043768882751
2.2671651000273414,0.003535319585353136,2.540717601776123,0.9369533061981201,0.0357590988278389,0.012782414443790913,0.05121457204222679,-0.9979654550552368
2.2709610000019893,0.0028534275479614735,2.5408849716186523,0.9367207288742065,0.03549402579665184,0.014576922170817852,0.05058611184358597,-0.997982382774353
2.275275200023316,0.002410990186035633,2.54099702835083,0.9365686774253845,0.035677243024110794,0.014883050695061684,0.05042359232902527,-0.9979795813560486
2.279600700014271,0.0019989730790257454,2.5410678386688232,0.9364607930183411,0.036705270409584045,0.01509523019194603,0.04994557052850723,-0.9979630708694458
2.2834858000278473,0.0016543203964829445,2.5412023067474365,0.9363610744476318,0.037527915090322495,0.015723176300525665,0.04988821968436241,-0.9979256391525269
2.2877691999892704,0.0012664254754781723,2.541334867477417,0.9362794160842896,0.03663673624396324,0.01632917858660221,0.05094033479690552,-0.9978959560394287
2.291871000023093,0.0010134531185030937,2.5413990020751953,0.9361611008644104,0.03627615049481392,0.01637948304414749,0.051107749342918396,-0.9978996515274048
2.2959833000204526,0.0007103439420461655,2.5414602756500244,0.9361041784286499,0.03577215224504471,0.0164983831346035,0.050706397742033005,-0.9979363679885864
2.3000474000000395,0.0005061477422714233,2.5415191650390625,0.9360877871513367,0.03547365218400955,0.016963263973593712,0.05042647942900658,-0.9979534149169922
2.3042482000309974,0.00034072156995534897,2.541548252105713,0.9360160231590271,0.03548583388328552,0.01781701296567917,0.05016183480620384,-0.9979514479637146
2.308646099991165,0.000292997807264328,2.5415964126586914,0.935958981513977,0.03523832932114601,0.01808195747435093,0.05017968639731407,-0.9979546070098877
2.313432599999942,0.0003102850168943405,2.5416300296783447,0.9359349608421326,0.03521989658474922,0.01838846504688263,0.049906421452760696,-0.9979633092880249
2.3172803000197746,0.00033638905733823776,2.5416319370269775,0.9358912110328674,0.035476356744766235,0.018798479810357094,0.04940575361251831,-0.9979714751243591
2.3211369999917224,0.0005463166162371635,2.5416407585144043,0.9358764886856079,0.03566359356045723,0.018796995282173157,0.04895223677158356,-0.9979872703552246
2.3250903000007384,0.000726897269487381,2.541630744934082,0.9358599185943604,0.035863135010004044,0.018910067155957222,0.04875288903713226,-0.9979877471923828
2.329760799999349,0.0009548012167215347,2.541630506515503,0.9359333515167236,0.03609894961118698,0.018636124208569527,0.04811793565750122,-0.9980151653289795
2.333439100009855,0.0012218160554766655,2.541557550430298,0.9359638094902039,0.03756897151470184,0.01913808099925518,0.046521637588739395,-0.9980271458625793
2.3377247999887913,0.0014261351898312569,2.541506052017212,0.9360913038253784,0.03772253915667534,0.019403040409088135,0.045930635184049606,-0.9980435371398926
2.342012000037357,0.001617557369172573,2.5414676666259766,0.9362300038337708,0.03772782161831856,0.020027443766593933,0.04477096349000931,-0.9980837106704712
2.345950399991125,0.001768572023138404,2.5413966178894043,0.936429500579834,0.03824150189757347,0.02065674215555191,0.04329592362046242,-0.9981163740158081
2.350772500038147,0.002141514327377081,2.5414764881134033,0.9366728067398071,0.03737088665366173,0.022351905703544617,0.040436625480651855,-0.9982328414916992
2.3547562999883667,0.0023886794224381447,2.541443109512329,0.9369313716888428,0.037333894520998,0.02365362085402012,0.03887522593140602,-0.9982662796974182
2.3586283000186086,0.002642706036567688,2.541381359100342,0.9371100664138794,0.03670988976955414,0.024408072233200073,0.03729044273495674,-0.9983316659927368
2.36271240003407,0.0029067164286971092,2.5412957668304443,0.9373239874839783,0.03561386466026306,0.024973463267087936,0.035893797874450684,-0.9984085559844971
2.3697138000279665,0.0032294653356075287,2.5412445068359375,0.9375346899032593,0.03502820432186127,0.026009177789092064,0.034075140953063965,-0.9984665513038635
2.3748142000404187,0.0038718823343515396,2.5412909984588623,0.9380339980125427,0.03347189724445343,0.027858395129442215,0.03211314231157303,-0.99853515625
2.3790253000333905,0.004187318030744791,2.541323661804199,0.9383687973022461,0.034082185477018356,0.03150466829538345,0.029418978840112686,-0.9984891414642334
2.3834365000366233,0.004717164672911167,2.5413291454315186,0.9385221004486084,0.034350670874118805,0.03269309923052788,0.027668951079249382,-0.9984917640686035
2.388463800016325,0.005228506401181221,2.5413477420806885,0.9386330246925354,0.03471618518233299,0.034108664840459824,0.026066506281495094,-0.9984748363494873
2.3964788000448607,0.0064308978617191315,2.541273832321167,0.9391553401947021,0.032484445720911026,0.03832196444272995,0.02358701080083847,-0.9984588027000427
2.4001585000078194,0.007006458938121796,2.5413081645965576,0.9394415020942688,0.033352576196193695,0.03980749100446701,0.02250503934919834,-0.9983969926834106
2.4043853000039235,0.007852340117096901,2.5413146018981934,0.9397834539413452,0.030560633167624474,0.040321268141269684,0.023951806128025055,-0.9984320402145386
2.4085751000093296,0.008670922368764877,2.5412981510162354,0.9400963187217712,0.02888287790119648,0.0411750003695488,0.024313094094395638,-0.9984384179115295
2.41281579999486,0.009252015501260757,2.5412487983703613,0.9404208660125732,0.030884940177202225,0.043381549417972565,0.023006437346339226,-0.9983159899711609
2.4167531999992207,0.009824461303651333,2.5413057804107666,0.9408906102180481,0.031457509845495224,0.04619639739394188,0.021348359063267708,-0.99820876121521
2.421767899999395,0.01050539966672659,2.541327714920044,0.9411389231681824,0.031632423400878906,0.04743259400129318,0.020509611815214157,-0.9981627464294434
2.425380100030452,0.011286957189440727,2.5413050651550293,0.9414604902267456,0.031202368438243866,0.0483509786427021,0.02035071700811386,-0.9981355667114258
2.429096300038509,0.011286957189440727,2.5413050651550293,0.9414604902267456,0.031202368438243866,0.0483509786427021,0.02035071700811386,-0.9981355667114258
2.4334333000006154,0.012625367380678654,2.5414295196533203,0.9425066709518433,0.0276907030493021,0.052474211901426315,0.02001306787133217,-0.9980376362800598
2.43753990001278,0.013267837464809418,2.5412533283233643,0.9427580237388611,0.028017926961183548,0.05405276641249657,0.01770607940852642,-0.9979878664016724
2.4411720000207424,0.013267837464809418,2.5412533283233643,0.9427580237388611,0.028017926961183548,0.05405276641249657,0.01770607940852642,-0.9979878664016724
2.4459641000139527,0.014355524443089962,2.5410571098327637,0.9434216618537903,0.029442785307765007,0.05712302401661873,0.014740148559212685,-0.9978241324424744
2.4507081999909133,0.014775125309824944,2.5411484241485596,0.9439963698387146,0.029251523315906525,0.06066402047872543,0.01185810100287199,-0.9976590871810913
2.4546184000209905,0.01530576590448618,2.5412189960479736,0.9444582462310791,0.026668701320886612,0.061370886862277985,0.012246368452906609,-0.9976835250854492
2.458464900031686,0.015713490545749664,2.5411293506622314,0.9447601437568665,0.026249874383211136,0.06319960206747055,0.011054101400077343,-0.99759441614151
2.4627181999967434,0.016040142625570297,2.54105281829834,0.9451025724411011,0.026370177045464516,0.06505480408668518,0.009247181937098503,-0.997490406036377
2.4689225000329316,0.01630302146077156,2.541109323501587,0.9455528259277344,0.02745848521590233,0.06776157021522522,0.003104741219431162,-0.9973188638687134
2.4729101000120863,0.01654532551765442,2.5409293174743652,0.9459472298622131,0.027512604370713234,0.06958402693271637,-0.00045285889063961804,-0.9971964955329895
2.477147400029935,0.01667790859937668,2.5408434867858887,0.9462724328041077,0.02686755172908306,0.07061610370874405,-0.002848095027729869,-0.9971376061439514
2.481527800031472,0.016805777326226234,2.540722608566284,0.9466372132301331,0.025046637281775475,0.07145196199417114,-0.005061404779553413,-0.99711674451828
2.4853839999996126,0.016813650727272034,2.54081654548645,0.9471770524978638,0.02368565835058689,0.07211443781852722,-0.006432756315916777,-0.9970943331718445
2.489779199997429,0.016764920204877853,2.540627956390381,0.947562575340271,0.023038731887936592,0.07296149432659149,-0.009738700464367867,-0.9970210790634155
2.4935874000075273,0.01680004596710205,2.540555477142334,0.9478633403778076,0.02312866970896721,0.07244107127189636,-0.013264413923025131,-0.9970162510871887
2.497965699993074,0.016808710992336273,2.5404951572418213,0.9484859108924866,0.023619839921593666,0.07343802601099014,-0.017861738801002502,-0.9968600869178772
2.50407260004431,0.016773363575339317,2.5400636196136475,0.9493270516395569,0.023353135213255882,0.0732535868883133,-0.025449097156524658,-0.9967150688171387
2.508497500035446,0.016733555123209953,2.539719581604004,0.9497228264808655,0.02457324042916298,0.07359186559915543,-0.030527643859386444,-0.9965182542800903
2.5127287000068463,0.016702819615602493,2.5393805503845215,0.950105607509613,0.02425963245332241,0.07330729812383652,-0.03482471778988838,-0.9964059591293335
2.517042900028173,0.016579002141952515,2.5391845703125,0.9505773782730103,0.02477223239839077,0.07304343581199646,-0.03855305165052414,-0.9962754249572754
2.5212984000099823,0.01643829047679901,2.5389151573181152,0.9510375261306763,0.02519978955388069,0.07214196026325226,-0.04295099526643753,-0.9961504936218262
2.5256216000416316,0.016276797279715538,2.5385916233062744,0.9514606595039368,0.024298785254359245,0.07132948935031891,-0.04776284471154213,-0.9960122108459473
2.5302151000360027,0.016067104414105415,2.538257360458374,0.9519296884536743,0.023347873240709305,0.07108449935913086,-0.053952205926179886,-0.9957364797592163
2.533679000043776,0.015935197472572327,2.537966251373291,0.9523375630378723,0.023623151704669,0.07040337473154068,-0.058456968516111374,-0.9955240488052368
2.537888400023803,0.015762727707624435,2.5377275943756104,0.9527556896209717,0.023198764771223068,0.07005180418491364,-0.06219715625047684,-0.9953321814537048
2.541920099989511,0.015494093298912048,2.537452459335327,0.9534106254577637,0.020934823900461197,0.06977350264787674,-0.06500551849603653,-0.9952225089073181
2.5454445999930613,0.015494093298912048,2.537452459335327,0.9534106254577637,0.020934823900461197,0.06977350264787674,-0.06500551849603653,-0.9952225089073181
2.5502715000184253,0.015350216999650002,2.5367209911346436,0.954571008682251,0.022171586751937866,0.0669151321053505,-0.07635954022407532,-0.994585394859314
2.5543252000352368,0.015133272856473923,2.5363574028015137,0.9550531506538391,0.02219150774180889,0.06659318506717682,-0.07949380576610565,-0.9943609833717346
2.558659100031946,0.015179542824625969,2.536133050918579,0.9555542469024658,0.021190807223320007,0.06575774401426315,-0.08365203440189362,-0.9940972328186035
2.562706500000786,0.014942096546292305,2.535750389099121,0.9561179876327515,0.019488876685500145,0.06573580950498581,-0.08919338881969452,-0.9936516880989075
2.5676638000295497,0.014891463331878185,2.535292625427246,0.9565873742103577,0.019987905398011208,0.06464653462171555,-0.09288201481103897,-0.9933752417564392
2.572410900029354,0.014819664880633354,2.5349738597869873,0.9571337103843689,0.01911308616399765,0.0634317472577095,-0.0957598090171814,-0.993197500705719
2.576016500010155,0.014865627512335777,2.534658432006836,0.9575934410095215,0.018502891063690186,0.06245255842804909,-0.09877463430166245,-0.9929758310317993
2.579733500024304,0.01502978801727295,2.5342652797698975,0.9580658674240112,0.019981902092695236,0.06195591017603874,-0.10306522995233536,-0.9925421476364136
2.5835276000434533,0.01520965714007616,2.5337960720062256,0.9585543274879456,0.019592100754380226,0.0610070563852787,-0.1070190891623497,-0.9921901822090149
2.58810250001261,0.015323158353567123,2.5336103439331055,0.9591903686523438,0.017789755016565323,0.059883829206228256,-0.10852573812007904,-0.992128849029541
2.5919520999887027,0.015458345413208008,2.5333540439605713,0.9596309661865234,0.017388755455613136,0.05883440375328064,-0.11047499626874924,-0.9919835925102234
2.5959700000239536,0.015566711314022541,2.5330471992492676,0.9600193500518799,0.017572849988937378,0.05750639736652374,-0.11313217133283615,-0.9917587637901306
2.600150600017514,0.01571672037243843,2.532724142074585,0.9604562520980835,0.015793757513165474,0.05625142902135849,-0.11481451988220215,-0.9916672706604004
2.6042845000047237,0.015837974846363068,2.532479763031006,0.9609640836715698,0.016160128638148308,0.053561318665742874,-0.11715962737798691,-0.991536021232605
2.608604100008961,0.015970570966601372,2.532235860824585,0.9614347219467163,0.017511863261461258,0.05265813693404198,-0.12005951255559921,-0.9912145733833313
2.612767399987206,0.016089962795376778,2.531925678253174,0.9618388414382935,0.018343716859817505,0.05153193697333336,-0.12328343838453293,-0.9908628463745117
2.616783300007228,0.016190914437174797,2.5315897464752197,0.962261438369751,0.018188221380114555,0.050513580441474915,-0.12629659473896027,-0.9905386567115784
2.6211949000135064,0.01625651866197586,2.5313284397125244,0.9626606702804565,0.016796110197901726,0.04890888184309006,-0.12860725820064545,-0.9903464317321777
2.6254852000274695,0.01632729172706604,2.5310397148132324,0.9630056023597717,0.016198469325900078,0.0475827232003212,-0.13106292486190796,-0.9900990128517151
2.629340899991803,0.0163319930434227,2.530866861343384,0.9635204076766968,0.01638334058225155,0.04547356814146042,-0.1329968273639679,-0.9899372458457947
2.633609800017439,0.016328442841768265,2.5306077003479004,0.9639307856559753,0.01633935607969761,0.04377780482172966,-0.1356179416179657,-0.9896587133407593
2.6376465000212193,0.016263535246253014,2.5302257537841797,0.9643967151641846,0.014499490149319172,0.04192641004920006,-0.1379779428243637,-0.9894412755966187
2.642259299987927,0.016277534887194633,2.5298268795013428,0.9646776914596558,0.01248204242438078,0.040125422179698944,-0.140936478972435,-0.9891265034675598
2.646053700009361,0.01613244041800499,2.5294885635375977,0.9650081396102905,0.0121492063626647,0.0397624634206295,-0.14423894882202148,-0.9886690378189087
2.650241700001061,0.016004538163542747,2.529209852218628,0.9653554558753967,0.012247759848833084,0.0384930856525898,-0.14731954038143158,-0.9882637858390808
2.654448700021021,0.015767399221658707,2.528775453567505,0.9657257199287415,0.01377786509692669,0.03871341422200203,-0.15193094313144684,-0.9875365495681763
2.6584166000247933,0.015541287139058113,2.5283474922180176,0.9661346673965454,0.012189648114144802,0.03792264685034752,-0.15543341636657715,-0.9870429635047913
2.662625900004059,0.015299058519303799,2.5280120372772217,0.9663615822792053,0.009856904856860638,0.03514019027352333,-0.15796604752540588,-0.9867698550224304
2.666888200037647,0.014967871829867363,2.5277931690216064,0.9667856693267822,0.01074936706572771,0.033580221235752106,-0.16187088191509247,-0.9861818552017212
2.6710858000442386,0.014670905657112598,2.5275492668151855,0.9671216607093811,0.009905936196446419,0.03269725665450096,-0.16440674662590027,-0.9858008027076721
2.6752770000020973,0.014383586123585701,2.5273189544677734,0.9674314260482788,0.009492547251284122,0.031939148902893066,-0.1675567775964737,-0.9852991700172424
2.6794647999922745,0.01412414014339447,2.5269875526428223,0.967742383480072,0.009768078103661537,0.030736468732357025,-0.17157158255577087,-0.9846436977386475
2.6836391999968328,0.013845868408679962,2.5265908241271973,0.9680648446083069,0.007885444909334183,0.03007364831864834,-0.17403444647789001,-0.9842486381530762
2.6878450000076555,0.013556373305618763,2.5262932777404785,0.9683910608291626,0.006976839620620012,0.029319286346435547,-0.17644141614437103,-0.9838496446609497
2.69203070004005,0.013216297142207623,2.5260379314422607,0.9687262773513794,0.006636143196374178,0.028213169425725937,-0.17845302820205688,-0.9835214614868164
2.696395900042262,0.013003246858716011,2.5258424282073975,0.9689493179321289,0.00643567182123661,0.02737918123602867,-0.18068580329418182,-0.9831386804580688
2.700299600022845,0.012854691594839096,2.5256361961364746,0.9691711068153381,0.00583692267537117,0.026357103139162064,-0.18221415579319,-0.9828882813453674
2.704539600003045,0.012605574913322926,2.5254526138305664,0.9693641662597656,0.0061472379602491856,0.025602033361792564,-0.18421809375286102,-0.9825326800346375
2.708555100020021,0.012465285137295723,2.525313138961792,0.9695196151733398,0.006066101603209972,0.025008507072925568,-0.18534083664417267,-0.9823373556137085
2.712755000044126,0.012354138307273388,2.5252344608306885,0.969618022441864,0.006194227375090122,0.024531666189432144,-0.18629513680934906,-0.9821679592132568
2.717029999999795,0.012213926762342453,2.5251712799072266,0.9696769118309021,0.006389873567968607,0.024473482742905617,-0.1877841055393219,-0.9818846583366394
2.721522600040771,0.012164073064923286,2.5252225399017334,0.9697177410125732,0.006474778987467289,0.024029457941651344,-0.18813957273960114,-0.9818269610404968
2.7255682999966666,0.012152820825576782,2.525345802307129,0.9696498513221741,0.006993479561060667,0.023058727383613586,-0.18795561790466309,-0.9818819165229797
2.7300289000268094,0.012151510454714298,2.525503396987915,0.9696162343025208,0.007274053059518337,0.022652199491858482,-0.18792308866977692,-0.9818955659866333
2.733901900006458,0.012205688282847404,2.525709629058838,0.9695873260498047,0.007314654067158699,0.022128472104668617,-0.1871516853570938,-0.982054591178894
2.7378128000418656,0.012303495779633522,2.525960683822632,0.9695087671279907,0.007989333011209965,0.02165159024298191,-0.18658190965652466,-0.9821683168411255
2.7439734000363387,0.012382013723254204,2.5263185501098633,0.9693540334701538,0.009381654672324657,0.021121468394994736,-0.18706874549388885,-0.9820749163627625
2.748010100040119,0.012557793408632278,2.526641368865967,0.9692138433456421,0.009848139248788357,0.02053890936076641,-0.1857820749282837,-0.9823269248008728
2.752040199993644,0.012695403769612312,2.5269603729248047,0.9690619707107544,0.010927692987024784,0.02065911516547203,-0.1843864619731903,-0.9825760126113892
2.756158200034406,0.013002626597881317,2.52744460105896,0.968887984752655,0.012357917614281178,0.020381491631269455,-0.18240182101726532,-0.9829351305961609
2.760881900030654,0.013306175358593464,2.527844190597534,0.9686683416366577,0.014045263640582561,0.019842058420181274,-0.1806781142950058,-0.9832417964935303
2.764970700023696,0.013685203157365322,2.5283541679382324,0.9685486555099487,0.017218144610524178,0.018762297928333282,-0.1786177009344101,-0.9835889935493469
2.7696503000333905,0.014209264889359474,2.5288901329040527,0.9682053923606873,0.019198063760995865,0.01936681941151619,-0.17650999128818512,-0.9839210510253906
2.7752506000106223,0.015075558796525002,2.5301361083984375,0.9677484631538391,0.021453840658068657,0.018815159797668457,-0.1703552007675171,-0.9849694967269897
2.7794463000027463,0.015600821003317833,2.530860424041748,0.9673625230789185,0.02296578884124756,0.01842014491558075,-0.16674163937568665,-0.9855610728263855
2.7835901000071317,0.016071921214461327,2.5316126346588135,0.9671170115470886,0.025851044803857803,0.017445452511310577,-0.16237419843673706,-0.9862362742424011
2.7882611000095494,0.01676628738641739,2.5323195457458496,0.9666929244995117,0.027113979682326317,0.017767896875739098,-0.15842285752296448,-0.9868391156196594
2.7959896000102162,0.018068592995405197,2.533815860748291,0.9660553932189941,0.03156258538365364,0.01746739260852337,-0.14966502785682678,-0.9880784749984741
2.8003661000402644,0.018829980865120888,2.53464937210083,0.9658238291740417,0.032558854669332504,0.017546366900205612,-0.14384889602661133,-0.9889082908630371
2.8043633000343107,0.019870266318321228,2.5354039669036865,0.96534663438797,0.0348697304725647,0.016554903239011765,-0.13853558897972107,-0.9896049499511719
2.8088067999924533,0.020737212151288986,2.53619122505188,0.9651086926460266,0.03624388948082924,0.01732654869556427,-0.13338646292686462,-0.9902495741844177
2.8126458000042476,0.021553155034780502,2.536963701248169,0.9646583199501038,0.03902442380785942,0.016497988253831863,-0.1281781792640686,-0.990845799446106
2.816744900017511,0.022405577823519707,2.537761688232422,0.9642666578292847,0.04112263396382332,0.016696060076355934,-0.12291701138019562,-0.991424024105072
2.8210498000262305,0.023487094789743423,2.538637638092041,0.963977575302124,0.04403333365917206,0.015593796037137508,-0.11631204187870026,-0.9921135902404785
2.825149699987378,0.02448287047445774,2.5394368171691895,0.9637711048126221,0.04546134173870087,0.01618320494890213,-0.11108417809009552,-0.9926387667655945
2.82945960003417,0.02545674704015255,2.5400660037994385,0.9634355306625366,0.0462346076965332,0.015573747456073761,-0.10519389063119888,-0.9932543635368347
2.833633800037205,0.02645700052380562,2.5409271717071533,0.9631584882736206,0.048644013702869415,0.015756603330373764,-0.09885943681001663,-0.9937868714332581
2.8382024000165984,0.027470670640468597,2.5416555404663086,0.9629530310630798,0.0484432689845562,0.01467999629676342,-0.09186163544654846,-0.9944844841957092
2.8419318000087515,0.02846960723400116,2.5423171520233154,0.9627037644386292,0.05138601362705231,0.014330747537314892,-0.08593512326478958,-0.9948714971542358
2.845927999995183,0.02958221361041069,2.542980194091797,0.9623473286628723,0.052214693278074265,0.01351441815495491,-0.0797448605298996,-0.9953551292419434
2.851183000020683,0.03060844913125038,2.5436177253723145,0.96219402551651,0.05364937335252762,0.012606403790414333,-0.07396870106458664,-0.9957366585731506
2.8561197000090033,0.03162996098399162,2.5443060398101807,0.9620641469955444,0.05456973984837532,0.011779163964092731,-0.0690540298819542,-0.9960496425628662
2.8602390000014566,0.03272489830851555,2.544835329055786,0.9616872072219849,0.0578865185379982,0.01156325452029705,-0.06445470452308655,-0.9961732029914856
2.864528000005521,0.033709168434143066,2.545337438583374,0.9615235328674316,0.05866164341568947,0.010904742404818535,-0.05686371400952339,-0.9965974688529968
2.8719920000294223,0.03553542122244835,2.5466272830963135,0.9613995552062988,0.059593651443719864,0.011519948951900005,-0.04801284894347191,-0.9970008730888367
2.8755262999911793,0.03666088730096817,2.547046422958374,0.961139440536499,0.061748627573251724,0.011430648155510426,-0.04379663243889809,-0.9970648288726807
2.879806200042367,0.03759894520044327,2.547450065612793,0.9610283374786377,0.06338495016098022,0.00964625459164381,-0.038775332272052765,-0.997188925743103
2.8843519000220113,0.038450125604867935,2.547926187515259,0.960889458656311,0.0647624135017395,0.008545183576643467,-0.03466266766190529,-0.9972618818283081
2.8878294000169262,0.039480891078710556,2.5484092235565186,0.9606783986091614,0.06559045612812042,0.008262097835540771,-0.030300777405500412,-0.9973523020744324
2.891983400040772,0.04048417508602142,2.548694372177124,0.9603298306465149,0.06636781245470047,0.007730870973318815,-0.026816606521606445,-0.9974048733711243
2.896762899996247,0.04135482758283615,2.548936128616333,0.9601419568061829,0.06742490828037262,0.006512463558465242,-0.023522555828094482,-0.9974257946014404
2.9004717000061646,0.042176783084869385,2.5493099689483643,0.9600662589073181,0.06758041679859161,0.0052290079183876514,-0.01954462379217148,-0.997508704662323
2.9051935999887064,0.04306000471115112,2.5497307777404785,0.9600030183792114,0.06920948624610901,0.00422760471701622,-0.015332719311118126,-0.9974753260612488
2.9087657000054605,0.044178616255521774,2.5499892234802246,0.9597411751747131,0.06935614347457886,0.0029331259429454803,-0.012171328067779541,-0.997513473033905
2.91282530000899,0.044988326728343964,2.550224781036377,0.9596254825592041,0.06979043036699295,0.0011393505847081542,-0.008674579672515392,-0.9975233674049377
2.9171484000398777,0.04575660079717636,2.550504446029663,0.9594576358795166,0.07069431245326996,-0.00014622390153817832,-0.005709344055503607,-0.9974817037582397
2.9211415000027046,0.04652509093284607,2.5506813526153564,0.9592392444610596,0.0715547651052475,-0.0014014499029144645,-0.003395862178876996,-0.9974299669265747
2.925660200009588,0.04739227890968323,2.550906181335449,0.959130585193634,0.07129776477813721,-0.0023471112363040447,0.0002900882391259074,-0.9974523186683655
2.929341600043699,0.04739227890968323,2.550906181335449,0.959130585193634,0.07129776477813721,-0.0023471112363040447,0.0002900882391259074,-0.9974523186683655
2.934315200021956,0.04912525415420532,2.5513808727264404,0.9589772820472717,0.07358769327402115,-0.004030348267406225,0.0031111501157283783,-0.9972757697105408
2.9378294000052847,0.049926042556762695,2.5515525341033936,0.9589067101478577,0.07300624996423721,-0.005877986550331116,0.0057741873897612095,-0.997297465801239
2.942285700002685,0.05062764883041382,2.551764488220215,0.9589772820472717,0.07036050409078598,-0.007573196664452553,0.010096061043441296,-0.9974417686462402
2.9465815000003204,0.051413971930742264,2.551985502243042,0.9589172601699829,0.07104265689849854,-0.008124729618430138,0.011016509495675564,-0.9973794221878052
2.9502046999987215,0.05224863812327385,2.5520377159118652,0.9588260650634766,0.07083163410425186,-0.009121310897171497,0.013313616625964642,-0.9973577857017517
2.9544160999939777,0.05333429574966431,2.5522842407226562,0.9585441946983337,0.07168342173099518,-0.011035696603357792,0.017421483993530273,-0.9972143173217773
2.9590416999999434,0.05415120720863342,2.552429676055908,0.9583439230918884,0.07269500941038132,-0.013232159428298473,0.019409943372011185,-0.9970775842666626
2.9627712999936193,0.05495439097285271,2.5525481700897217,0.9582676291465759,0.07290597259998322,-0.014784453436732292,0.02137230895459652,-0.9970001578330994
2.967013699992094,0.05588984489440918,2.552687168121338,0.9580893516540527,0.07331687957048416,-0.01657206006348133,0.023200877010822296,-0.9969010353088379
2.9709801000426523,0.05678381770849228,2.5527424812316895,0.9579607248306274,0.07248754054307938,-0.018056217581033707,0.02587919309735298,-0.9968700408935547
2.977006600005552,0.05775999277830124,2.552708387374878,0.9577116370201111,0.07347825914621353,-0.019384443759918213,0.027489354833960533,-0.9967294335365295
2.981141900003422,0.05886412411928177,2.55287766456604,0.9576277732849121,0.07324144244194031,-0.022534968331456184,0.031093498691916466,-0.9965746402740479
2.9850381000433117,0.0597529262304306,2.5530314445495605,0.9575251936912537,0.07434111833572388,-0.024766219779849052,0.033791426569223404,-0.99635249376297
2.989124100015033,0.060660313814878464,2.553093671798706,0.95737224817276,0.07466668635606766,-0.025911031290888786,0.035895559936761856,-0.9962253570556641
2.992553499992937,0.06158708408474922,2.5531866550445557,0.957272469997406,0.07393834739923477,-0.027526328340172768,0.039429645985364914,-0.9961028099060059
2.9962791000143625,0.06245479732751846,2.5532724857330322,0.9571012258529663,0.07357221841812134,-0.02947870083153248,0.042436279356479645,-0.99595046043396
3.0001260000281036,0.06346185505390167,2.5533294677734375,0.9568137526512146,0.07498812675476074,-0.032060448080301285,0.04472728073596954,-0.9956648349761963
3.0043984000221826,0.06446433067321777,2.5533840656280518,0.956695556640625,0.07513771206140518,-0.0347018726170063,0.047530364245176315,-0.9954350590705872
3.009144000010565,0.06542105972766876,2.5533361434936523,0.9565132856369019,0.07526060938835144,-0.036634188145399094,0.04995623603463173,-0.9952378273010254
3.0127545000286773,0.06620963662862778,2.5534920692443848,0.9566189646720886,0.07297809422016144,-0.037990450859069824,0.05462116375565529,-0.9951117634773254
3.0168744000256993,0.06722891330718994,2.553536891937256,0.9563617706298828,0.07446345686912537,-0.03974452614784241,0.056242454797029495,-0.9948429465293884
3.0210504000424407,0.06836061924695969,2.5535776615142822,0.9560927748680115,0.07580132782459259,-0.04197179526090622,0.058835532516241074,-0.9945003390312195
3.0252121000085026,0.06942859292030334,2.5535433292388916,0.9558188319206238,0.07675234228372574,-0.04327424615621567,0.06225864216685295,-0.9941630959510803
3.0301633999915794,0.07055290043354034,2.5535900592803955,0.9556808471679688,0.0774819552898407,-0.04604235291481018,0.06579901278018951,-0.9937540888786316
3.033573399996385,0.07161373645067215,2.5535547733306885,0.9554830193519592,0.0771372839808464,-0.046851690858602524,0.06879930198192596,-0.9935398697853088
3.0383178000338376,0.07289091497659683,2.553583860397339,0.9552161693572998,0.07687471061944962,-0.048142559826374054,0.07284493744373322,-0.9932101368904114
3.0422015000367537,0.074038565158844,2.553605794906616,0.9551204442977905,0.07657944411039352,-0.04977460205554962,0.07751106470823288,-0.9927991628646851
3.0460093000438064,0.07508029788732529,2.553769111633301,0.9550530314445496,0.07745066285133362,-0.051474448293447495,0.08281806111335754,-0.9922162890434265
3.0501601000432856,0.07635341584682465,2.553791046142578,0.9548436999320984,0.07644069939851761,-0.053796347230672836,0.08769549429416656,-0.9917522072792053
3.0541677000001073,0.07757602632045746,2.553690195083618,0.9546235799789429,0.0776173323392868,-0.05423177406191826,0.09082581847906113,-0.9913551807403564
3.0585079999873415,0.07881972938776016,2.5535695552825928,0.9543356895446777,0.07825686037540436,-0.05573512613773346,0.0937650054693222,-0.9909478425979614
3.062629399995785,0.07991474866867065,2.553647518157959,0.9541345834732056,0.07861051708459854,-0.057857103645801544,0.09761596471071243,-0.9904261827468872
3.067022100032773,0.08102735131978989,2.5536558628082275,0.9539512395858765,0.07876857370138168,-0.05946297198534012,0.10102403163909912,-0.989976704120636
3.0719804000109434,0.08217641711235046,2.5537455081939697,0.9536750912666321,0.078525610268116,-0.06118663400411606,0.10542561858892441,-0.9894318580627441
3.0758756000432186,0.08315876871347427,2.5538740158081055,0.9534826278686523,0.07866647839546204,-0.0615365207195282,0.10710922628641129,-0.9892181158065796
3.0797035000286996,0.08315876871347427,2.5538740158081055,0.9534826278686523,0.07866647839546204,-0.0615365207195282,0.10710922628641129,-0.9892181158065796
3.083862300030887,0.08502867817878723,2.55415415763855,0.9533312320709229,0.0749925747513771,-0.06450330466032028,0.11388795077800751,-0.988556981086731
3.0877264000009745,0.08586789667606354,2.5541789531707764,0.953183650970459,0.07597082853317261,-0.06635414063930511,0.1153687834739685,-0.9881880283355713
3.0919821000425145,0.08681853860616684,2.5543155670166016,0.9530082941055298,0.07819230109453201,-0.06673268228769302,0.11424388736486435,-0.9881199598312378
3.0966911000432447,0.08774354308843613,2.5541884899139404,0.952945351600647,0.07929223030805588,-0.06764418631792068,0.11472716927528381,-0.9879143834114075
3.1028534999932162,0.08850003778934479,2.554293632507324,0.9528384804725647,0.07671292871236801,-0.06893067806959152,0.11907104402780533,-0.9875150322914124
3.106295100005809,0.08850003778934479,2.554293632507324,0.9528384804725647,0.07671292871236801,-0.06893067806959152,0.11907104402780533,-0.9875150322914124
3.109824799990747,0.0892525240778923,2.5545034408569336,0.9525814652442932,0.0777004063129425,-0.06995047628879547,0.12098502367734909,-0.9871333837509155
3.1135927000432275,0.09073025733232498,2.5546560287475586,0.9520699381828308,0.07696064561605453,-0.0729115679860115,0.12422685325145721,-0.9865742921829224
3.1171504000085406,0.09145990759134293,2.5546624660491943,0.9517708420753479,0.07636360079050064,-0.07425571978092194,0.12569189071655273,-0.9863347411155701
3.1211372000398114,0.09226322174072266,2.5548946857452393,0.951789379119873,0.07491178065538406,-0.07534176856279373,0.1291564255952835,-0.9859161376953125
3.1256116000004113,0.09298466145992279,2.5550832748413086,0.9517209529876709,0.07481468468904495,-0.07715290039777756,0.13156989216804504,-0.9854641556739807
3.130101700022351,0.09366276860237122,2.555161237716675,0.9516612887382507,0.07415121048688889,-0.07843458652496338,0.13347887992858887,-0.9851562976837158
3.137747800035868,0.09481998533010483,2.5552499294281006,0.9510897994041443,0.07386010140180588,-0.08048219978809357,0.13563664257526398,-0.9847182631492615
3.1421613999991678,0.09529571980237961,2.5552940368652344,0.9508616328239441,0.0742812380194664,-0.08080165088176727,0.13590827584266663,-0.9846230149269104
3.146118500037119,0.09584999829530716,2.5554771423339844,0.9506479501724243,0.07532850652933121,-0.0817452073097229,0.13686034083366394,-0.9843336343765259
3.1502560999942943,0.09629566222429276,2.55570912361145,0.9506515264511108,0.07282206416130066,-0.08287620544433594,0.14003896713256836,-0.9839805364608765
3.1551888000103645,0.0966298058629036,2.555845260620117,0.9505956172943115,0.07223404943943024,-0.0836724191904068,0.14100946485996246,-0.9838178157806396
3.1588541000382975,0.09693663567304611,2.556004524230957,0.9505173563957214,0.07117956131696701,-0.08436144143342972,0.14186684787273407,-0.9837125539779663
3.1630031000240706,0.09722814708948135,2.556208610534668,0.9504761695861816,0.06838119775056839,-0.0851970762014389,0.1444714218378067,-0.9834599494934082
3.16679839999415,0.0973769873380661,2.55633544921875,0.9504799842834473,0.0677066296339035,-0.08571317791938782,0.1450364589691162,-0.9833785891532898
3.171169600042049,0.09746120870113373,2.5565006732940674,0.950516939163208,0.06793038547039032,-0.0864935889840126,0.14495989680290222,-0.9833061099052429
3.1753048000391573,0.09747499227523804,2.5567424297332764,0.9507442116737366,0.06839703768491745,-0.08745710551738739,0.144725039601326,-0.9832231402397156
3.1792811999912374,0.09741468727588654,2.5568699836730957,0.9508359432220459,0.06798820942640305,-0.08780471980571747,0.14392141997814178,-0.983338475227356
3.183552000031341,0.09727098792791367,2.5569846630096436,0.9509361982345581,0.06674863398075104,-0.08802099525928497,0.14238713681697845,-0.9836273789405823
3.187673900043592,0.09692059457302094,2.557192802429199,0.9510483145713806,0.06618891656398773,-0.08893811702728271,0.14064744114875793,-0.9838330149650574
3.1919314000406303,0.09658797830343246,2.5571346282958984,0.9511886239051819,0.06801441311836243,-0.08924954384565353,0.13671919703483582,-0.9842340350151062
3.1960976000409573,0.09617344290018082,2.557201385498047,0.9513664841651917,0.0673510953783989,-0.08927346020936966,0.13508649170398712,-0.9845027923583984
3.20036350004375,0.0956152006983757,2.5571279525756836,0.9513875246047974,0.0673636719584465,-0.08855760097503662,0.131638303399086,-0.9850336313247681
3.2045011000009254,0.09504100680351257,2.557281494140625,0.9516952633857727,0.06501641124486923,-0.08912437409162521,0.1307573765516281,-0.9852574467658997
3.2084479000186548,0.09435699135065079,2.5573980808258057,0.9519760012626648,0.06469565629959106,-0.08950734883546829,0.12699684500694275,-0.9857356548309326
3.2127511000144295,0.0935138463973999,2.55771541595459,0.9523688554763794,0.06095264106988907,-0.08882016688585281,0.12581676244735718,-0.9861875176429749
3.2184026000322774,0.09264010936021805,2.5578970909118652,0.9526842832565308,0.06043451279401779,-0.0891679972410202,0.1222187876701355,-0.9866405129432678
3.2221721000387333,0.09171292185783386,2.557835578918457,0.9530264735221863,0.059861920773983,-0.08901587873697281,0.1174372211098671,-0.9872695803642273
3.227057100040838,0.09068363159894943,2.558013916015625,0.9534801244735718,0.05797477066516876,-0.08949767053127289,0.1147032231092453,-0.9876600503921509
3.2311993000330403,0.08966397494077682,2.558150053024292,0.9537901282310486,0.05630644038319588,-0.08908262103796005,0.1118253767490387,-0.9881240129470825
3.236198000027798,0.08858553320169449,2.5581071376800537,0.9539596438407898,0.05764488875865936,-0.0887920930981636,0.10598070174455643,-0.9887169003486633
3.239953400043305,0.08745120465755463,2.5582973957061768,0.9542599320411682,0.05579280108213425,-0.0895460769534111,0.1035488173365593,-0.9890128374099731
3.2436541999923065,0.08626117557287216,2.558478832244873,0.9546504616737366,0.05230213329195976,-0.08894821256399155,0.10084598511457443,-0.989536702632904
3.247766299988143,0.08513310551643372,2.5584206581115723,0.9546054601669312,0.0515914186835289,-0.08954018354415894,0.09690538048744202,-0.9899142980575562
3.2520554999937303,0.0838935524225235,2.558154582977295,0.9546098709106445,0.05014688894152641,-0.0897846519947052,0.09526154398918152,-0.9901258945465088
3.2560602000448853,0.08279229700565338,2.5582947731018066,0.9549025893211365,0.04912151023745537,-0.08970962464809418,0.09244029968976974,-0.9904515147209167
3.2603205000050366,0.0817185565829277,2.5583291053771973,0.9551891684532166,0.04746607691049576,-0.08956854045391083,0.08882542699575424,-0.9908756613731384
3.264639000000898,0.08058001101016998,2.558331251144409,0.9553423523902893,0.0479518361389637,-0.08955467492341995,0.0836343839764595,-0.9913051724433899
3.2695963000296615,0.07937249541282654,2.5584843158721924,0.9556254148483276,0.04580015316605568,-0.08920983225107193,0.08184245973825455,-0.9915875196456909
3.275012700003572,0.07721886038780212,2.558521032333374,0.956173300743103,0.042961765080690384,-0.08809066563844681,0.07545197755098343,-0.992321252822876
3.2794093000120483,0.0759882926940918,2.5583150386810303,0.9561436772346497,0.043091099709272385,-0.08692983537912369,0.06987882405519485,-0.992825984954834
3.28346370003419,0.07487715780735016,2.558262825012207,0.9563935995101929,0.043263062834739685,-0.0869474709033966,0.06599044799804688,-0.9930829405784607
3.287614200031385,0.07383307069540024,2.558194637298584,0.9565620422363281,0.04373583570122719,-0.08702068775892258,0.06319286674261093,-0.9932377934455872
3.291659999988042,0.07279072701931,2.557973623275757,0.9565664529800415,0.04341790825128555,-0.08694612234830856,0.06009728088974953,-0.9934503436088562
3.2960304000298493,0.07178576290607452,2.5579421520233154,0.956608772277832,0.04226011410355568,-0.08724571764469147,0.05898140370845795,-0.99354088306427
3.3002669000416063,0.07070552557706833,2.5579745769500732,0.9566783905029297,0.04143913835287094,-0.08671392500400543,0.056277595460414886,-0.9937788248062134
3.304264900041744,0.06962117552757263,2.557760238647461,0.9565982818603516,0.03950795903801918,-0.08593129366636276,0.052660614252090454,-0.994123637676239
3.3089688000036404,0.06858395040035248,2.5576171875,0.9565622806549072,0.04143688082695007,-0.08496405184268951,0.0481601357460022,-0.9943564534187317
3.3147147000418045,0.06760220974683762,2.5575835704803467,0.9565762877464294,0.04137929156422615,-0.08521445840597153,0.045222558081150055,-0.9944753050804138
3.321945300034713,0.06553540378808975,2.5572738647460938,0.956400454044342,0.042010415345430374,-0.08436743170022964,0.03906808793544769,-0.9947819113731384
3.3268302000360563,0.06453996151685715,2.556960344314575,0.956340491771698,0.03981855511665344,-0.08418264985084534,0.0375063493847847,-0.9949477910995483
3.3305458000395447,0.06351803243160248,2.5567033290863037,0.9563355445861816,0.0405137799680233,-0.08367414027452469,0.03357608988881111,-0.9951030611991882
3.3343564000097103,0.06351803243160248,2.5567033290863037,0.9563355445861816,0.0405137799680233,-0.08367414027452469,0.03357608988881111,-0.9951030611991882
3.33875460003037,0.06249347701668739,2.5565383434295654,0.9563387632369995,0.03983590379357338,-0.08278366178274155,0.03097195364534855,-0.9952893257141113
3.3429658000241034,0.060376763343811035,2.5560669898986816,0.9566003084182739,0.03836901858448982,-0.08288867026567459,0.024873964488506317,-0.9955092668533325
3.3467912999913096,0.05935588479042053,2.5555756092071533,0.956503689289093,0.038103677332401276,-0.0830463394522667,0.020978517830371857,-0.9955959916114807
3.351272300002165,0.05819598212838173,2.5550918579101562,0.9564000368118286,0.03689144179224968,-0.08256649225950241,0.01924186572432518,-0.9957165718078613
3.3547267999965698,0.057064056396484375,2.5546016693115234,0.9563445448875427,0.03707496449351311,-0.08295397460460663,0.014083902351558208,-0.9957639575004578
3.358722300035879,0.055921901017427444,2.554171085357666,0.9565658569335938,0.036950960755348206,-0.0826549232006073,0.009744356386363506,-0.9958452582359314
3.363488500006497,0.05473336577415466,2.55363392829895,0.956506073474884,0.03751233220100403,-0.08205801993608475,0.006579997483640909,-0.9958996772766113
3.3670054000103846,0.05364369601011276,2.5530948638916016,0.9565507173538208,0.03628560155630112,-0.08235110342502594,0.0034939583856612444,-0.9959364533424377
3.371635099989362,0.05236192047595978,2.5525317192077637,0.9567211270332336,0.03450170159339905,-0.08210963010787964,-0.0007299549761228263,-0.9960257411003113
3.3778167000273243,0.0510602742433548,2.551802158355713,0.9566274285316467,0.035606902092695236,-0.08174238353967667,-0.005758295767009258,-0.9960006475448608
3.3837849000119604,0.0488322414457798,2.5506136417388916,0.9567623138427734,0.03353486210107803,-0.08090125024318695,-0.01274521928280592,-0.9960763454437256
3.3877918000216596,0.047455739229917526,2.5499770641326904,0.9569259285926819,0.03208635747432709,-0.07996517419815063,-0.016506806015968323,-0.9961443543434143
3.3919328000047244,0.04620564728975296,2.549285888671875,0.9570502638816833,0.03263312205672264,-0.07938364148139954,-0.020555300638079643,-0.9960978627204895
3.396303199988324,0.045212723314762115,2.5484843254089355,0.9568963646888733,0.03199930116534233,-0.07942824810743332,-0.02333684451878071,-0.9960535168647766
3.3999765000189655,0.045212723314762115,2.5484843254089355,0.9568963646888733,0.03199930116534233,-0.07942824810743332,-0.02333684451878071,-0.9960535168647766
3.404779300035443,0.042740438133478165,2.5471291542053223,0.9570611715316772,0.031965531408786774,-0.07942798733711243,-0.029508467763662338,-0.9958909749984741
3.408470500027761,0.041640039533376694,2.5463340282440186,0.9570602178573608,0.029526108875870705,-0.07758873701095581,-0.030850566923618317,-0.9960705637931824
3.412794000003487,0.040676675736904144,2.545703887939453,0.9572204947471619,0.027579719200730324,-0.07759428769350052,-0.032159775495529175,-0.9960845112800598
3.416832600021735,0.03955559805035591,2.5449042320251465,0.9572828412055969,0.030096380040049553,-0.07630893588066101,-0.03758164122700691,-0.9959211349487305
3.4210212000180036,0.0385982021689415,2.544128894805908,0.9571808576583862,0.029467258602380753,-0.0763896256685257,-0.038224007934331894,-0.9959093332290649
3.425156400015112,0.037651851773262024,2.5434377193450928,0.9571390151977539,0.029077040031552315,-0.0755695253610611,-0.03959396108984947,-0.9959298372268677
3.4292786000296474,0.03660542517900467,2.542617082595825,0.9571465849876404,0.02580307424068451,-0.07534725219011307,-0.039855699986219406,-0.9960263967514038
3.4337602000450715,0.03566686436533928,2.5418620109558105,0.9572073221206665,0.025591952726244926,-0.07631707936525345,-0.040958959609270096,-0.9959132671356201
3.4376077000051737,0.03466401994228363,2.5411388874053955,0.9572345614433289,0.02644929848611355,-0.07436519116163254,-0.04265541583299637,-0.9959672689437866
3.4418830000213347,0.033812880516052246,2.5404229164123535,0.9569801688194275,0.02715696394443512,-0.07422927021980286,-0.04431673139333725,-0.9958858489990234
3.446188800036907,0.03286123275756836,2.5396947860717773,0.9568985104560852,0.02792101725935936,-0.07337171584367752,-0.045977283269166946,-0.9958529472351074
3.4501003000186756,0.031845975667238235,2.5390143394470215,0.9570903182029724,0.025204621255397797,-0.0728103518486023,-0.04603320360183716,-0.9959640502929688
3.454347199993208,0.030941516160964966,2.538302183151245,0.9569668173789978,0.026405146345496178,-0.072313591837883,-0.04732559248805046,-0.9959085583686829
3.4583820000407286,0.030137471854686737,2.537607431411743,0.9567148089408875,0.025910168886184692,-0.0733623281121254,-0.04522157460451126,-0.9959426522254944
3.4627851000404917,0.02920941635966301,2.536881685256958,0.9565085172653198,0.02689630724489689,-0.071602962911129,-0.047195788472890854,-0.9959529638290405
3.4669256000197493,0.02826101705431938,2.5362277030944824,0.9564055800437927,0.027005890384316444,-0.0701683834195137,-0.049019258469343185,-0.9959639310836792
3.4709321000264026,0.027232546359300613,2.535517930984497,0.9565625786781311,0.025989331305027008,-0.06873652338981628,-0.04992510378360748,-0.9960458278656006
3.4751639000023715,0.02636566013097763,2.534916877746582,0.9564293026924133,0.026072019711136818,-0.06875748187303543,-0.05011020600795746,-0.9960330128669739
3.4796939000370912,0.025383859872817993,2.534257650375366,0.9563284516334534,0.026236198842525482,-0.06800903379917145,-0.049934595823287964,-0.9960888624191284
3.484430300013628,0.024470627307891846,2.5334205627441406,0.9558577537536621,0.027588743716478348,-0.06755324453115463,-0.05143880099058151,-0.9960067868232727
3.4886143000330776,0.023537371307611465,2.5329132080078125,0.9557931423187256,0.02547108568251133,-0.06660529971122742,-0.049476366490125656,-0.99622642993927
3.4921125000109896,0.022533413022756577,2.532268762588501,0.9558212757110596,0.026073453947901726,-0.0645616352558136,-0.05053222179412842,-0.9962924122810364
3.4962862000102177,0.021608350798487663,2.531740665435791,0.9558234214782715,0.025451401248574257,-0.0646851509809494,-0.05122937634587288,-0.9962648749351501
3.500211200036574,0.020635856315493584,2.531097888946533,0.9555708765983582,0.024810127913951874,-0.06417207419872284,-0.050526440143585205,-0.9963500499725342
3.50443000002997,0.0196764525026083,2.5304040908813477,0.9551953673362732,0.026460804045200348,-0.061680953949689865,-0.05283094570040703,-0.9963454604148865
3.5089208999997936,0.018655791878700256,2.529873847961426,0.955052375793457,0.02610999345779419,-0.06214451417326927,-0.05113484710454941,-0.9964144229888916
3.512829300016165,0.017608623951673508,2.5294110774993896,0.955184280872345,0.025342358276247978,-0.061276137828826904,-0.04949508234858513,-0.9965707659721375
3.516314800013788,0.017608623951673508,2.5294110774993896,0.955184280872345,0.025342358276247978,-0.061276137828826904,-0.04949508234858513,-0.9965707659721375
3.521181699994486,0.015741312876343727,2.5284178256988525,0.9547555446624756,0.024089697748422623,-0.06035183370113373,-0.04697035998106003,-0.9967803955078125
3.5254126000218093,0.014725176617503166,2.5278520584106445,0.9545353651046753,0.025141341611742973,-0.057829856872558594,-0.04801182821393013,-0.9968543648719788
3.529463400016539,0.013828851282596588,2.527411937713623,0.9544819593429565,0.025410350412130356,-0.05652938038110733,-0.04801848158240318,-0.996921718120575
3.533455500029959,0.012899952009320259,2.5268876552581787,0.9543302059173584,0.024233780801296234,-0.05757395923137665,-0.044671930372714996,-0.9970468282699585
3.537860400043428,0.012069892138242722,2.526439666748047,0.9541207551956177,0.024988824501633644,-0.05637099966406822,-0.04501582682132721,-0.9970815181732178
3.5417942000203766,0.011239740066230297,2.526015043258667,0.9537502527236938,0.024713942781090736,-0.05542073771357536,-0.04290267452597618,-0.9972348213195801
3.5465851000044495,0.0104427020996809,2.525634765625,0.953445553779602,0.0269134733825922,-0.05371098592877388,-0.04258774593472481,-0.9972848892211914
3.5515883000334725,0.00969979353249073,2.5254149436950684,0.9532603025436401,0.027939727529883385,-0.05273011326789856,-0.04095112532377243,-0.9973775744438171
3.5551464000018314,0.008946264162659645,2.5251989364624023,0.9530536532402039,0.02839115634560585,-0.050873033702373505,-0.03876999393105507,-0.9975484609603882
3.5590932000195608,0.008178574033081532,2.5248665809631348,0.9525253772735596,0.02749401517212391,-0.05026331916451454,-0.03567248955368996,-0.9977200031280518
3.5628779000253417,0.00744083384051919,2.524629831314087,0.952132523059845,0.026759667322039604,-0.04955774545669556,-0.029776539653539658,-0.9979686141014099
3.5668984000221826,0.006753772497177124,2.524505376815796,0.9516045451164246,0.028603022918105125,-0.04886510595679283,-0.028456946834921837,-0.9979901313781738
3.5712871000287123,0.005957406014204025,2.524481773376465,0.9512232542037964,0.028624026104807854,-0.0477880984544754,-0.026019282639026642,-0.9981082081794739
3.5760809000348672,0.00506056472659111,2.5242931842803955,0.9508975744247437,0.02827715314924717,-0.04664809629321098,-0.02352100983262062,-0.9982340335845947
3.579632400011178,0.00426136190071702,2.5241923332214355,0.9506761431694031,0.0286581851541996,-0.04528634622693062,-0.021741436794400215,-0.9983262419700623
3.5834642000263557,0.003461846150457859,2.524054527282715,0.9503914713859558,0.029496580362319946,-0.04486851394176483,-0.020100656896829605,-0.9983550310134888
3.587896200013347,0.0024774447083473206,2.523864269256592,0.9499183893203735,0.03194492682814598,-0.04391573742032051,-0.018483320251107216,-0.9983533024787903
3.591975299990736,0.0013187759323045611,2.523793935775757,0.9496524333953857,0.029948174953460693,-0.04294214025139809,-0.014481027610599995,-0.9985235929489136
3.5959556000307202,0.00034201331436634064,2.523749351501465,0.9494300484657288,0.029780475422739983,-0.04173474386334419,-0.013113683089613914,-0.9985986948013306
3.6003449000418186,-0.0005506435409188271,2.5237016677856445,0.9490475058555603,0.02960309572517872,-0.04152695834636688,-0.011905335821211338,-0.998627781867981
3.6045289000030607,-0.001608830876648426,2.5236427783966064,0.9485551714897156,0.0325765423476696,-0.039639074355363846,-0.01366645097732544,-0.9985894560813904
3.6089228999917395,-0.0029127488378435373,2.5235204696655273,0.9481884837150574,0.03257378935813904,-0.03854035958647728,-0.01256311871111393,-0.9986469745635986
3.612851000041701,-0.0040532262064516544,2.5236735343933105,0.9479811787605286,0.03010849468410015,-0.03788527473807335,-0.010511121712625027,-0.9987731575965881
3.616822800016962,-0.005327785387635231,2.5236945152282715,0.9476072788238525,0.032071810215711594,-0.036654312163591385,-0.011861084029078484,-0.9987427592277527
3.6221073000342585,-0.006614858750253916,2.523632526397705,0.9472217559814453,0.03372279927134514,-0.0350152924656868,-0.013606082648038864,-0.9987250566482544
3.6257060000207275,-0.007897453382611275,2.5237627029418945,0.9468657374382019,0.03330094367265701,-0.03429008275270462,-0.014039499685168266,-0.9987583160400391
3.6294011000427417,-0.00927435141056776,2.523845672607422,0.946537971496582,0.03186371177434921,-0.03459975868463516,-0.01201948057860136,-0.9988208413124084
3.633710800029803,-0.010602686554193497,2.5238640308380127,0.9460002779960632,0.03251612186431885,-0.03186749666929245,-0.01433483511209488,-0.998860239982605
3.637644000002183,-0.011910494416952133,2.5241012573242188,0.9457120895385742,0.033660028129816055,-0.030324188992381096,-0.015251051634550095,-0.9988568425178528
3.642189000034705,-0.01317925937473774,2.5243265628814697,0.9453374147415161,0.035085469484329224,-0.030305316671729088,-0.01713794842362404,-0.9987776875495911
3.6461611000122502,-0.014548206701874733,2.5244665145874023,0.944717288017273,0.031452860683202744,-0.029987607151269913,-0.013710865750908852,-0.9989612102508545
3.6502319000428542,-0.015876535326242447,2.5246496200561523,0.944385290145874,0.03473997116088867,-0.02799347974359989,-0.01553324330598116,-0.9988835453987122
3.6543252000119537,-0.017104795202612877,2.5249264240264893,0.9440013766288757,0.03557275980710983,-0.027294069528579712,-0.017686229199171066,-0.9988377690315247
3.66235699999379,-0.019568923860788345,2.5253050327301025,0.9428119659423828,0.0352858267724514,-0.02562219649553299,-0.015890246257185936,-0.9989224672317505
3.6667917000013404,-0.020607415586709976,2.52558970451355,0.9423816800117493,0.03553128242492676,-0.024358103051781654,-0.0162946954369545,-0.9989388585090637
3.6710486999945715,-0.021738458424806595,2.5259649753570557,0.9419158101081848,0.03595653176307678,-0.02283531241118908,-0.016757793724536896,-0.9989519119262695
3.675385400012601,-0.02289411425590515,2.526306629180908,0.9413902759552002,0.035532765090465546,-0.021021468564867973,-0.01588338613510132,-0.9990211725234985
3.679449899995234,-0.02376742660999298,2.526568651199341,0.9405949711799622,0.03793172538280487,-0.022084826603531837,-0.015975717455148697,-0.998908519744873
3.684309500036761,-0.024768881499767303,2.526965379714966,0.9401273131370544,0.038663022220134735,-0.020076127722859383,-0.015140648931264877,-0.9989359378814697
3.6878701000241563,-0.025789428502321243,2.527463436126709,0.9396069645881653,0.038167309015989304,-0.017954202368855476,-0.014276811853051186,-0.9990081191062927
3.691897400014568,-0.026669761165976524,2.52797794342041,0.9391171336174011,0.03720761835575104,-0.017268016934394836,-0.01270983461290598,-0.9990774989128113
3.696310000028461,-0.027408286929130554,2.528353214263916,0.9383643269538879,0.03968789801001549,-0.015391274355351925,-0.013213946484029293,-0.9990062117576599
3.700342099997215,-0.02816539630293846,2.528831958770752,0.9376370906829834,0.03955160081386566,-0.01612643525004387,-0.009440881200134754,-0.9990428686141968
3.704749600030482,-0.029006579890847206,2.529327630996704,0.9371067881584167,0.039004385471343994,-0.014149608090519905,-0.0064643677324056625,-0.9991179704666138
3.7085565000306815,-0.029612939804792404,2.530007839202881,0.9365765452384949,0.040233027189970016,-0.012744609266519547,-0.004466466140002012,-0.9990991353988647
3.7127734000096098,-0.030024735257029533,2.5304653644561768,0.9356957674026489,0.04187510907649994,-0.010726705193519592,-0.0038836763706058264,-0.9990577697753906
3.717054900014773,-0.030501533299684525,2.531123638153076,0.9350501298904419,0.042080264538526535,-0.009571490809321404,-0.001012929598800838,-0.9990678429603577
3.720920899999328,-0.030941128730773926,2.5317699909210205,0.9343405365943909,0.041328903287649155,-0.007667891681194305,0.002861248329281807,-0.999112069606781
3.7251988000352867,-0.03110276721417904,2.532468318939209,0.9337093830108643,0.041421230882406235,-0.007244484033435583,0.00717359222471714,-0.999089777469635
3.729651100002229,-0.03136902675032616,2.5331127643585205,0.9327976107597351,0.043297454714775085,-0.006306427530944347,0.011894102208316326,-0.9989715218544006
3.7335938999895006,-0.031691282987594604,2.533780813217163,0.9323235750198364,0.043362949043512344,-0.005096070934087038,0.015741001814603806,-0.9989224076271057
3.737687300017569,-0.031670112162828445,2.534550189971924,0.9312497973442078,0.04249799996614456,-0.0037804951425641775,0.018172737210989,-0.9989241361618042
3.7419182000448927,-0.03162943944334984,2.535344362258911,0.9304496645927429,0.04546544700860977,-0.0022183333057910204,0.021708479151129723,-0.9987276196479797
3.7462106000166386,-0.03155903145670891,2.5361099243164062,0.9297462105751038,0.04758059233427048,-0.0017820845823734999,0.024992022663354874,-0.9985530972480774
3.7521692999871448,-0.03145464137196541,2.536928176879883,0.9290367364883423,0.048191796988248825,-0.0004218511166982353,0.029532024636864662,-0.9984013438224792
3.7560477000079118,-0.031388744711875916,2.5376274585723877,0.9283265471458435,0.04822515323758125,0.0002582827873993665,0.033936504274606705,-0.9982597827911377
3.7597272000275552,-0.031388744711875916,2.5376274585723877,0.9283265471458435,0.04822515323758125,0.0002582827873993665,0.033936504274606705,-0.9982597827911377
3.7645889000268653,-0.03125560283660889,2.5385067462921143,0.9274718761444092,0.04977240785956383,0.0009369203471578658,0.03871963545680046,-0.998009443283081
3.76885220000986,-0.030925828963518143,2.539743423461914,0.9257850050926208,0.04917528107762337,0.0019841135945171118,0.04881943762302399,-0.9975943565368652
3.773107999993954,-0.030779749155044556,2.540459632873535,0.9249284267425537,0.05388916656374931,0.0032420356292277575,0.05007472634315491,-0.9972853660583496
3.776898899988737,-0.0305266622453928,2.5412304401397705,0.9241429567337036,0.052279628813266754,0.004207291174679995,0.0550449937582016,-0.9971054196357727
3.7807370999944396,-0.030390555039048195,2.5420868396759033,0.9235785007476807,0.0547727532684803,0.005547633394598961,0.05716319754719734,-0.9968458414077759
3.7841672000358813,-0.030243046581745148,2.5427944660186768,0.922846794128418,0.056117475032806396,0.006246096454560757,0.05994663015007973,-0.9966033101081848
3.78874430002179,-0.029944749549031258,2.5433638095855713,0.9220150113105774,0.056121792644262314,0.0069412775337696075,0.06298588961362839,-0.9964110851287842
3.7921968000009656,-0.02977503091096878,2.5440425872802734,0.9213854670524597,0.05670952424407005,0.007785395253449678,0.06632078438997269,-0.9961551427841187
3.7960788999916986,-0.02962183952331543,2.5446650981903076,0.9205966591835022,0.05685391649603844,0.008686796762049198,0.06840340048074722,-0.9959986209869385
3.800195400021039,-0.02945351041853428,2.5454256534576416,0.9198234677314758,0.0566030889749527,0.009145811200141907,0.07218542695045471,-0.9957418441772461
3.8043051999993622,-0.029265379533171654,2.5459723472595215,0.9191387891769409,0.05674915760755539,0.009759667329490185,0.07448803633451462,-0.9955580830574036
3.808677599998191,-0.02909298986196518,2.546736478805542,0.9186611175537109,0.05802825093269348,0.010026597417891026,0.07440647482872009,-0.9954877495765686
3.8126303000026383,-0.028904564678668976,2.5472002029418945,0.9177170991897583,0.05981411412358284,0.009585815481841564,0.0768163651227951,-0.9952033758163452
3.817212100024335,-0.028774544596672058,2.5478439331054688,0.9170863628387451,0.060969315469264984,0.010113582946360111,0.07780411839485168,-0.9950513243675232
3.8212728000362404,-0.028585495427250862,2.5484073162078857,0.9166096448898315,0.06298927217721939,0.010413836687803268,0.07785122096538544,-0.9949186444282532
3.8253240000340156,-0.02831164002418518,2.5489702224731445,0.9160090088844299,0.06280697882175446,0.010978840291500092,0.0790492370724678,-0.9948295950889587
3.829610800021328,-0.02825920470058918,2.5495805740356445,0.9154921174049377,0.061921410262584686,0.011596029624342918,0.08100965619087219,-0.994720458984375
3.83355640002992,-0.028052298352122307,2.55008864402771,0.9150038361549377,0.06068560853600502,0.011793085373938084,0.08297819644212723,-0.9946320652961731
3.838012600026559,-0.02783583104610443,2.5506458282470703,0.914505660533905,0.06071055680513382,0.012786935083568096,0.08364271372556686,-0.994562566280365
3.8419781000120565,-0.02752530947327614,2.5511393547058105,0.9137542247772217,0.062108155339956284,0.012681936845183372,0.08363833278417587,-0.9944779872894287
3.846002500038594,-0.02720596082508564,2.5517313480377197,0.9131990671157837,0.06234052777290344,0.012571833096444607,0.0849958062171936,-0.9943497180938721
3.850493000005372,-0.026984764263033867,2.5521323680877686,0.9127232432365417,0.06257373094558716,0.012929704040288925,0.08544893562793732,-0.9942916631698608
3.8549666000180878,-0.026676081120967865,2.55263614654541,0.9121968150138855,0.061825063079595566,0.013069619424641132,0.08619760721921921,-0.994271993637085
3.858640299993567,-0.026225503534078598,2.553061008453369,0.911701500415802,0.06295999139547348,0.012857911176979542,0.08657222241163254,-0.9941709637641907
3.862927500042133,-0.025813233107328415,2.553473949432373,0.9111643433570862,0.06445205211639404,0.012800419703125954,0.08673271536827087,-0.9940621852874756
3.86687950004125,-0.025373762473464012,2.553879976272583,0.9107869863510132,0.0648178905248642,0.013826434500515461,0.08581915497779846,-0.9941039681434631
3.8712523000431247,-0.024996882304549217,2.5542330741882324,0.910400390625,0.06346603482961655,0.013238759711384773,0.08769355714321136,-0.994035542011261
3.8757622000412084,-0.024456501007080078,2.5545318126678467,0.9099271297454834,0.06337284296751022,0.012701201252639294,0.08878595381975174,-0.9939515590667725
3.8795039000106044,-0.023943644016981125,2.5548837184906006,0.9095667600631714,0.06372854113578796,0.012274201959371567,0.09007950872182846,-0.9938177466392517
3.883741900033783,-0.02346234768629074,2.555063247680664,0.9091779589653015,0.06364250928163528,0.012843943201005459,0.09069793671369553,-0.99375981092453
3.887592700019013,-0.02295181341469288,2.5552937984466553,0.9088245034217834,0.06439460813999176,0.013466797769069672,0.09130743891000748,-0.9936472773551941
3.8918268000124954,-0.022419465705752373,2.5555191040039062,0.9085349440574646,0.06362905353307724,0.013728379271924496,0.09247953444719315,-0.9935846924781799
3.8964965000050142,-0.021842464804649353,2.555793285369873,0.9081850647926331,0.062468770891427994,0.013265821151435375,0.0940333902835846,-0.9935187101364136
3.900215300032869,-0.021121785044670105,2.5559895038604736,0.9079539775848389,0.06213831901550293,0.013264692388474941,0.09403795003890991,-0.993539035320282
3.9044702000101097,-0.02052728831768036,2.5561461448669434,0.9076119065284729,0.060814984142780304,0.013385172002017498,0.09576939046382904,-0.9934539198875427
3.908461300015915,-0.019998356699943542,2.5562148094177246,0.9071648120880127,0.060722265392541885,0.01346041914075613,0.09613228589296341,-0.9934234619140625
3.912858600029722,-0.019426029175519943,2.5563876628875732,0.9068899154663086,0.061368077993392944,0.013608126901090145,0.09658035635948181,-0.9933383464813232
3.9167903999914415,-0.01886533387005329,2.556455373764038,0.9066390991210938,0.060547906905412674,0.013610775582492352,0.097353994846344,-0.9933131337165833
3.9209991000243463,-0.01818116009235382,2.556527853012085,0.9062936305999756,0.060312844812870026,0.013402783311903477,0.09841542690992355,-0.993225634098053
3.925417600024957,-0.017543118447065353,2.5565438270568848,0.9060132503509521,0.05986252427101135,0.01299534272402525,0.0985591858625412,-0.9932439923286438
3.929302600037772,-0.016976797953248024,2.5565719604492188,0.905971884727478,0.059845540672540665,0.012552549131214619,0.0991496592760086,-0.9931920170783997
3.934448899992276,-0.01625135913491249,2.556537389755249,0.905748724937439,0.05730728432536125,0.012355524115264416,0.10076560825109482,-0.993181586265564
3.938818800030276,-0.015583539381623268,2.5564258098602295,0.9056196212768555,0.05610135197639465,0.012205973267555237,0.10102115571498871,-0.9932262301445007
3.9426697000162676,-0.014944035559892654,2.5563154220581055,0.9054908752441406,0.0557611882686615,0.012126287445425987,0.10082079470157623,-0.9932668209075928
3.9470113000134006,-0.014261800795793533,2.5562024116516113,0.9053871035575867,0.054810572415590286,0.011780201457440853,0.10103408992290497,-0.9933022260665894
3.9505477999919094,-0.013547476381063461,2.55603289604187,0.9052680134773254,0.054873257875442505,0.011869973503053188,0.10101652145385742,-0.9932994842529297
3.954534100019373,-0.012999589554965496,2.5560522079467773,0.9053651690483093,0.05109794810414314,0.01182601135224104,0.10359498113393784,-0.9932357668876648
3.959432600007858,-0.012330546975135803,2.5558359622955322,0.905158519744873,0.04940889775753021,0.011092144064605236,0.10369458049535751,-0.9933193325996399
3.963937500026077,-0.011611944995820522,2.5556910037994385,0.905225932598114,0.04731354862451553,0.01215687021613121,0.1023445799946785,-0.9935488104820251
3.9681038000271656,-0.010975955054163933,2.555487632751465,0.9052067399024963,0.04531748220324516,0.013021344318985939,0.10316196084022522,-0.9935463666915894
3.9717807000270113,-0.010406354442238808,2.555363655090332,0.9052304029464722,0.04451994597911835,0.01366252452135086,0.10166794806718826,-0.9937278628349304
3.9770490000373684,-0.009788050316274166,2.5550456047058105,0.9051651954650879,0.04294145852327347,0.013135859742760658,0.10093239694833755,-0.9938793778419495
3.981290000025183,-0.009257631376385689,2.554734706878662,0.9051818251609802,0.0411231592297554,0.013043908402323723,0.10052160918712616,-0.9939990639686584
3.9851936000050046,-0.008686807937920094,2.5541598796844482,0.9051496982574463,0.038308463990688324,0.01263313926756382,0.09977339208126068,-0.9941921830177307
3.9896186999976635,-0.008120867423713207,2.553847074508667,0.9051133394241333,0.03708132356405258,0.01241402979940176,0.09929009526968002,-0.9942898750305176
3.993501399992965,-0.0075863734818995,2.5535244941711426,0.9050927758216858,0.036081645637750626,0.0121702179312706,0.09846257418394089,-0.9944120049476624
3.997768300003372,-0.007030235603451729,2.55320143699646,0.9052238464355469,0.03512071445584297,0.011877990327775478,0.09846536815166473,-0.9944496154785156
4.002197800029535,-0.006576258689165115,2.5527143478393555,0.905204176902771,0.033776603639125824,0.011001232080161572,0.09733101725578308,-0.9946178793907166
4.006052200042177,-0.006120376754552126,2.5523576736450195,0.9052602648735046,0.032183874398469925,0.01017697248607874,0.0971488207578659,-0.9946973323822021
4.010363300039899,-0.005639748182147741,2.5520236492156982,0.9053685069084167,0.03032049536705017,0.00962669774889946,0.09771011769771576,-0.9947063326835632
4.014382500026841,-0.005234560929238796,2.5516443252563477,0.9054397940635681,0.029324879869818687,0.009979767724871635,0.09707019478082657,-0.9947953820228577
4.018658799992409,-0.00481865368783474,2.5510659217834473,0.9053155183792114,0.0253108162432909,0.008933018893003464,0.0975937694311142,-0.9948644042015076
4.0232383999973536,-0.004390345420688391,2.550579786300659,0.9052531123161316,0.02328236773610115,0.00794395711272955,0.09778572618961334,-0.9949034452438354
4.026830599992536,-0.0039979927241802216,2.5502662658691406,0.9053760766983032,0.02146194875240326,0.00908292829990387,0.09734707325696945,-0.994977593421936
4.032167800003663,-0.003561263671144843,2.549872398376465,0.9052145481109619,0.021719325333833694,0.008733932860195637,0.09586140513420105,-0.9951193928718567
4.037970100005623,-0.002669026143848896,2.5488502979278564,0.9050132036209106,0.021051960065960884,0.007950679399073124,0.09228843450546265,-0.9954779744148254
4.041864200029522,-0.0023587513715028763,2.54841685295105,0.90500807762146,0.020009659230709076,0.007555623073130846,0.09140624105930328,-0.9955839514732361
4.046131700044498,-0.001992233097553253,2.548017978668213,0.9049617648124695,0.019536364823579788,0.007354741916060448,0.09040918201208115,-0.9956859350204468
4.051820799999405,-0.001737174578011036,2.5475568771362305,0.9048930406570435,0.017958251759409904,0.007197535131126642,0.08971679955720901,-0.9957793951034546
4.056091200036462,-0.001404368318617344,2.5470714569091797,0.9048124551773071,0.016200626268982887,0.006652677897363901,0.08986900001764297,-0.9957996010780334
4.060303200036287,-0.001149582676589489,2.546630620956421,0.9047088027000427,0.015849027782678604,0.005882376339286566,0.08848794549703598,-0.9959338307380676
4.064656800008379,-0.00090794637799263,2.54616117477417,0.9046267867088318,0.016739990562200546,0.005649751517921686,0.08651858568191528,-0.9960936307907104
4.068897499993909,-0.0006743557751178741,2.5456910133361816,0.9045235514640808,0.017779424786567688,0.00568209495395422,0.08443969488143921,-0.9962538480758667
4.073093399987556,-0.0005754879675805569,2.5452229976654053,0.904418408870697,0.017722031101584435,0.004867522045969963,0.08449491113424301,-0.9962544441223145
4.0771198000293225,-0.0003748927265405655,2.5448124408721924,0.9042157530784607,0.018265251070261,0.003934870008379221,0.0829806700348854,-0.9963760375976562
4.0812651999876834,-0.00019237957894802094,2.544370174407959,0.9041118621826172,0.01701425202190876,0.0034219087101519108,0.0820724219083786,-0.9964752793312073
4.085846200003289,-4.366878420114517e-05,2.5440053939819336,0.9040518403053284,0.01638740673661232,0.0030749370343983173,0.08153823018074036,-0.9965308308601379
4.089403100020718,0.00016937125474214554,2.543694019317627,0.9040074944496155,0.01583143137395382,0.002259353408589959,0.08102287352085114,-0.9965839385986328
4.0936715000425465,0.0003655932378023863,2.543236017227173,0.9039183855056763,0.01415929850190878,0.0021997501607984304,0.08044210076332092,-0.9966562390327454
4.098894399998244,0.0005927829770371318,2.5428199768066406,0.9037955403327942,0.014016595669090748,0.002001459477469325,0.08032285422086716,-0.9966683983802795
4.103951000026427,0.0013755373656749725,2.5420124530792236,0.9034706354141235,0.015150702558457851,0.0003329820465296507,0.07818668335676193,-0.9968236088752747
4.1081733999890275,0.001588357612490654,2.541536808013916,0.9034258127212524,0.014861448667943478,0.00015562237240374088,0.07727505266666412,-0.9968991279602051
4.1134863999905065,0.0016445702640339732,2.541123390197754,0.9034940004348755,0.014574497938156128,0.0010779706062749028,0.07706981897354126,-0.9969186782836914
4.117688200029079,0.0018745403503999114,2.5407822132110596,0.9034103751182556,0.014249472878873348,0.0007969880825839937,0.07653283327817917,-0.9969648718833923
4.121941799996421,0.0022201575338840485,2.5403940677642822,0.9033108353614807,0.013247248716652393,9.985599899664521e-05,0.07613322883844376,-0.9970096349716187
4.125405200000387,0.002430923283100128,2.540046453475952,0.9032774567604065,0.01275726966559887,-0.00026994338259100914,0.07556609064340591,-0.9970592260360718
4.129385800042655,0.002601184882223606,2.539675235748291,0.9031914472579956,0.014521876350045204,4.011689088656567e-05,0.07341967523097992,-0.9971954226493835
4.134020400000736,0.002779092639684677,2.539377450942993,0.9031424522399902,0.014723636209964752,-0.00026404985692352057,0.0725940465927124,-0.997252881526947
4.137697800004389,0.0029463288374245167,2.5389697551727295,0.9032012820243835,0.015568536706268787,0.0006238032947294414,0.07078973948955536,-0.9973695874214172
4.142503700044472,0.003076965920627117,2.538567543029785,0.9030867218971252,0.014300513081252575,2.6485755370231345e-05,0.0712403878569603,-0.9973567128181458
4.146397800010163,0.0032731047831475735,2.5382182598114014,0.9029777646064758,0.012953431345522404,-0.0009439380373805761,0.07094526290893555,-0.9973956346511841
4.150318800006062,0.003482550149783492,2.5379836559295654,0.9029351472854614,0.012901494279503822,-0.0017333804862573743,0.07064420729875565,-0.997416615486145
4.154977100028191,0.0036127460189163685,2.537712335586548,0.9028398394584656,0.012684734538197517,-0.002224972005933523,0.07081812620162964,-0.9974061846733093
4.15887310000835,0.003851001150906086,2.537431478500366,0.902739942073822,0.012696705758571625,-0.002774209715425968,0.07139044255018234,-0.9973638653755188
4.16302880004514,0.004034209996461868,2.5371904373168945,0.9026525616645813,0.012713124975562096,-0.0031655183993279934,0.07126857340335846,-0.9973711967468262
4.1669278999906965,0.0042237788438797,2.5369536876678467,0.9025648236274719,0.012862208299338818,-0.0031928259413689375,0.07109960168600082,-0.9973811507225037
4.171327800024301,0.0043859402649104595,2.5366947650909424,0.9025461673736572,0.013057404197752476,-0.0031136744655668736,0.07141268998384476,-0.9973565340042114
4.175494900031481,0.004586647264659405,2.5364201068878174,0.9024173617362976,0.013990195468068123,-0.003489365102723241,0.07019245624542236,-0.9974293112754822
4.179399800021201,0.004811700899153948,2.5361783504486084,0.9022587537765503,0.013500576838850975,-0.004303740803152323,0.06991053372621536,-0.9974526762962341
4.183672600018326,0.004973376169800758,2.5359818935394287,0.9021477699279785,0.01352304220199585,-0.004918418359011412,0.06938373297452927,-0.9974862337112427
4.187785100017209,0.005219831131398678,2.535665273666382,0.9020342230796814,0.014188693836331367,-0.005432222504168749,0.0678832158446312,-0.9975776672363281
4.19177919998765,0.005342674441635609,2.5355069637298584,0.9019607901573181,0.014616533182561398,-0.005691708531230688,0.06747175008058548,-0.997597873210907
4.196008700004313,0.0054413313046097755,2.5353574752807617,0.9018940329551697,0.015246426686644554,-0.005971514154225588,0.06688635051250458,-0.9976262450218201
4.200206200010143,0.0057009365409612656,2.5352022647857666,0.9018478393554688,0.016103917732834816,-0.0071558295749127865,0.06594061851501465,-0.9976679682731628
4.2044205000274815,0.005783686414361,2.5350916385650635,0.9017740488052368,0.01668187975883484,-0.007487213239073753,0.06540470570325851,-0.99769127368927
4.20850370003609,0.0057055531069636345,2.534911632537842,0.901667058467865,0.018279774114489555,-0.006380991078913212,0.06378357857465744,-0.9977759718894958
4.212689300009515,0.005759448744356632,2.5348172187805176,0.9016146659851074,0.01884823851287365,-0.006587215233594179,0.06330687552690506,-0.9977943897247314
4.217196100042202,0.0058450037613511086,2.534700632095337,0.9014679789543152,0.019179699942469597,-0.007109752390533686,0.06283411383628845,-0.997814416885376
4.220960300008301,0.0059133232571184635,2.5345985889434814,0.9013756513595581,0.01963176764547825,-0.007561295293271542,0.062393669039011,-0.9978298544883728
4.225270499999169,0.0059500387869775295,2.5344748497009277,0.9012964367866516,0.0201986376196146,-0.007535192184150219,0.061760783195495605,-0.9978581070899963
4.229285400011577,0.005994804669171572,2.5343832969665527,0.9012132287025452,0.020795803517103195,-0.007718310691416264,0.061182901263237,-0.9978801012039185
4.233655399992131,0.006022634916007519,2.534275770187378,0.9011501669883728,0.021122178062796593,-0.007900523021817207,0.06095268949866295,-0.9978858828544617
4.237819200032391,0.006065277382731438,2.53415846824646,0.9010787606239319,0.021381808444857597,-0.007954738102853298,0.06079060211777687,-0.9978898167610168
4.241719799989369,0.0061151375994086266,2.5340633392333984,0.9009855389595032,0.021769961342215538,-0.008207052014768124,0.06030764430761337,-0.9979087114334106
4.246171900012996,0.00625017611309886,2.533967971801758,0.9008749127388,0.022355802357196808,-0.009340865537524223,0.059998225420713425,-0.9979044198989868
4.250102200021502,0.006248436868190765,2.533837080001831,0.9008392095565796,0.021970519796013832,-0.009317504242062569,0.059865761548280716,-0.9979211688041687
4.254406800027937,0.006315266713500023,2.533787250518799,0.9007114171981812,0.02250659465789795,-0.00971228163689375,0.05966527760028839,-0.9979174733161926
4.259075700014364,0.006345480214804411,2.5336241722106934,0.9005149602890015,0.024519233033061028,-0.009756555780768394,0.057929303497076035,-0.9979718923568726
4.262751300004311,0.006364370230585337,2.533585548400879,0.9004589915275574,0.024715827777981758,-0.010069443844258785,0.0577927902340889,-0.9979718327522278
4.268166600028053,0.006376168224960566,2.533538818359375,0.9003982543945312,0.024711502715945244,-0.010329523123800755,0.05782289430499077,-0.997967541217804
4.272092300001532,0.006409619934856892,2.5335533618927,0.9003384709358215,0.02591317892074585,-0.01062002032995224,0.05761544406414032,-0.9979459643363953
4.275679900019895,0.00640238868072629,2.5334622859954834,0.90025395154953,0.025533946231007576,-0.010900681838393211,0.057681746780872345,-0.997948944568634
4.281063300033566,0.006410352885723114,2.5334558486938477,0.9001953601837158,0.02663789689540863,-0.011155834421515465,0.05753932520747185,-0.9979255199432373
4.285185000044294,0.006399466190487146,2.5333871841430664,0.900104284286499,0.027185501530766487,-0.011430962942540646,0.057323113083839417,-0.9979200959205627
4.289477300015278,0.006324109621345997,2.5332484245300293,0.899878203868866,0.027605965733528137,-0.012794926762580872,0.058253202587366104,-0.9978380799293518
4.294232500018552,0.006270557641983032,2.5331594944000244,0.8998231291770935,0.028584139421582222,-0.012901168316602707,0.05767296254634857,-0.9978429079055786
4.297956600028556,0.006236805580556393,2.5330865383148193,0.8997340202331543,0.02925318107008934,-0.013101860880851746,0.05737917870283127,-0.9978378415107727
4.302996699989308,0.0062032476998865604,2.533024311065674,0.8996444940567017,0.029919683933258057,-0.013285729102790356,0.057188332080841064,-0.9978265166282654
4.3085034000105225,0.006088720168918371,2.532919406890869,0.8994647860527039,0.031274255365133286,-0.013596640899777412,0.056584764271974564,-0.9978152513504028
4.313192100031301,0.006000722758471966,2.5328848361968994,0.8993932008743286,0.031882576644420624,-0.013829289004206657,0.05646125227212906,-0.997799813747406
4.3177193000447005,0.005866674706339836,2.5327951908111572,0.8992854952812195,0.033544622361660004,-0.014085151255130768,0.05535213276743889,-0.9978038668632507
4.321573499997612,0.005718522239476442,2.532789707183838,0.8991917967796326,0.03422309085726738,-0.013865282759070396,0.055208344012498856,-0.9977918863296509
4.325202900043223,0.005575008690357208,2.5327847003936768,0.899124264717102,0.03490662947297096,-0.013845345936715603,0.05507027730345726,-0.9977760910987854
4.32935150002595,0.005450292956084013,2.5327906608581543,0.8990470767021179,0.0355089046061039,-0.0139932781457901,0.05516315624117851,-0.9977477192878723
4.33343340002466,0.005269126035273075,2.5328400135040283,0.8990238904953003,0.036445457488298416,-0.013951640576124191,0.055179938673973083,-0.997713565826416
4.337675900023896,0.005134139209985733,2.5328564643859863,0.8989211320877075,0.03710940107703209,-0.014204645529389381,0.05525317043066025,-0.9976814985275269
4.342481500003487,0.004997359123080969,2.532886028289795,0.8987769484519958,0.03773787245154381,-0.014815437607467175,0.05509641766548157,-0.9976576566696167
4.34610020002583,0.004834175109863281,2.5328924655914307,0.8987375497817993,0.03811138495802879,-0.014612851664423943,0.05520212650299072,-0.9976406097412109
4.3503998999949545,0.004736961796879768,2.5329036712646484,0.8985979557037354,0.038858700543642044,-0.014987977221608162,0.05522562190890312,-0.9976049661636353
4.35467150004115,0.004607998766005039,2.532949924468994,0.8984665274620056,0.03934835270047188,-0.015037834644317627,0.05556347593665123,-0.9975662231445312
4.358598600025289,0.004518027417361736,2.5329580307006836,0.8982617855072021,0.03988003358244896,-0.01568697765469551,0.05567396804690361,-0.9975289702415466
4.362875499995425,0.004450365900993347,2.532947063446045,0.8980486392974854,0.04019346833229065,-0.015759343281388283,0.055866993963718414,-0.9975044131278992
4.366816000023391,0.0043342080898582935,2.5329720973968506,0.8979281783103943,0.04035342484712601,-0.015984518453478813,0.05638331174850464,-0.9974653720855713
4.371154699998442,0.004180620424449444,2.5328056812286377,0.8975686430931091,0.04271110147237778,-0.01632259599864483,0.05582454055547714,-0.9973931312561035
4.375251599994954,0.004034372046589851,2.532893419265747,0.8974754214286804,0.04404766112565994,-0.016154635697603226,0.05613968148827553,-0.9973199963569641
4.379426900006365,0.0037877759896218777,2.532977819442749,0.8974440097808838,0.044646985828876495,-0.015692802146077156,0.05602889135479927,-0.9973069429397583
4.383644899993669,0.003615237772464752,2.533041000366211,0.8974021077156067,0.044881343841552734,-0.015446767210960388,0.05631834641098976,-0.997283935546875
4.388407499995083,0.0033332903403788805,2.5331032276153564,0.8973507881164551,0.04476790875196457,-0.014322583563625813,0.05615433678030968,-0.9973151087760925
4.392153799999505,0.003158957464620471,2.533182144165039,0.8973347544670105,0.045106805860996246,-0.014187149703502655,0.056290432810783386,-0.9972941279411316
4.396320400002878,0.002968610031530261,2.533292055130005,0.8973267078399658,0.04572419449687004,-0.014093279838562012,0.05628928542137146,-0.9972673654556274
4.400198400020599,0.002790273167192936,2.5333988666534424,0.8972936272621155,0.0461474172770977,-0.01394996140152216,0.056255027651786804,-0.9972518086433411
4.404607600008603,0.0026041101664304733,2.533522844314575,0.8972787857055664,0.04630197212100029,-0.013842890039086342,0.05625305697321892,-0.997246265411377
4.408407900016755,0.0023950031027197838,2.5336577892303467,0.8972264528274536,0.0464865118265152,-0.01410164125263691,0.05589649826288223,-0.9972540736198425
4.412616999994498,0.002168509177863598,2.5338187217712402,0.8972668647766113,0.045339833945035934,-0.01354372501373291,0.05722346901893616,-0.997239351272583
4.416808100009803,0.0018093520775437355,2.5340468883514404,0.8972421884536743,0.04390285164117813,-0.014076923951506615,0.058429982513189316,-0.9972262978553772
4.421274100022856,0.0015669218264520168,2.5341849327087402,0.897240936756134,0.043608780950307846,-0.013963553123176098,0.0588252954185009,-0.9972175359725952
4.425345700001344,0.0013471664860844612,2.5342962741851807,0.897236168384552,0.043817970901727676,-0.013747832737863064,0.059333670884370804,-0.9971812963485718
4.429299600014929,0.00120602548122406,2.534491777420044,0.897175133228302,0.044909633696079254,-0.014168595895171165,0.05897761881351471,-0.9971479773521423
4.433896200032905,0.0008472478948533535,2.534579277038574,0.8971200585365295,0.044418953359127045,-0.013692090287804604,0.05913891643285751,-0.9971670508384705
4.437767800001893,0.0006767353042960167,2.534822463989258,0.8970950245857239,0.04549068957567215,-0.013879134319722652,0.0596560463309288,-0.9970853924751282
4.441908500040881,0.0004168413579463959,2.534973382949829,0.8971682190895081,0.04538693279027939,-0.013918017968535423,0.05997510999441147,-0.9970704317092896
4.446765500004403,0.0002209153026342392,2.5351250171661377,0.8971296548843384,0.04567420110106468,-0.013887486420571804,0.06009586900472641,-0.997050404548645
4.450459300016519,-8.634757250547409e-05,2.5352492332458496,0.8971243500709534,0.04604532569646835,-0.013613130897283554,0.060025326907634735,-0.9970414042472839
4.454511900024954,-0.00027701910585165024,2.535403251647949,0.8970809578895569,0.04628026857972145,-0.013504330068826675,0.06016743928194046,-0.9970234036445618
4.458579700032715,-0.00045135151594877243,2.5355868339538574,0.8970392942428589,0.04658440500497818,-0.013435051776468754,0.06035871431231499,-0.99699866771698
4.462838000035845,-0.0007190394680947065,2.535792350769043,0.8969537615776062,0.04720645770430565,-0.012885640375316143,0.0606619156897068,-0.9969582557678223
4.467032300017308,-0.001008334569633007,2.5360443592071533,0.8969354629516602,0.047872114926576614,-0.011860526166856289,0.061132170259952545,-0.9969105124473572
4.471042699995451,-0.0011556489625945687,2.5362794399261475,0.8967599272727966,0.04895724728703499,-0.011825313791632652,0.06144751235842705,-0.9968388080596924
4.47577270003967,-0.0013634813949465752,2.536555767059326,0.8967289924621582,0.048378173261880875,-0.011807315051555634,0.0629880502820015,-0.9967711567878723
4.479995300003793,-0.0015723278047516942,2.5367445945739746,0.8965548276901245,0.05070028826594353,-0.011530527845025063,0.06159944832324982,-0.996745765209198
4.484091399994213,-0.0016892040148377419,2.536858081817627,0.8962727189064026,0.050919059664011,-0.01255733985453844,0.0629635751247406,-0.9966369271278381
4.487975399999414,-0.0017331615090370178,2.5371296405792236,0.8960438966751099,0.051653988659381866,-0.012630932964384556,0.06266351044178009,-0.9966171383857727
4.491784100013319,-0.0019089034758508205,2.537250280380249,0.8958096504211426,0.05114128813147545,-0.011519741266965866,0.06271198391914368,-0.9966539144515991
4.49614450003719,-0.0020429082214832306,2.5375349521636963,0.8956894874572754,0.05039994791150093,-0.011512483470141888,0.06404002755880356,-0.9966073632240295
4.50025270000333,-0.00205434113740921,2.5378258228302,0.8955048322677612,0.05176107957959175,-0.012051593512296677,0.06381362676620483,-0.9965457916259766
4.505849100009073,-0.0021996526047587395,2.538058280944824,0.8953934907913208,0.05208225175738335,-0.011743404902517796,0.06383785605430603,-0.9965311884880066
4.509527300018817,-0.0024170733522623777,2.538289785385132,0.8953381776809692,0.05265902355313301,-0.011440734378993511,0.06402357667684555,-0.9964924454689026
4.514434600016102,-0.002515598200261593,2.538600206375122,0.8951903581619263,0.05308733880519867,-0.01115461252629757,0.06462311744689941,-0.996434211730957
4.518704299989622,-0.0025988188572227955,2.5389299392700195,0.895085334777832,0.054391901940107346,-0.011079599149525166,0.06431315094232559,-0.9963847398757935
4.52297540003201,-0.0028682230040431023,2.5393402576446533,0.895060658454895,0.05290430039167404,-0.011444312520325184,0.06670801341533661,-0.9963033199310303
4.527015700004995,-0.0029889512807130814,2.539583921432495,0.8950086832046509,0.05331992730498314,-0.011554456315934658,0.06660754978656769,-0.9962866306304932
4.531124700035434,-0.0031312257051467896,2.5398690700531006,0.8950189352035522,0.05342210829257965,-0.011014713905751705,0.06586185097694397,-0.996336817741394
4.535239299992099,-0.0033271803986281157,2.5400614738464355,0.8950058221817017,0.0531155951321125,-0.010699846781790257,0.06595946103334427,-0.9963501691818237
4.538687699998263,-0.0034764546435326338,2.5402634143829346,0.8949307203292847,0.053526222705841064,-0.01097572036087513,0.06526821106672287,-0.9963706731796265
4.544132100010756,-0.003578431438654661,2.5404064655303955,0.8948856592178345,0.053657665848731995,-0.0108769116923213,0.06521323323249817,-0.9963682889938354
4.5478460000013,-0.003753489116206765,2.540548801422119,0.8948342800140381,0.0537765733897686,-0.010383430868387222,0.06527643650770187,-0.99636310338974
4.552063400042243,-0.003862687386572361,2.5406832695007324,0.8948167562484741,0.0538877509534359,-0.010175938718020916,0.06524239480495453,-0.9963614344596863
4.556113400030881,-0.003952056169509888,2.5408430099487305,0.8947710394859314,0.05402699112892151,-0.010288135148584843,0.06504996865987778,-0.9963653087615967
4.559738999989349,-0.004092113580554724,2.541032075881958,0.8947437405586243,0.05491859093308449,-0.009973132982850075,0.06499914079904556,-0.9963231086730957
4.56318320002174,-0.004177149385213852,2.5411417484283447,0.8947063088417053,0.055065859109163284,-0.009916202165186405,0.06490961462259293,-0.9963213205337524
4.567085599992424,-0.004257529973983765,2.5412518978118896,0.8947123289108276,0.05548160523176193,-0.009718522429466248,0.06478416919708252,-0.9963083863258362
4.571316200017463,-0.004352748394012451,2.54136061668396,0.8947182893753052,0.0554179847240448,-0.009482253342866898,0.06493724137544632,-0.9963042736053467
4.575115300016478,-0.004439963959157467,2.5414533615112305,0.8947024345397949,0.05561046674847603,-0.009403558447957039,0.06496387720108032,-0.9962925314903259
4.5794478000025265,-0.004511254373937845,2.5415656566619873,0.8946924805641174,0.05563097447156906,-0.009525484405457973,0.065022312104702,-0.9962863922119141
4.583444699994288,-0.004552694037556648,2.5416722297668457,0.8946117758750916,0.05564725399017334,-0.009662911295890808,0.06539973616600037,-0.9962594509124756
4.586972700024489,-0.004552694037556648,2.5416722297668457,0.8946117758750916,0.05564725399017334,-0.009662911295890808,0.06539973616600037,-0.9962594509124756
4.591574000020046,-0.0046293484047055244,2.541800022125244,0.894689679145813,0.05626436695456505,-0.009784340858459473,0.06582075357437134,-0.996195912361145
4.595741500030272,-0.004667570814490318,2.5417988300323486,0.8946932554244995,0.05634991452097893,-0.00967354141175747,0.0657067745923996,-0.9961996674537659
4.599920000007842,-0.00474923849105835,2.541746139526367,0.8947017788887024,0.05513535812497139,-0.009377394802868366,0.06617691367864609,-0.9962393045425415
4.604205100040417,-0.004790535196661949,2.5417110919952393,0.8947259187698364,0.054866235703229904,-0.00928454753011465,0.06643076986074448,-0.9962382316589355
4.6085477999877185,-0.004822366870939732,2.541675090789795,0.8947533369064331,0.05464962124824524,-0.009277009405195713,0.06673141568899155,-0.9962300658226013
4.612731500004884,-0.004859562963247299,2.5416088104248047,0.8947910666465759,0.05441325902938843,-0.009275199845433235,0.06694485247135162,-0.9962286949157715
4.617164600000251,-0.004932367708534002,2.5414881706237793,0.8948534727096558,0.054141927510499954,-0.00885555986315012,0.06729427725076675,-0.9962238073348999
4.6218006000272,-0.004983594641089439,2.5413706302642822,0.8949235677719116,0.0543622262775898,-0.00876981858164072,0.06701091676950455,-0.9962316155433655
4.625309000024572,-0.005036653019487858,2.541234016418457,0.8949801325798035,0.0536123663187027,-0.008713219314813614,0.06704109907150269,-0.9962707757949829
4.628803200030234,-0.005036653019487858,2.541234016418457,0.8949801325798035,0.0536123663187027,-0.008713219314813614,0.06704109907150269,-0.9962707757949829
4.633367600035854,-0.0052901338785886765,2.5409865379333496,0.8952307105064392,0.05287764221429825,-0.00861058197915554,0.06706663966178894,-0.9963091015815735
4.63818569999421,-0.005355270113795996,2.540839195251465,0.895302414894104,0.05243325233459473,-0.00863926112651825,0.06716315448284149,-0.9963259100914001
4.64193320000777,-0.005419498309493065,2.5406150817871094,0.8953062891960144,0.052038323134183884,-0.00938461348414421,0.0680486410856247,-0.996279776096344
4.645966200041585,-0.005522684194147587,2.540415048599243,0.8955170512199402,0.051469556987285614,-0.008588272146880627,0.06846629083156586,-0.9962879419326782
4.6502642999985255,-0.0055875014513731,2.5402309894561768,0.8955957889556885,0.050885286182165146,-0.008723681792616844,0.0685553327202797,-0.9963106513023376
4.654570700018667,-0.005663330666720867,2.539966583251953,0.8957749009132385,0.049184903502464294,-0.008591078221797943,0.0687718465924263,-0.9963821768760681
4.658466599998064,-0.005706544034183025,2.539750337600708,0.8958377838134766,0.049113787710666656,-0.00867766235023737,0.06880907714366913,-0.9963823556900024
4.66293950000545,-0.005712100304663181,2.539479970932007,0.8958684802055359,0.04912731796503067,-0.009322285652160645,0.06810006499290466,-0.9964246153831482
4.667071100033354,-0.005818416364490986,2.5392277240753174,0.8959449529647827,0.04925687238574028,-0.0094955088570714,0.06810155510902405,-0.996416449546814
4.671043100010138,-0.005921987816691399,2.5390076637268066,0.8959944844245911,0.048960499465465546,-0.009385274723172188,0.06839873641729355,-0.9964117407798767
4.675185700005386,-0.005939184222370386,2.5386946201324463,0.8959299921989441,0.04788854718208313,-0.009145896881818771,0.06852380931377411,-0.9964575171470642
4.679386700037867,-0.005928375292569399,2.538402557373047,0.8958916068077087,0.048752449452877045,-0.009136936627328396,0.06784862279891968,-0.9964619278907776
4.683537700038869,-0.0059435563161969185,2.538132667541504,0.8958988785743713,0.04874129965901375,-0.008896141313016415,0.06778160482645035,-0.996469259262085
4.688002600043546,-0.0059266178868710995,2.5378775596618652,0.8958925604820251,0.04886976629495621,-0.008978643454611301,0.06777085363864899,-0.996462881565094
4.69187179999426,-0.005902435630559921,2.537583351135254,0.895962655544281,0.049028430134058,-0.008687824010848999,0.06775429844856262,-0.9964588284492493
4.696265400038101,-0.005835245363414288,2.5372908115386963,0.896013617515564,0.04891826584935188,-0.008550731465220451,0.06847144663333893,-0.996416449546814
4.7001111000427045,-0.005813011433929205,2.5370638370513916,0.8960707783699036,0.04898548126220703,-0.008595485240221024,0.06835438311100006,-0.9964207410812378
4.70435010001529,-0.005807825364172459,2.5366950035095215,0.8961283564567566,0.04944813996553421,-0.007815498858690262,0.06703686714172363,-0.9964938163757324
4.707931300043128,-0.005807825364172459,2.5366950035095215,0.8961283564567566,0.04944813996553421,-0.007815498858690262,0.06703686714172363,-0.9964938163757324
4.713702800043393,-0.00573619082570076,2.536066770553589,0.8961594104766846,0.04809843748807907,-0.008139370009303093,0.06851188838481903,-0.9964569211006165
4.717228900000919,-0.005596046335995197,2.535780668258667,0.8961954116821289,0.04763907939195633,-0.00873085018247366,0.06855664402246475,-0.9964709281921387
4.720926999987569,-0.005574110429733992,2.5355207920074463,0.8962497115135193,0.04684820771217346,-0.00857894029468298,0.06868086755275726,-0.9965012073516846
4.725340600009076,-0.005549991503357887,2.5351598262786865,0.896259069442749,0.04616978392004967,-0.008379620499908924,0.06823249906301498,-0.9965654015541077
4.7294167000218295,-0.005554131232202053,2.5348923206329346,0.8963311910629272,0.0458042211830616,-0.008487429469823837,0.0682072713971138,-0.9965830445289612
4.733488400001079,-0.005468098446726799,2.5346426963806152,0.8963501453399658,0.04531124606728554,-0.008522620424628258,0.06837434321641922,-0.9965937733650208
4.737737399991602,-0.005379436071962118,2.534367084503174,0.896359920501709,0.04465162381529808,-0.008957318030297756,0.06838703155517578,-0.9966188669204712
4.742307400039863,-0.005294464528560638,2.5341038703918457,0.8963642716407776,0.044150806963443756,-0.00923252571374178,0.06942978501319885,-0.996566653251648
4.746453100000508,-0.005176357924938202,2.5337960720062256,0.8962575197219849,0.04492449760437012,-0.009185410104691982,0.06861329078674316,-0.9965890645980835
4.751355700020213,-0.005112851969897747,2.5335702896118164,0.8962388634681702,0.04487640783190727,-0.009212949313223362,0.06860620528459549,-0.9965914487838745
4.755125900031999,-0.005009451415389776,2.5333096981048584,0.8961838483810425,0.044307779520750046,-0.009185021743178368,0.06849558651447296,-0.9966247081756592
4.7595882000168785,-0.004921062383800745,2.533064365386963,0.8961673378944397,0.04417607560753822,-0.009134654887020588,0.06821350008249283,-0.9966503977775574
4.76311350002652,-0.004854734055697918,2.532806158065796,0.8961913585662842,0.04388677701354027,-0.008916090242564678,0.06821531057357788,-0.9966650605201721
4.766610499995295,-0.004854734055697918,2.532806158065796,0.8961913585662842,0.04388677701354027,-0.008916090242564678,0.06821531057357788,-0.9966650605201721
4.771402300044429,-0.004583950620144606,2.5322155952453613,0.896182656288147,0.044215939939022064,-0.008875858969986439,0.06702744215726852,-0.9967314004898071
4.775267900025938,-0.004546827636659145,2.5319998264312744,0.8961985111236572,0.044035207480192184,-0.008776441216468811,0.06658727675676346,-0.9967697858810425
4.779600000008941,-0.0044787731021642685,2.5318095684051514,0.8962048888206482,0.04379080608487129,-0.008810365572571754,0.06642142683267593,-0.9967913031578064
4.783496499992907,-0.004383021034300327,2.531629800796509,0.896210253238678,0.043326761573553085,-0.008971193805336952,0.06656628102064133,-0.9968005418777466
4.787979300017469,-0.004309243522584438,2.531355619430542,0.8962269425392151,0.041447002440690994,-0.009082778356969357,0.06659653782844543,-0.9968773722648621
4.7919773000176065,-0.004188050515949726,2.531083106994629,0.8961256742477417,0.04042660444974899,-0.009993230924010277,0.06799183040857315,-0.9968164563179016
4.796082400018349,-0.004098499193787575,2.5308971405029297,0.896149754524231,0.040095146745443344,-0.009994573891162872,0.06814542412757874,-0.996819257736206
4.800407900009304,-0.004017278552055359,2.530722141265869,0.8961601853370667,0.039933543652296066,-0.00997005496174097,0.0680500939488411,-0.996832549571991
4.804442299995571,-0.003931616432964802,2.5305397510528564,0.8961721062660217,0.039574041962623596,-0.009991012513637543,0.0679977536201477,-0.996850311756134
4.808874800044578,-0.0038320403546094894,2.5303008556365967,0.8962019681930542,0.039674170315265656,-0.009726002812385559,0.06754785031080246,-0.9968794584274292
4.812714400002733,-0.0037386510521173477,2.5301384925842285,0.8962280750274658,0.039463192224502563,-0.00957141350954771,0.06753378361463547,-0.9968903660774231
4.816993599990383,-0.003611915744841099,2.5299506187438965,0.896203875541687,0.03874519467353821,-0.009719673544168472,0.06816313415765762,-0.996874213218689
4.821063100011088,-0.003543470986187458,2.5298192501068115,0.8962214589118958,0.038221172988414764,-0.009368972852826118,0.06839209794998169,-0.9968820810317993
4.825170600030106,-0.0034474413841962814,2.5296285152435303,0.8962475061416626,0.0370589941740036,-0.009521926753222942,0.06835263222455978,-0.9969273209571838
4.829338999988977,-0.0033768871799111366,2.529506206512451,0.8962143659591675,0.03657873347401619,-0.009458157233893871,0.06836746633052826,-0.9969446063041687
4.833907900028862,-0.003317249473184347,2.5294253826141357,0.8961963653564453,0.03647499904036522,-0.009365030564367771,0.06839970499277115,-0.9969471096992493
4.837718099995982,-0.0032071382738649845,2.5293643474578857,0.896192729473114,0.03634509816765785,-0.009882306680083275,0.06855598092079163,-0.9969360828399658
4.842498000012711,-0.003157196566462517,2.5292694568634033,0.8961454629898071,0.03626292571425438,-0.009810329414904118,0.06847542524337769,-0.996945321559906
4.845959199999925,-0.003103633876889944,2.5292162895202637,0.8961111903190613,0.0360274463891983,-0.009797158651053905,0.0685722827911377,-0.9969473481178284
4.850258600024972,-0.0030578048899769783,2.5291662216186523,0.8960580825805664,0.035911425948143005,-0.009762819856405258,0.06865394860506058,-0.9969462752342224
4.854325800028164,-0.003027274738997221,2.5291051864624023,0.8960254788398743,0.03572753071784973,-0.009623073041439056,0.06849097460508347,-0.9969653487205505
4.858492200030014,-0.0029823165386915207,2.5290379524230957,0.8959557414054871,0.03556464612483978,-0.00954468920826912,0.06846662610769272,-0.9969736337661743
4.862790399987716,-0.0029771490953862667,2.5289676189422607,0.895945131778717,0.03537209704518318,-0.009506909176707268,0.06858240067958832,-0.996972918510437
4.866901500034146,-0.0029482312966138124,2.5288174152374268,0.8959141373634338,0.036567896604537964,-0.009051735512912273,0.06727662682533264,-0.9970229864120483
4.872148199996445,-0.0029366661328822374,2.5287609100341797,0.8958901166915894,0.03628269582986832,-0.009006982669234276,0.06738270819187164,-0.9970266222953796
4.8758944000001065,-0.002929583191871643,2.5286951065063477,0.8958614468574524,0.036096084862947464,-0.008882569149136543,0.06725893169641495,-0.9970428347587585
4.879943400039338,-0.0029441972728818655,2.528660297393799,0.8958359956741333,0.03585843741893768,-0.008867929689586163,0.06741997599601746,-0.9970406889915466
4.884191600023769,-0.002965545980259776,2.528625011444092,0.8957958817481995,0.0356769934296608,-0.008742846548557281,0.06749336421489716,-0.9970433115959167
4.887754600029439,-0.002965545980259776,2.528625011444092,0.8957958817481995,0.0356769934296608,-0.008742846548557281,0.06749336421489716,-0.9970433115959167
4.8938241000287235,-0.003004596335813403,2.5285804271698,0.8956955075263977,0.03546706214547157,-0.008549612946808338,0.06759419292211533,-0.9970456957817078
4.898699900018983,-0.0031140074133872986,2.5285890102386475,0.8956389427185059,0.035383597016334534,-0.007928400300443172,0.06770654022693634,-0.997046172618866
4.904080700012855,-0.0031944401562213898,2.528585910797119,0.8955410718917847,0.03517160937190056,-0.007833944633603096,0.06810048967599869,-0.997027575969696
4.908373300044332,-0.0032239400316029787,2.5285637378692627,0.8955116271972656,0.03504026681184769,-0.007563659455627203,0.06819193810224533,-0.9970280528068542
4.91257929999847,-0.0032239400316029787,2.5285637378692627,0.8955116271972656,0.03504026681184769,-0.007563659455627203,0.06819193810224533,-0.9970280528068542
4.916731600009371,-0.0032685166224837303,2.528444528579712,0.8954690098762512,0.03309819474816322,-0.006257864646613598,0.06851477921009064,-0.9970813393592834
4.921085400041193,-0.003338766284286976,2.5283801555633545,0.8954833149909973,0.0330757200717926,-0.006223692558705807,0.06876088678836823,-0.9970653653144836
4.92528670001775,-0.0033630281686782837,2.5283234119415283,0.8954939842224121,0.03301553428173065,-0.00609893724322319,0.06882281601428986,-0.9970638155937195
4.929327599995304,-0.0033975080586969852,2.528225898742676,0.895356297492981,0.032762814313173294,-0.007121171336621046,0.06854259967803955,-0.9970846772193909
4.934281800000463,-0.00337741756811738,2.5281739234924316,0.8954125642776489,0.03230144828557968,-0.00648577930405736,0.06897270679473877,-0.9970743656158447
4.938359900028445,-0.0033958335407078266,2.5281448364257812,0.8954417109489441,0.032300543040037155,-0.006406635511666536,0.0690617710351944,-0.9970688223838806
4.943049699999392,-0.0034336578100919724,2.528095245361328,0.8955112099647522,0.03235381841659546,-0.006091785151511431,0.06919416785240173,-0.9970598816871643
4.946835400012787,-0.003530878573656082,2.5280752182006836,0.8955700397491455,0.032991934567689896,-0.0060437023639678955,0.06901558488607407,-0.9970515966415405
4.951143100042827,-0.0034979302436113358,2.5280134677886963,0.8955104351043701,0.03367093577980995,-0.006006853189319372,0.0682922974228859,-0.9970788955688477
4.956084500008728,-0.0035366415977478027,2.5279271602630615,0.8955522775650024,0.033241257071495056,-0.006057859398424625,0.06861984729766846,-0.9970705509185791
4.9595894000376575,-0.0035366415977478027,2.5279271602630615,0.8955522775650024,0.033241257071495056,-0.006057859398424625,0.06861984729766846,-0.9970705509185791
4.963326700031757,-0.0035777678713202477,2.527886390686035,0.8955808281898499,0.033352769911289215,-0.006125709507614374,0.06858401745557785,-0.9970689415931702
4.967244200001005,-0.003587900660932064,2.5277082920074463,0.8956455588340759,0.03190913051366806,-0.006123609375208616,0.06937231868505478,-0.997061550617218
4.970733500027563,-0.003587900660932064,2.5277082920074463,0.8956455588340759,0.03190913051366806,-0.006123609375208616,0.06937231868505478,-0.997061550617218
4.976257200003602,-0.0035446640104055405,2.5274817943573,0.8958056569099426,0.03179663419723511,-0.005999024026095867,0.06982173025608063,-0.9970345497131348
4.980373000027612,-0.0035364506766200066,2.5274178981781006,0.8959324359893799,0.032436832785606384,-0.005435712169855833,0.0694829449057579,-0.9970408082008362
4.983886300004087,-0.003517904318869114,2.527263641357422,0.8961378335952759,0.0321510024368763,-0.005043825134634972,0.06981683522462845,-0.9970288872718811
4.988538400037214,-0.003465816844254732,2.527165174484253,0.8961566090583801,0.03202632814645767,-0.006470966152846813,0.0701248049736023,-0.9970029592514038
4.992181200010236,-0.0033554723486304283,2.5270886421203613,0.8962383270263672,0.032582733780145645,-0.006630424410104752,0.0703597292304039,-0.9969673752784729
4.9968362000072375,-0.0033046798780560493,2.5270066261291504,0.8962941765785217,0.032541725784540176,-0.006678351666778326,0.07042988389730453,-0.9969634413719177
5.000557299994398,-0.0033046798780560493,2.5270066261291504,0.8962941765785217,0.032541725784540176,-0.006678351666778326,0.07042988389730453,-0.9969634413719177
5.004327100003138,-0.003296945244073868,2.526897668838501,0.8965469002723694,0.03221876174211502,-0.006462804041802883,0.07062503695487976,-0.9969615340232849
5.008790499996394,-0.0032361927442252636,2.526858329772949,0.8965573906898499,0.03203371912240982,-0.006893782876431942,0.07075938582420349,-0.9969550371170044
5.012613300001249,-0.0031639952212572098,2.5268208980560303,0.8965663313865662,0.03217333182692528,-0.007419777102768421,0.07068414986133575,-0.9969521760940552
5.017234300030395,-0.002999367192387581,2.5267817974090576,0.8966164588928223,0.03189903125166893,-0.007810668554157019,0.07091803103685379,-0.9969413876533508
5.021122200007085,-0.002935260534286499,2.52673602104187,0.8967108130455017,0.03173058107495308,-0.008087191730737686,0.07107345759868622,-0.9969334602355957
5.025372300005984,-0.0029857398476451635,2.526606559753418,0.8967770934104919,0.031169366091489792,-0.00820415373891592,0.07239693403244019,-0.9968549609184265
5.02952030004235,-0.002942565828561783,2.526547908782959,0.896994411945343,0.031017813831567764,-0.0073024495504796505,0.07239756733179092,-0.9968666434288025
5.033558700000867,-0.0028349878266453743,2.5264463424682617,0.8970474600791931,0.03040512278676033,-0.007616796996444464,0.0725572407245636,-0.9968716502189636
5.038617699989118,-0.0027656015008687973,2.5263924598693848,0.8971354961395264,0.03024139627814293,-0.007680726703256369,0.07251541316509247,-0.9968792200088501
5.04213700001128,-0.002645055763423443,2.526308059692383,0.8971953392028809,0.030305853113532066,-0.007861590944230556,0.07272754609584808,-0.9968603849411011
5.0460809000069275,-0.002558412030339241,2.526271343231201,0.8972952365875244,0.030169742181897163,-0.00769406883046031,0.07275839149951935,-0.9968634843826294
5.05018530000234,-0.002413240261375904,2.5261733531951904,0.8973742723464966,0.029436219483613968,-0.0076790619641542435,0.07290644943714142,-0.9968746900558472
5.054378500033636,-0.002314360812306404,2.5261478424072266,0.8974208831787109,0.02927219681441784,-0.007721122819930315,0.07304494827985764,-0.9968691468238831
5.05879450001521,-0.0021843696013092995,2.5262207984924316,0.8975811004638672,0.029396673664450645,-0.00688612274825573,0.07181379944086075,-0.9969610571861267
5.063207600032911,-0.002062819665297866,2.5261926651000977,0.8976413607597351,0.0292630884796381,-0.006991992704570293,0.07182478159666061,-0.9969634413719177
5.066929100023117,-0.0019567490089684725,2.5262012481689453,0.8977283835411072,0.029134495183825493,-0.0070832837373018265,0.07194846123456955,-0.9969576597213745
5.071079800021835,-0.0018469099886715412,2.5261995792388916,0.8978121280670166,0.029046393930912018,-0.007214804645627737,0.07204913347959518,-0.9969519376754761
5.07513499999186,-0.0017379851778969169,2.5262107849121094,0.8979186415672302,0.028928885236382484,-0.007287031039595604,0.07209512591362,-0.9969515800476074
5.079537799989339,-0.0015639113262295723,2.5262835025787354,0.8980844020843506,0.027435002848505974,-0.008044544607400894,0.07357832789421082,-0.9968795776367188
5.083558499987703,-0.001454242505133152,2.5263020992279053,0.898206889629364,0.027526384219527245,-0.00818826537579298,0.07346860319375992,-0.9968839287757874
5.0877329999930225,-0.0013519898056983948,2.526301145553589,0.8983094692230225,0.027598051354289055,-0.008139095269143581,0.07344681769609451,-0.9968840479850769
5.0920815000426956,-0.0012503769248723984,2.5263047218322754,0.8984135985374451,0.027849791571497917,-0.008061385713517666,0.07331409305334091,-0.9968873858451843
5.095974500000011,-0.0011380445212125778,2.5263235569000244,0.8985065817832947,0.028000157326459885,-0.008075966499745846,0.07314105331897736,-0.9968957901000977
5.100300099991728,-0.0010321540758013725,2.52634334564209,0.8985931277275085,0.028188392519950867,-0.008233968168497086,0.07296638190746307,-0.9969019889831543
5.105675300001167,-0.0009247735142707825,2.526357889175415,0.8986626267433167,0.028318045660853386,-0.008392255753278732,0.07293954491615295,-0.9968990087509155
5.11126219999278,-0.0007217731326818466,2.5263047218322754,0.8987255096435547,0.029735354706645012,-0.008623162284493446,0.07160525023937225,-0.996952474117279
5.11645110003883,-0.000530448742210865,2.5264527797698975,0.8989802598953247,0.030908768996596336,-0.00848603155463934,0.07152945548295975,-0.9969233274459839
5.12164720002329,-0.00045005540596321225,2.5264549255371094,0.8990979790687561,0.031161999329924583,-0.008341065607964993,0.07128114998340607,-0.9969345331192017
5.126926199998707,-0.0003262837417423725,2.5264809131622314,0.8991966843605042,0.031183205544948578,-0.008499996736645699,0.07132552564144135,-0.9969293475151062
5.135795700014569,1.469440758228302e-05,2.5265042781829834,0.8994436264038086,0.03163762763142586,-0.009601735509932041,0.07090922445058823,-0.9969346523284912
5.141726800007746,0.00011766888201236725,2.5265016555786133,0.8997746109962463,0.0317368283867836,-0.009274541400372982,0.07083902508020401,-0.9969396591186523
5.145773400028702,0.00011766888201236725,2.5265016555786133,0.8997746109962463,0.0317368283867836,-0.009274541400372982,0.07083902508020401,-0.9969396591186523
5.1508234000066295,0.00017520040273666382,2.5264883041381836,0.8999598622322083,0.031713344156742096,-0.009072331711649895,0.07101007550954819,-0.9969300627708435
5.156612500024494,0.0003575896844267845,2.526494026184082,0.9001715183258057,0.03153488039970398,-0.009439240209758282,0.07118634134531021,-0.9969197511672974
5.160461299994495,0.00042313337326049805,2.5264885425567627,0.9002965092658997,0.031477250158786774,-0.009451705031096935,0.07090272009372711,-0.9969416260719299
5.164941499999259,0.00047008227556943893,2.526564836502075,0.9006038904190063,0.03156231343746185,-0.008073413744568825,0.06960444897413254,-0.9970425367355347
5.168662899988703,0.0005132937803864479,2.526546001434326,0.9007736444473267,0.031870462000370026,-0.00818318035453558,0.06922866404056549,-0.9970580339431763
5.173822699987795,0.0006034877151250839,2.526524543762207,0.900947093963623,0.031698077917099,-0.008338107727468014,0.06911944597959518,-0.9970698356628418
5.1788092000060715,0.0007314849644899368,2.5265791416168213,0.9013935327529907,0.02884618379175663,-0.009010173380374908,0.07081294059753418,-0.9970317482948303
5.183357800007798,0.0007519097998738289,2.5265915393829346,0.9015547037124634,0.028667835518717766,-0.008917834609746933,0.07093672454357147,-0.9970288872718811
5.187602000019979,0.0007927985861897469,2.526615858078003,0.9017102122306824,0.028380149975419044,-0.008866080082952976,0.07112285494804382,-0.9970243573188782
5.191813700017519,0.0008097533136606216,2.526628017425537,0.9018786549568176,0.02813371829688549,-0.00879607629030943,0.07125989347696304,-0.9970222115516663
5.196814200025983,0.0008066147565841675,2.526660203933716,0.9020118713378906,0.02804204635322094,-0.008698956109583378,0.07131695747375488,-0.997021496295929
5.20050600002287,0.0008149207569658756,2.526782274246216,0.902271568775177,0.028762811794877052,-0.008710495196282864,0.07154418528079987,-0.9969845414161682
5.2042755000293255,0.0008149207569658756,2.526782274246216,0.902271568775177,0.028762811794877052,-0.008710495196282864,0.07154418528079987,-0.9969845414161682
5.208030999987386,0.0008149207569658756,2.526782274246216,0.902271568775177,0.028762811794877052,-0.008710495196282864,0.07154418528079987,-0.9969845414161682
5.21231740002986,0.0009429715573787689,2.5269248485565186,0.9025951623916626,0.02856747806072235,-0.009136113338172436,0.07208001613616943,-0.9969478249549866
5.216761699994095,0.0009886566549539566,2.5269503593444824,0.9027211666107178,0.02870781160891056,-0.009295602329075336,0.07191799581050873,-0.9969539642333984
5.220831300015561,0.0010739471763372421,2.5269877910614014,0.9028739333152771,0.028749607503414154,-0.009188304655253887,0.07199087738990784,-0.9969485402107239
5.225042300007772,0.0011125653982162476,2.527008295059204,0.9029951095581055,0.028936458751559258,-0.009246474131941795,0.07201667129993439,-0.9969407320022583
5.229068599990569,0.001118372194468975,2.527047634124756,0.903150200843811,0.028842603787779808,-0.009144362062215805,0.07213902473449707,-0.9969354867935181
5.233486000041012,0.00110591109842062,2.5270814895629883,0.9032865762710571,0.029182612895965576,-0.008915593847632408,0.0719529539346695,-0.9969411492347717
5.237648900016211,0.0011086361482739449,2.5271341800689697,0.9034032821655273,0.02927859127521515,-0.008889797143638134,0.07190842181444168,-0.996941864490509
5.241760300006717,0.0011178171262145042,2.5271830558776855,0.9035170078277588,0.029301919043064117,-0.008862006478011608,0.07198533415794373,-0.9969358444213867
5.246045600040816,0.0010701436549425125,2.5272228717803955,0.9036620259284973,0.029696136713027954,-0.008784235455095768,0.07176297158002853,-0.9969409108161926
5.250228499993682,0.0010577207431197166,2.527280807495117,0.9037668704986572,0.029821263626217842,-0.008748939260840416,0.07182478159666061,-0.9969329833984375
5.254326099995524,0.0010426882654428482,2.5273420810699463,0.9038591980934143,0.029767638072371483,-0.008731034584343433,0.07190164178609848,-0.9969292283058167
5.258703600033186,0.0010364064946770668,2.5274136066436768,0.9039422869682312,0.030069736763834953,-0.008874882012605667,0.07173093408346176,-0.9969311952590942
5.262674800003879,0.0010379832237958908,2.5274782180786133,0.9040445685386658,0.030378516763448715,-0.008902040310204029,0.07144110649824142,-0.9969423413276672
5.266962299996521,0.0010015303269028664,2.5275535583496094,0.904141902923584,0.03049231320619583,-0.008864065632224083,0.0714125707745552,-0.9969412684440613
5.270893600012641,0.0009660022333264351,2.5276851654052734,0.904365062713623,0.030916525050997734,-0.007431817706674337,0.06993225961923599,-0.9970448017120361
5.274420400033705,0.0009660022333264351,2.5276851654052734,0.904365062713623,0.030916525050997734,-0.007431817706674337,0.06993225961923599,-0.9970448017120361
5.279070699994918,0.000916672870516777,2.527791738510132,0.9045220017433167,0.03097374550998211,-0.007298117037862539,0.06962861865758896,-0.9970653653144836
5.283336099993903,0.0008904300630092621,2.527817726135254,0.9045939445495605,0.031156424432992935,-0.007258305326104164,0.06964916735887527,-0.9970585107803345
5.287823599996045,0.0008578291162848473,2.5278801918029785,0.9046802520751953,0.0316944383084774,-0.007040195632725954,0.06956002116203308,-0.9970493316650391
5.2918520999955945,0.0008182777091860771,2.52789568901062,0.904737114906311,0.03178911283612251,-0.0070079052820801735,0.06929586082696915,-0.9970648884773254
5.296611000027042,0.0008013667538762093,2.5279109477996826,0.9048106074333191,0.031925227493047714,-0.006829516496509314,0.06910918653011322,-0.9970747232437134
5.300470000016503,0.0007826238870620728,2.5279428958892822,0.9048895239830017,0.0318172350525856,-0.0067502944730222225,0.0692288875579834,-0.9970704317092896
5.304770399990957,0.000746442936360836,2.527953624725342,0.9049795269966125,0.031699392944574356,-0.006715659983456135,0.06930407881736755,-0.9970691800117493
5.310045299993362,0.0007097143679857254,2.527975559234619,0.9050362706184387,0.03148570656776428,-0.006743393838405609,0.0694485679268837,-0.9970657229423523
5.314041800040286,0.0007095262408256531,2.5280022621154785,0.9050992727279663,0.03155439719557762,-0.006702105049043894,0.06933147460222244,-0.9970719814300537
5.317606500000693,0.0006815278902649879,2.528024196624756,0.9051597118377686,0.03163933753967285,-0.0066319783218204975,0.06929167360067368,-0.9970725774765015
5.321486900036689,0.0006459727883338928,2.5280208587646484,0.9052090048789978,0.031592126935720444,-0.006562165450304747,0.06921865791082382,-0.997079610824585
5.3251849000225775,0.0006245756521821022,2.528033971786499,0.9052590727806091,0.031305208802223206,-0.006454667076468468,0.0692414715886116,-0.9970877766609192
5.329726700030733,0.0006165178492665291,2.5281155109405518,0.905411958694458,0.030073750764131546,-0.0067477417178452015,0.07040566205978394,-0.9970422387123108
5.3340501000056975,0.0006095059216022491,2.5281145572662354,0.9054460525512695,0.030120452865958214,-0.006733711343258619,0.07039596140384674,-0.9970415234565735
5.337728900020011,0.0006055766716599464,2.5281238555908203,0.9054859280586243,0.02999703586101532,-0.00675950525328517,0.0705643966794014,-0.9970332384109497
5.3419735000352375,0.0005931016057729721,2.5281174182891846,0.9055283069610596,0.02984282746911049,-0.006452376022934914,0.07079845666885376,-0.9970232844352722
5.345973499992397,0.0006050672382116318,2.5281035900115967,0.905556857585907,0.02977597340941429,-0.006548772100359201,0.07086586952209473,-0.9970198273658752
5.350184999988414,0.0005870824679732323,2.5280847549438477,0.9055778384208679,0.02982339821755886,-0.006395815405994654,0.07086969912052155,-0.9970191717147827
5.354526500042994,0.0005832496099174023,2.5280494689941406,0.9056358337402344,0.02957215905189514,-0.006072653457522392,0.07130591571331024,-0.996997594833374
5.358552000019699,0.0005716141313314438,2.528028964996338,0.9056705236434937,0.029579434543848038,-0.005829741712659597,0.07131687551736832,-0.9969980716705322
5.362926700036041,0.0005543180741369724,2.528024673461914,0.9057020545005798,0.02951478399336338,-0.005674561019986868,0.0713953822851181,-0.996995210647583
5.366803200042341,0.000568366376683116,2.528010368347168,0.9056837558746338,0.02952667698264122,-0.005838134791702032,0.07148708403110504,-0.9969874024391174
5.371257800026797,0.0005705140065401793,2.5280027389526367,0.9056692719459534,0.029531722888350487,-0.0057430872693657875,0.07131222635507584,-0.9970002770423889
5.376351999992039,0.0005562600563280284,2.528014898300171,0.9056681394577026,0.029457809403538704,-0.005593460518866777,0.07148544490337372,-0.9969909191131592
5.380231800023466,0.0005458283703774214,2.5280091762542725,0.9056494832038879,0.029352497309446335,-0.005501321516931057,0.07150108367204666,-0.9969934225082397
5.384042899997439,0.0006067715585231781,2.5279273986816406,0.9054176807403564,0.031212590634822845,-0.005893722642213106,0.06959474831819534,-0.9970695972442627
5.38776140002301,0.0005771564319729805,2.52790904045105,0.9054234027862549,0.031199319288134575,-0.0057945153675973415,0.0696999579668045,-0.9970632195472717
5.391950300021563,0.0005578584969043732,2.527897834777832,0.9054015278816223,0.031162843108177185,-0.0057787043042480946,0.06986286491155624,-0.9970530271530151
5.39618939999491,0.0005284547805786133,2.5278844833374023,0.905396580696106,0.031048638746142387,-0.005794462747871876,0.06976877897977829,-0.9970631003379822
5.400494700006675,0.0005133049562573433,2.527862548828125,0.9053539633750916,0.03134795278310776,-0.005792770069092512,0.06955590844154358,-0.9970685839653015
5.404690800001845,0.00047015678137540817,2.527843952178955,0.9053134918212891,0.031591691076755524,-0.0056684669107198715,0.06947030127048492,-0.9970676302909851
5.408419599989429,0.00036092475056648254,2.5278189182281494,0.9052544832229614,0.03165840357542038,-0.0057680984027683735,0.06933944672346115,-0.9970740079879761
5.412762599997222,0.00031627435237169266,2.527798652648926,0.9052072763442993,0.031932175159454346,-0.005566841457039118,0.06901221722364426,-0.9970890879631042
5.417305100010708,0.00028283894062042236,2.5277843475341797,0.9051520228385925,0.03188304230570793,-0.005546182859688997,0.06886859238147736,-0.9971007704734802
5.421519000025,0.0002720225602388382,2.527771234512329,0.905080258846283,0.03185728192329407,-0.005727352574467659,0.06890150159597397,-0.9970983266830444
5.425440700026229,0.00025185663253068924,2.527775526046753,0.9050184488296509,0.032025858759880066,-0.005753022618591785,0.06878890097141266,-0.9971005320549011
5.4292934000259265,0.00021929480135440826,2.5277750492095947,0.9049017429351807,0.03223219886422157,-0.006220262963324785,0.0685163363814354,-0.9971098303794861
5.434298600011971,0.0001822570338845253,2.52775502204895,0.9048405885696411,0.032261431217193604,-0.006241141352802515,0.06844143569469452,-0.997113823890686
5.43809060001513,0.00013855192810297012,2.527750253677368,0.9047867655754089,0.03227347508072853,-0.006081458181142807,0.06848396360874176,-0.9971115589141846
5.441920300014317,8.184276521205902e-05,2.527724266052246,0.9047245383262634,0.03229165077209473,-0.006088767666369677,0.06846947968006134,-0.9971119165420532
5.446530900022481,1.817569136619568e-05,2.5276894569396973,0.9046558141708374,0.03237712383270264,-0.006169724743813276,0.06845325231552124,-0.9971097111701965
5.450156300037634,-9.126961231231689e-07,2.5275862216949463,0.9044318199157715,0.032197218388319016,-0.0074659851379692554,0.06962601095438004,-0.9970254898071289
5.454402600007597,-6.595440208911896e-05,2.5275444984436035,0.9043437242507935,0.0319942943751812,-0.007346727419644594,0.06977688521146774,-0.9970223307609558
5.45865899999626,-0.00013629719614982605,2.527489423751831,0.9043131470680237,0.032102666795253754,-0.006926978472620249,0.06976674497127533,-0.9970225691795349
5.463447600021027,-0.0002145739272236824,2.527465581893921,0.9041935205459595,0.032110147178173065,-0.00708439014852047,0.06951211392879486,-0.9970390796661377
5.467578400042839,-0.0002909647300839424,2.52742338180542,0.904090940952301,0.031946465373039246,-0.006852823309600353,0.06941244006156921,-0.9970529079437256
5.471147300035227,-0.00038004666566848755,2.527348518371582,0.90397047996521,0.03176146745681763,-0.00662409421056509,0.06923852860927582,-0.9970724582672119
5.475253600045107,-0.00047235842794179916,2.5272815227508545,0.9038795828819275,0.031669732183218,-0.006409130059182644,0.06917606294155121,-0.9970811009407043
5.479488999990281,-0.0005795331671833992,2.5271692276000977,0.9037695527076721,0.03224783018231392,-0.006290638353675604,0.06850524246692657,-0.997109591960907
5.483516500040423,-0.0006979731842875481,2.5270731449127197,0.9037020802497864,0.03198486566543579,-0.005832721944898367,0.06845736503601074,-0.9971241354942322
5.487951899995096,-0.000944782979786396,2.526912212371826,0.9034945368766785,0.029598623514175415,-0.004601545166224241,0.06909707188606262,-0.9971601366996765
5.491741800040472,-0.001062467461451888,2.526818037033081,0.9034277200698853,0.02957235835492611,-0.004473495297133923,0.06887076795101166,-0.9971771240234375
5.496186800010037,-0.001200695987790823,2.52669358253479,0.9033863544464111,0.02969684824347496,-0.004289847798645496,0.06873367726802826,-0.9971837401390076
5.500738700036891,-0.001330271945334971,2.5265650749206543,0.9033418297767639,0.02985008805990219,-0.004277123603969812,0.0686262771487236,-0.9971866011619568
5.5044471000437625,-0.0014696375001221895,2.5263824462890625,0.9032599925994873,0.02917831391096115,-0.004223037511110306,0.06860992312431335,-0.9972078204154968
5.5086994000012055,-0.0016297237016260624,2.526236057281494,0.9032350182533264,0.029340112581849098,-0.004052073694765568,0.06834153085947037,-0.9972223043441772
5.512431500013918,-0.0016297237016260624,2.526236057281494,0.9032350182533264,0.029340112581849098,-0.004052073694765568,0.06834153085947037,-0.9972223043441772
5.5164730999968015,-0.0016297237016260624,2.526236057281494,0.9032350182533264,0.029340112581849098,-0.004052073694765568,0.06834153085947037,-0.9972223043441772
5.520737300044857,-0.0022415006533265114,2.525611400604248,0.9031051993370056,0.032119039446115494,-0.003556400304660201,0.06535536050796509,-0.9973387122154236
5.525186799990479,-0.0023680904414504766,2.5254433155059814,0.9030172824859619,0.03133128955960274,-0.003431010525673628,0.06550754606723785,-0.99735426902771
5.52934930002084,-0.0025210834573954344,2.5253140926361084,0.9030194282531738,0.03146481513977051,-0.0028991082217544317,0.0657837763428688,-0.9973335266113281
5.533473999996204,-0.002665739506483078,2.5251636505126953,0.9029555916786194,0.03125515580177307,-0.0026244509499520063,0.06568866223096848,-0.9973471164703369
5.538229300000239,-0.002811858430504799,2.525005340576172,0.902854323387146,0.030846234411001205,-0.0026772627606987953,0.06600207835435867,-0.9973390698432922
5.543866500025615,-0.0029469477012753487,2.52484130859375,0.9027539491653442,0.030862482264637947,-0.0025144850369542837,0.06593737006187439,-0.9973432421684265
5.547714799991809,-0.0030718157067894936,2.524656295776367,0.9025968909263611,0.030569519847631454,-0.0028835046105086803,0.06627612560987473,-0.9973287582397461
5.551998500013724,-0.003201950341463089,2.524401903152466,0.9024850726127625,0.029862286522984505,-0.003316668327897787,0.06777982413768768,-0.9972478151321411
5.556381100032013,-0.003421948291361332,2.524168014526367,0.9024628400802612,0.02897379919886589,-0.0031178989447653294,0.06837387382984161,-0.9972341656684875
5.5600260000210255,-0.003572193905711174,2.5238523483276367,0.9022185206413269,0.028304683044552803,-0.004179185256361961,0.06991579383611679,-0.9971425533294678
5.563472000008915,-0.003689001314342022,2.523477554321289,0.902099072933197,0.025868698954582214,-0.0037851366214454174,0.07124775648117065,-0.997115969657898
5.5671043000184,-0.004119372460991144,2.5232369899749756,0.902198076248169,0.025956004858016968,-0.002814828883856535,0.07074011862277985,-0.9971530437469482
5.571556899987627,-0.004328456707298756,2.5230002403259277,0.9022604823112488,0.026899810880422592,-0.0023680077865719795,0.06961182504892349,-0.9972085952758789
5.575432699988596,-0.00442125741392374,2.522763967514038,0.9021550416946411,0.02620813436806202,-0.0031304440926760435,0.06955704838037491,-0.9972288012504578
5.579424099996686,-0.004649034235626459,2.5225749015808105,0.9021320343017578,0.026129690930247307,-0.0027591974940150976,0.06951981782913208,-0.9972345232963562
5.583453200000804,-0.004821614362299442,2.5223677158355713,0.9020835757255554,0.025931768119335175,-0.002781322691589594,0.06929276138544083,-0.9972553849220276
5.588015399989672,-0.00498858792707324,2.5221657752990723,0.9020262956619263,0.025785531848669052,-0.0026641765143722296,0.06908293813467026,-0.9972741007804871
5.592106800002512,-0.005235521588474512,2.521899461746216,0.9020000100135803,0.02700565941631794,-0.001674700528383255,0.0676184594631195,-0.9973443746566772
5.596086300036404,-0.005415207240730524,2.5216543674468994,0.9019283652305603,0.02638779953122139,-0.001728926901705563,0.06739340722560883,-0.9973759651184082
5.600294000003487,-0.00554624292999506,2.521378993988037,0.901689887046814,0.028188200667500496,-0.001718152780085802,0.06543382257223129,-0.9974573254585266
5.604520499997307,-0.005761318374425173,2.52118182182312,0.9017124772071838,0.028237666934728622,-0.0011159079149365425,0.06509461253881454,-0.9974789023399353
5.609063000010792,-0.005908373277634382,2.5209848880767822,0.9016651511192322,0.027880199253559113,-0.0009009014465846121,0.06510419398546219,-0.9974884986877441
5.61253189999843,-0.005908373277634382,2.5209848880767822,0.9016651511192322,0.027880199253559113,-0.0009009014465846121,0.06510419398546219,-0.9974884986877441
5.616740300029051,-0.006274097599089146,2.5206499099731445,0.901666522026062,0.027352318167686462,-0.0007660146220587194,0.06498340517282486,-0.9975111484527588
5.621154399996158,-0.00643975380808115,2.5204579830169678,0.9016534090042114,0.027028070762753487,-0.000618366408161819,0.06480253487825394,-0.9975318908691406
5.625610199989751,-0.006611975375562906,2.5202362537384033,0.9015558362007141,0.026438267901539803,-0.0009989786194637418,0.06579942256212234,-0.9974821209907532
5.6294158000382595,-0.006852307356894016,2.519960880279541,0.9015339016914368,0.02649049274623394,-0.00010932650184258819,0.06470941752195358,-0.9975524544715881
5.633981299994048,-0.006972376722842455,2.5198066234588623,0.9015458226203918,0.026246502995491028,-3.631106665125117e-05,0.06474954634904861,-0.9975563287734985
5.637903299997561,-0.007073931396007538,2.519603967666626,0.9016409516334534,0.025051027536392212,-0.00046315157669596374,0.06493761390447617,-0.9975747466087341
5.641905400028918,-0.007269598543643951,2.519402503967285,0.9016972780227661,0.024165721610188484,-0.00041710029472596943,0.06494787335395813,-0.9975959658622742
5.645959299989045,-0.007471790071576834,2.519179105758667,0.9017290472984314,0.022709965705871582,0.00046770984772592783,0.0652223601937294,-0.9976122379302979
5.650164199993014,-0.007614401169121265,2.519038677215576,0.9018265604972839,0.022457413375377655,0.0008218988659791648,0.06529422849416733,-0.9976129531860352
5.654517500021029,-0.0077526625245809555,2.5188605785369873,0.9018712639808655,0.02260822430253029,0.0006458592833951116,0.06503407657146454,-0.9976267218589783
5.658454700023867,-0.00784931518137455,2.518709897994995,0.9019033312797546,0.022585218772292137,0.0006421979051083326,0.06493888050317764,-0.9976334571838379
5.662708699994255,-0.007934506982564926,2.5185811519622803,0.9019027948379517,0.022538065910339355,0.0004258723638486117,0.06496810913085938,-0.9976327419281006
5.666779000021052,-0.00798488687723875,2.518420457839966,0.9019067883491516,0.022201653569936752,0.00023282227630261332,0.06564687192440033,-0.9975958466529846
5.6710168000427075,-0.008167793042957783,2.5183043479919434,0.9018852114677429,0.023449137806892395,0.0008104306762106717,0.06399450451135635,-0.9976744651794434
5.675106400041841,-0.008222074247896671,2.5181283950805664,0.9019023776054382,0.023035753518342972,0.0009682121453806758,0.06539855152368546,-0.9975928664207458
5.678684100043029,-0.008222074247896671,2.5181283950805664,0.9019023776054382,0.023035753518342972,0.0009682121453806758,0.06539855152368546,-0.9975928664207458
5.682297700026538,-0.008222074247896671,2.5181283950805664,0.9019023776054382,0.023035753518342972,0.0009682121453806758,0.06539855152368546,-0.9975928664207458
5.686581999994814,-0.008362754248082638,2.5180416107177734,0.901890218257904,0.023077942430973053,0.0004994662012904882,0.06538813561201096,-0.9975928664207458
5.690515200025402,-0.008591274730861187,2.517915964126587,0.9019731283187866,0.022445807233452797,0.00043361191637814045,0.06470972299575806,-0.9976516366004944
5.696529800014105,-0.008912181481719017,2.517824172973633,0.9021177887916565,0.0225842222571373,0.00015976039867382497,0.06444892287254333,-0.9976654052734375
5.700185400026385,-0.00897572934627533,2.5177624225616455,0.9022186994552612,0.022657882422208786,-0.00014427000132855028,0.06439127027988434,-0.9976674914360046
5.704933700035326,-0.009145282208919525,2.5176854133605957,0.9023109078407288,0.022874189540743828,-0.00014669659140054137,0.06423737853765488,-0.9976724982261658
5.709049099998083,-0.00929389987140894,2.517674446105957,0.9024429321289062,0.023424142971634865,5.672288352798205e-06,0.06425371021032333,-0.9976587295532227
5.712790800025687,-0.009414969943463802,2.517618179321289,0.9026267528533936,0.023140553385019302,0.00016945645620580763,0.06459072977304459,-0.9976435303688049
5.717248400032986,-0.0095040462911129,2.5175254344940186,0.9027900695800781,0.022471019998192787,0.00011692974658217281,0.06435655057430267,-0.9976739287376404
5.720989499997813,-0.009583801031112671,2.517498254776001,0.9028946161270142,0.022366249933838844,0.000158051640028134,0.06425662338733673,-0.9976828098297119
5.725578200013842,-0.009635028429329395,2.5174789428710938,0.9029987454414368,0.022217458114027977,0.00010049715638160706,0.06435451656579971,-0.9976797699928284
5.731412300025113,-0.009728111326694489,2.5174598693847656,0.9031566381454468,0.022096458822488785,0.0007866614032536745,0.06427767872810364,-0.9976871013641357
5.735461900010705,-0.009780068881809711,2.5173451900482178,0.9031763672828674,0.021292420104146004,-0.00027148585650138557,0.06561247259378433,-0.9976180195808411
5.742066500009969,-0.009955680929124355,2.517371654510498,0.9033703207969666,0.021190375089645386,-0.0001055857355822809,0.0653759241104126,-0.9976357221603394
5.746433100022841,-0.010112850926816463,2.517368793487549,0.9034906029701233,0.020760774612426758,0.00017899996601045132,0.06521500647068024,-0.9976552724838257
5.750688600004651,-0.010259168222546577,2.5173635482788086,0.903616189956665,0.020694803446531296,0.0005114705418236554,0.06531253457069397,-0.9976500868797302
5.7551633000257425,-0.010368948802351952,2.517402172088623,0.9037236571311951,0.020979085937142372,0.0007492180448025465,0.06483298540115356,-0.997675359249115
5.759653399989475,-0.010368948802351952,2.517402172088623,0.9037236571311951,0.020979085937142372,0.0007492180448025465,0.06483298540115356,-0.997675359249115
5.763330099987797,-0.010505061596632004,2.5174560546875,0.903845489025116,0.021031061187386513,0.00103293068241328,0.06431470811367035,-0.9977074861526489
5.767378700023983,-0.010709606111049652,2.5175716876983643,0.9039410948753357,0.021978216245770454,0.0010063692461699247,0.06382627040147781,-0.9977184534072876
5.7726161000318825,-0.010884523391723633,2.5175371170043945,0.9039809703826904,0.022944044321775436,0.0016812756657600403,0.06277395039796829,-0.9977626204490662
5.776535400014836,-0.010942372493445873,2.5176408290863037,0.9041233658790588,0.023014871403574944,0.0022006065119057894,0.06142635643482208,-0.997843861579895
5.780963900033385,-0.010981986299157143,2.5176970958709717,0.904201090335846,0.02293604239821434,0.0020506083965301514,0.06078476086258888,-0.9978852868080139
5.7859472000272945,-0.011149957776069641,2.5175869464874268,0.9042442440986633,0.022692635655403137,0.0014294940046966076,0.062308721244335175,-0.997797966003418
5.789993699989282,-0.011234451085329056,2.5175774097442627,0.9043832421302795,0.022702915593981743,0.001642546383664012,0.06205672398209572,-0.9978131055831909
5.794606500014197,-0.011381185613572598,2.5176193714141846,0.9045466184616089,0.022959165275096893,0.0014612225349992514,0.06068812310695648,-0.9978916049003601
5.799719000002369,-0.011404111981391907,2.5174970626831055,0.9048551917076111,0.021645933389663696,0.0007436205050908029,0.061680104583501816,-0.9978609681129456
5.804224300023634,-0.011487969197332859,2.517550230026245,0.9050339460372925,0.022240350022912025,0.0008181019802577794,0.06180759519338608,-0.9978399276733398
5.809736800030805,-0.011571371927857399,2.517552375793457,0.9052332043647766,0.02233685553073883,0.0008451902540400624,0.06164177507162094,-0.9978480339050293
5.813555200002156,-0.011623138561844826,2.5176234245300293,0.9055258631706238,0.023395517840981483,0.00029006527620367706,0.061619970947504044,-0.9978255033493042
5.817163300001994,-0.011875081807374954,2.517634630203247,0.9058794379234314,0.023003295063972473,0.0006607350660488009,0.06208127737045288,-0.9978057742118835
5.821749599999748,-0.011935590766370296,2.5176689624786377,0.9061068892478943,0.02268008515238762,0.0006527388468384743,0.062404803931713104,-0.9977929592132568
5.825214900018182,-0.01195814274251461,2.5176565647125244,0.9062865972518921,0.0222752895206213,0.00011799114872701466,0.06221264228224754,-0.9978142976760864
5.829386600002181,-0.011983895674347878,2.517672061920166,0.9064691066741943,0.02212558314204216,-8.814092871034518e-05,0.062424153089523315,-0.9978044629096985
5.833589699992444,-0.012035757303237915,2.5176172256469727,0.906674861907959,0.023683765903115273,-1.1085237929364666e-05,0.061152469366788864,-0.9978474378585815
5.837768000026699,-0.012084624730050564,2.5176522731781006,0.9069909453392029,0.020956873893737793,-0.0006111680995672941,0.06322126090526581,-0.9977792501449585
5.842355100030545,-0.012116631492972374,2.5176806449890137,0.907181978225708,0.020599275827407837,-0.0006880775326862931,0.06362675130367279,-0.9977608919143677
5.8465000000433065,-0.01212945207953453,2.5176877975463867,0.9073753952980042,0.02056218683719635,-0.0008318534819409251,0.06371662020683289,-0.9977558255195618
5.850212900026236,-0.012285728007555008,2.517692804336548,0.9076811671257019,0.020169232040643692,0.00010285315511282533,0.06419117003679276,-0.9977338314056396
5.854583800013643,-0.012330840341746807,2.5176737308502197,0.9079450368881226,0.019750624895095825,8.205854101106524e-05,0.06457550823688507,-0.9977173805236816
5.858954099996481,-0.012364204972982407,2.5176963806152344,0.9080619812011719,0.019716676324605942,-0.0003182669752277434,0.06470455974340439,-0.9977096319198608
5.863107800018042,-0.012440532445907593,2.5177059173583984,0.9082489013671875,0.01928083784878254,-0.0003036759444512427,0.06492335349321365,-0.9977039694786072
5.866779700038023,-0.012488365173339844,2.5177805423736572,0.9084065556526184,0.01932758465409279,-0.0004946419503539801,0.06494211405515671,-0.9977017045021057
5.871459099987987,-0.012514679692685604,2.517887830734253,0.9085794687271118,0.02023361064493656,-0.0006264603580348194,0.06480607390403748,-0.9976925849914551
5.875680500001181,-0.01255474891513586,2.5179359912872314,0.9087269902229309,0.020439930260181427,-0.0007787696085870266,0.06478114426136017,-0.9976898431777954
5.879490700026508,-0.012693715281784534,2.518087148666382,0.9090602397918701,0.02094138413667679,0.0008899929816834629,0.06351558864116669,-0.9977607131004333
5.883790499996394,-0.012706076726317406,2.5181612968444824,0.9092299342155457,0.020800260826945305,0.0005139717250131071,0.06363772600889206,-0.9977561831474304
5.887579500034917,-0.012776139192283154,2.5182149410247803,0.9093976020812988,0.02094525657594204,0.0007677772082388401,0.0635729506611824,-0.9977571368217468
5.893175000033807,-0.012922142632305622,2.518234968185425,0.909615695476532,0.021128933876752853,0.0012252401793375611,0.0636298879981041,-0.9977491497993469
5.897807200031821,-0.012961089611053467,2.5182759761810303,0.9097516536712646,0.02121914178133011,0.0012230800930410624,0.06381825357675552,-0.9977352619171143
5.901813700038474,-0.012985484674572945,2.518317937850952,0.9098838567733765,0.021281830966472626,0.0012922227615490556,0.06376033276319504,-0.9977375268936157
5.90527640003711,-0.013044665567576885,2.518350124359131,0.9100722670555115,0.02142620086669922,0.0011426659766584635,0.06368160992860794,-0.9977395534515381
5.909030700044241,-0.01319609209895134,2.518399477005005,0.910334587097168,0.021061137318611145,0.0013222182169556618,0.06408410519361496,-0.9977213740348816
5.912637000030372,-0.01319609209895134,2.518399477005005,0.910334587097168,0.021061137318611145,0.0013222182169556618,0.06408410519361496,-0.9977213740348816
5.916453400044702,-0.01319609209895134,2.518399477005005,0.910334587097168,0.021061137318611145,0.0013222182169556618,0.06408410519361496,-0.9977213740348816
5.9211017999914475,-0.013216942548751831,2.5185701847076416,0.9108969569206238,0.023483719676733017,0.0001326269848505035,0.06315590441226959,-0.9977273344993591
5.925955100043211,-0.013245673850178719,2.518599033355713,0.9110730290412903,0.023574763908982277,0.00018252839799970388,0.06296266615390778,-0.9977374076843262
5.929734700010158,-0.013290470466017723,2.518630266189575,0.9112741351127625,0.02362973988056183,0.00023037641949485987,0.06302205473184586,-0.997732400894165
5.9336094000027515,-0.013347344473004341,2.518631935119629,0.9114566445350647,0.02383492700755596,0.00020981447596568614,0.06287673115730286,-0.9977366924285889
5.938127700006589,-0.013366669416427612,2.5186514854431152,0.9116472005844116,0.023688940331339836,0.00018522058962844312,0.0630132406949997,-0.9977315068244934
5.941881000006106,-0.013362042605876923,2.5186455249786377,0.9118497967720032,0.02349204197525978,-9.084177145268768e-05,0.06309099495410919,-0.9977312684059143
5.946151100040879,-0.013404794968664646,2.5185694694519043,0.9120091199874878,0.022487467154860497,9.767112351255491e-05,0.06313756853342056,-0.9977514147758484
5.950133900041692,-0.013401350006461143,2.5185251235961914,0.9122254848480225,0.022286836057901382,0.000227900585741736,0.0636376142501831,-0.9977242350578308
5.9543568000080995,-0.013401350006461143,2.5185251235961914,0.9122254848480225,0.022286836057901382,0.000227900585741736,0.0636376142501831,-0.9977242350578308
5.960042899998371,-0.013368547894060612,2.51847243309021,0.9127501249313354,0.01990995556116104,-0.0003591499989852309,0.06485062092542648,-0.9976963400840759
5.963766100001521,-0.013344062492251396,2.518418073654175,0.9129108786582947,0.0196648221462965,-0.0004812288680113852,0.0650642141699791,-0.9976872205734253
5.967629600025248,-0.013309435918927193,2.518374443054199,0.9130894541740417,0.01938943937420845,-0.0005308272666297853,0.0650845319032669,-0.99769127368927
5.971503000007942,-0.013263913802802563,2.5183193683624268,0.9132460951805115,0.01920674741268158,-0.0008212162065319717,0.06535754352807999,-0.9976767897605896
5.975353499990888,-0.013231053948402405,2.5182700157165527,0.91341233253479,0.019172323867678642,-0.0008403733954764903,0.06537303328514099,-0.997676432132721
5.979940099990927,-0.013182118535041809,2.5181901454925537,0.9135812520980835,0.018686825409531593,-0.000941523932851851,0.06547454744577408,-0.997678816318512
5.983762399991974,-0.013105986639857292,2.518216848373413,0.9139048457145691,0.018980370834469795,0.0002948689507320523,0.06435335427522659,-0.9977467060089111
5.987925300025381,-0.013087719678878784,2.5180392265319824,0.9140908718109131,0.018046950921416283,-0.00010604459384921938,0.06558851897716522,-0.9976835250854492
5.992548000009265,-0.013064286671578884,2.517937660217285,0.914260983467102,0.01779164746403694,0.00028381668380461633,0.06602755188941956,-0.9976592063903809
5.996697900001891,-0.01304396241903305,2.5177886486053467,0.9144957065582275,0.018514545634388924,0.0007547808345407248,0.06573894619941711,-0.9976648092269897
6.000776700035203,-0.013039554469287395,2.5177159309387207,0.9147540330886841,0.018953299149870872,0.001007828046567738,0.06564470380544662,-0.9976625442504883
6.004711100016721,-0.012971248477697372,2.5175864696502686,0.91493159532547,0.0190279521048069,0.0010536907939240336,0.06581274420022964,-0.9976500868797302
6.008914900012314,-0.012744950130581856,2.5175576210021973,0.9151296019554138,0.02001914195716381,0.0005543428123928607,0.06556206941604614,-0.9976475834846497
6.012628800002858,-0.012553002685308456,2.517470598220825,0.9152763485908508,0.020033253356814384,0.0004940369981341064,0.06555689126253128,-0.9976475834846497
6.017100099998061,-0.01246644090861082,2.5173206329345703,0.9154385924339294,0.02052347920835018,0.0003656009503174573,0.06489671766757965,-0.9976809024810791
6.021284200018272,-0.012273289263248444,2.5171351432800293,0.9155522584915161,0.021953387185931206,0.0006643811939284205,0.0634813979268074,-0.9977413415908813
6.02518360002432,-0.012147736735641956,2.5170352458953857,0.9157015681266785,0.022232500836253166,0.0006076392601244152,0.06332983821630478,-0.9977447986602783
6.0295048000407405,-0.012034335173666477,2.5168652534484863,0.9158519506454468,0.021428482607007027,0.00030352987232618034,0.06317667663097382,-0.9977722764015198
6.033455400029197,-0.011923449113965034,2.5167322158813477,0.9159917235374451,0.021227005869150162,0.00024624375510029495,0.06312686949968338,-0.9977797865867615
6.037808199995197,-0.011824698187410831,2.5166492462158203,0.9162402153015137,0.020259710028767586,-7.383747288258746e-05,0.0635274276137352,-0.9977744221687317
6.0418822999927215,-0.011856433935463428,2.5164389610290527,0.9166298508644104,0.019418815150856972,0.00039627650403417647,0.06361962854862213,-0.997785210609436
6.0460395000409335,-0.011716175824403763,2.516261577606201,0.9167659878730774,0.01882089488208294,-0.00028613192262127995,0.06394796073436737,-0.9977757334709167
6.050235900038388,-0.011534806340932846,2.516101360321045,0.9168228507041931,0.017957225441932678,-0.0010828396771103144,0.06437147408723831,-0.9977638721466064
6.054312399995979,-0.011495883576571941,2.5159053802490234,0.9169934988021851,0.017206449061632156,-0.0004176753282081336,0.06465698778629303,-0.9977591037750244
6.05856470001163,-0.01141202449798584,2.5157630443573,0.9171692132949829,0.016720568761229515,-0.00024471170036122203,0.0648321658372879,-0.9977560639381409
6.06291149999015,-0.011301691643893719,2.515608310699463,0.9172971248626709,0.016515573486685753,-0.0001843120262492448,0.06498736888170242,-0.997749388217926
6.066871199989691,-0.011136054061353207,2.515416383743286,0.9173517227172852,0.0163333211094141,-0.0005120104760862887,0.0652456134557724,-0.9977355003356934
6.07107740000356,-0.011054348200559616,2.515327215194702,0.9176557064056396,0.016664687544107437,0.001134218997322023,0.06393665820360184,-0.9978142380714417
6.0751034000422806,-0.01091180182993412,2.5151312351226807,0.9177459478378296,0.016412431374192238,0.0012089406372979283,0.06469660252332687,-0.9977693557739258
6.079581300029531,-0.010712729766964912,2.5149452686309814,0.9178230166435242,0.01648785173892975,0.0006460297154262662,0.06464596092700958,-0.9977719187736511
6.0836550000240095,-0.01041628047823906,2.5147151947021484,0.9178682565689087,0.01775328442454338,0.0012106029316782951,0.0632643848657608,-0.9978381395339966
6.08722200000193,-0.01041628047823906,2.5147151947021484,0.9178682565689087,0.01775328442454338,0.0012106029316782951,0.0632643848657608,-0.9978381395339966
6.091658400022425,-0.01007583737373352,2.514277935028076,0.91800457239151,0.017007868736982346,0.0010415639262646437,0.06251175701618195,-0.9978988170623779
6.095943899999838,-0.009877566248178482,2.514064073562622,0.9181151390075684,0.01634902134537697,0.0011082388227805495,0.062223080545663834,-0.9979277849197388
6.100232600001618,-0.009685499593615532,2.513901472091675,0.9182056188583374,0.016168465837836266,0.0012841661227867007,0.062221724539995193,-0.9979305267333984
6.104348000022583,-0.009499619714915752,2.513741970062256,0.9183338284492493,0.017850693315267563,0.0007147376309148967,0.06128712370991707,-0.9979602694511414
6.108634800009895,-0.00932428427040577,2.5135231018066406,0.9183419346809387,0.017818914726376534,-0.00027674526791088283,0.06256479024887085,-0.9978818297386169
6.112778700015042,-0.009173909202218056,2.513396739959717,0.9184522032737732,0.01726469397544861,-0.00038305509951896966,0.0627654418349266,-0.997878909111023
6.116821900010109,-0.009029173292219639,2.5132155418395996,0.9185267090797424,0.01729583740234375,-0.0004903365042991936,0.06263434141874313,-0.997886598110199
6.121042100014165,-0.008848832920193672,2.5130717754364014,0.9186083674430847,0.016742676496505737,-0.000918055244255811,0.06295467168092728,-0.9978755712509155
6.125516200030688,-0.008662473410367966,2.5128912925720215,0.9187048673629761,0.016489721834659576,-0.0011243332410231233,0.06311623007059097,-0.9978693723678589
6.129396100004669,-0.008540041744709015,2.5127501487731934,0.9187586903572083,0.016287339851260185,-0.0010527457343414426,0.06319683790206909,-0.9978677034378052
6.133842500043102,-0.008416453376412392,2.5126097202301025,0.9188277125358582,0.01594253070652485,-0.001391101977787912,0.06341852992773056,-0.9978587031364441
6.137693300028332,-0.008249989710748196,2.512446880340576,0.9188240766525269,0.015393227338790894,-0.0013922791695222259,0.06338036060333252,-0.9978697299957275
6.143726800044533,-0.00809421855956316,2.5122897624969482,0.9188336730003357,0.015141506679356098,-0.0015249554999172688,0.06337279081344604,-0.9978739023208618
6.148795299988706,-0.007943915203213692,2.5121870040893555,0.9189617037773132,0.013668552041053772,-0.0017768243560567498,0.06438957154750824,-0.9978296756744385
6.152989200025331,-0.007757847663015127,2.5120136737823486,0.9189162254333496,0.01273488812148571,-0.001880670664831996,0.06427477300167084,-0.9978492259979248
6.156723599997349,-0.007703396491706371,2.5118165016174316,0.9189502000808716,0.011996470391750336,-0.0013699179980903864,0.0643095076084137,-0.9978570342063904
6.1603568000136875,-0.007548630703240633,2.511601686477661,0.9189411997795105,0.013288959860801697,-0.00131389987654984,0.06324990838766098,-0.9979084730148315
6.164457000035327,-0.00740306219086051,2.5115585327148438,0.9189046025276184,0.011968717910349369,-0.0020471808966249228,0.06431236863136292,-0.9978560209274292
6.171199200034607,-0.0072427913546562195,2.511335611343384,0.9189130067825317,0.01327351201325655,-0.0012894462561234832,0.06300585716962814,-0.9979240894317627
6.1754756000009365,-0.007166124880313873,2.511270046234131,0.9188734292984009,0.013171377591788769,-0.0014691200340166688,0.06294646859169006,-0.9979289770126343
6.17937259998871,-0.007007045671343803,2.511263132095337,0.9187701344490051,0.012390587478876114,-0.0018225809326395392,0.06354085355997086,-0.9979007244110107
6.183778300008271,-0.006930014118552208,2.511258840560913,0.9186897873878479,0.012326216325163841,-0.002049999311566353,0.06340491771697998,-0.9979097247123718
6.189729900041129,-0.006855270825326443,2.511212110519409,0.9185731410980225,0.01288272999227047,-0.0016920396592468023,0.06277836859226227,-0.9979429841041565
6.193651300040074,-0.0067773377522826195,2.511207103729248,0.9184986352920532,0.012869011610746384,-0.0016473255818709731,0.0625700056552887,-0.9979562759399414
6.197947300039232,-0.006737919524312019,2.511234998703003,0.9184052348136902,0.013033623807132244,-0.0014761764323338866,0.06263135373592377,-0.9979506134986877
6.204470900003798,-0.006704163737595081,2.5112993717193604,0.9183924794197083,0.011382355354726315,-0.0005267348606139421,0.06363353878259659,-0.9979082942008972
6.209349200013094,-0.006681489758193493,2.5113306045532227,0.9182687997817993,0.011482889764010906,-0.0003189246344845742,0.06336657702922821,-0.9979242086410522
6.2128981000278145,-0.006652254611253738,2.5112526416778564,0.9178619980812073,0.013721602968871593,-0.0005782411899417639,0.06107742711901665,-0.9980385899543762
6.217099000001326,-0.0066782026551663876,2.5112831592559814,0.9177539944648743,0.01396879367530346,-0.00042008355376310647,0.06088757514953613,-0.998046875
6.22111159999622,-0.006679275538772345,2.511404275894165,0.9176557064056396,0.014635995030403137,-0.00025726467720232904,0.060809530317783356,-0.998042106628418
6.225418100017123,-0.006746525876224041,2.511443614959717,0.9175194501876831,0.014195794239640236,5.8864487073151395e-05,0.0606805793941021,-0.9980562925338745
6.229327200038824,-0.006822367198765278,2.5115299224853516,0.9173869490623474,0.01429708767682314,0.00023494080232921988,0.06047357618808746,-0.9980674386024475
6.2337390999891795,-0.006951372139155865,2.511676788330078,0.9172233939170837,0.014172117225825787,0.0008036152576096356,0.060595475137233734,-0.99806147813797
6.237871800025459,-0.007114905398339033,2.5117204189300537,0.9169895648956299,0.012675409205257893,0.0015685613034293056,0.06081767380237579,-0.9980671405792236
6.241766799998004,-0.00727827288210392,2.512068271636963,0.9169295430183411,0.01283238921314478,0.0023797356989234686,0.06086960434913635,-0.998060405254364
6.246110100008082,-0.007409324869513512,2.5122387409210205,0.9167560935020447,0.012987609021365643,0.0024639021139591932,0.061102673411369324,-0.9980440139770508
6.250603599997703,-0.007556146010756493,2.512455463409424,0.9165727496147156,0.013130894862115383,0.0028168766293674707,0.06159372627735138,-0.9980109333992004
6.254345400026068,-0.00767942052334547,2.512669801712036,0.9163845777511597,0.012434965930879116,0.003048194572329521,0.06231608986854553,-0.9979743361473083
6.258703800034709,-0.007832172326743603,2.5128917694091797,0.9161779880523682,0.013116843067109585,0.0030031558126211166,0.06205354630947113,-0.9979821443557739
6.262787000043318,-0.007993882521986961,2.5130209922790527,0.9159045219421387,0.012962588109076023,0.002641542349010706,0.06223370134830475,-0.9979739785194397
6.266943500027992,-0.008170589804649353,2.5131640434265137,0.9156801104545593,0.013161569833755493,0.002722875215113163,0.062388498336076736,-0.9979614019393921
6.271100200014189,-0.008402565494179726,2.5131778717041016,0.9153360724449158,0.012790682725608349,0.001858897740021348,0.0640382170677185,-0.99786376953125
6.277854100044351,-0.008671979419887066,2.5132784843444824,0.9151071906089783,0.012814352288842201,0.0020447089336812496,0.06384649127721786,-0.9978753328323364
6.283253900008276,-0.009147409349679947,2.5133440494537354,0.9145514965057373,0.014992200769484043,0.0026720112655311823,0.06166971102356911,-0.9979804158210754
6.287546900042798,-0.009421763941645622,2.5135176181793213,0.9143381714820862,0.01609165035188198,0.00336489942856133,0.06107882410287857,-0.9979975819587708
6.29191070003435,-0.009716827422380447,2.513598918914795,0.9140834212303162,0.015656769275665283,0.0045718601904809475,0.0612306147813797,-0.9979903697967529
6.296119700011332,-0.009988510981202126,2.5137553215026855,0.913913369178772,0.015946781262755394,0.004984503611922264,0.061786018311977386,-0.9979495406150818
6.30057050002506,-0.010331841185688972,2.5139496326446533,0.9137880802154541,0.015101401135325432,0.005530806258320808,0.0629030168056488,-0.9978901147842407
6.304379700042773,-0.010589633136987686,2.514075517654419,0.9135689735412598,0.014986803755164146,0.005317356437444687,0.06287699937820435,-0.9978945851325989
6.308741600019857,-0.010829461738467216,2.5141701698303223,0.913384199142456,0.014923197217285633,0.00534200482070446,0.06300114840269089,-0.9978875517845154
6.3148763999924995,-0.011134779080748558,2.5143191814422607,0.9131839275360107,0.01516649592667818,0.005661902483552694,0.061610832810401917,-0.9979689717292786
6.318566500034649,-0.01149047538638115,2.514378070831299,0.9130011200904846,0.014980887994170189,0.0064781769178807735,0.06130561977624893,-0.9979856014251709
6.322786000033375,-0.011744861491024494,2.514402389526367,0.9127606153488159,0.015054154209792614,0.006815599277615547,0.06112632155418396,-0.9979932308197021
6.327565100044012,-0.012061861343681812,2.5144264698028564,0.9124641418457031,0.01441212184727192,0.007692159619182348,0.061622876673936844,-0.9979658126831055
6.3311705000232905,-0.012406118214130402,2.514200448989868,0.9118472337722778,0.014841648750007153,0.007266840897500515,0.06109662353992462,-0.997995138168335
6.335425700002816,-0.012713492847979069,2.5142619609832764,0.9116606116294861,0.015629950910806656,0.007799114566296339,0.061068616807460785,-0.9979807734489441
6.343311100034043,-0.01319806557148695,2.5143039226531982,0.9112064838409424,0.01654539629817009,0.008472145535051823,0.060922861099243164,-0.9979694485664368
6.347157200041693,-0.013435742817819118,2.514312505722046,0.9110085368156433,0.01664736680686474,0.008700191043317318,0.060995906591415405,-0.9979612827301025
6.350722200004384,-0.013690797612071037,2.5143074989318848,0.9108266830444336,0.016380157321691513,0.009122409857809544,0.06114278733730316,-0.997952938079834
6.35505120002199,-0.013930127024650574,2.514282464981079,0.9106296300888062,0.016025828197598457,0.009544188156723976,0.06127067655324936,-0.9979469180107117
6.359395800041966,-0.014197910204529762,2.5142507553100586,0.9104561805725098,0.01603320613503456,0.01018099021166563,0.06117476895451546,-0.9979464411735535
6.363013299996965,-0.01455650944262743,2.5142807960510254,0.9101548790931702,0.014415808022022247,0.010406347922980785,0.06231747940182686,-0.9978979825973511
6.367305700026918,-0.014785440638661385,2.5141959190368652,0.9098678231239319,0.013046767562627792,0.010210162959992886,0.0625995472073555,-0.997901201248169
6.3716875000391155,-0.015189283527433872,2.5140910148620605,0.9095401763916016,0.014728812500834465,0.011244416236877441,0.061026256531476974,-0.9979641437530518
6.375910400005523,-0.015495484694838524,2.5140228271484375,0.9093222618103027,0.015127602033317089,0.011048351414501667,0.06077674776315689,-0.9979756474494934
6.379702300007921,-0.015764877200126648,2.5138914585113525,0.9090046286582947,0.014426334761083126,0.010137367062270641,0.062203872948884964,-0.9979076981544495
6.383804200042505,-0.015997517853975296,2.513824939727783,0.9087703227996826,0.014298628084361553,0.009859075769782066,0.062326688319444656,-0.9979046583175659
6.3876395000261255,-0.016207892447710037,2.51375150680542,0.9085859060287476,0.014112264849245548,0.010043798014521599,0.062262166291475296,-0.9979096055030823
6.39199070003815,-0.016353223472833633,2.513676881790161,0.9083912372589111,0.014127214439213276,0.010116882622241974,0.062103599309921265,-0.997918426990509
6.396165000041947,-0.016617104411125183,2.5136282444000244,0.9081873297691345,0.013847350142896175,0.01071789301931858,0.0616663433611393,-0.9979432225227356
6.400301399989985,-0.016813069581985474,2.5135529041290283,0.9079959392547607,0.013745925389230251,0.0111763970926404,0.061373040080070496,-0.997957706451416
6.404494100017473,-0.017020978033542633,2.513472080230713,0.9077667593955994,0.013339543715119362,0.011895800940692425,0.06138574704527855,-0.9979541301727295
6.408524300029967,-0.017168482765555382,2.5133981704711914,0.9075205326080322,0.01273247878998518,0.012083224952220917,0.06163627281785011,-0.9979442954063416
6.413122300000396,-0.017392605543136597,2.513319969177246,0.9073950052261353,0.01253555528819561,0.012971721589565277,0.061983104795217514,-0.9979142546653748
6.416930600011256,-0.017659991979599,2.5131876468658447,0.9071214199066162,0.01392402034252882,0.013961054384708405,0.06067827716469765,-0.9979626536369324
6.421062700042967,-0.017854956910014153,2.5131211280822754,0.906889796257019,0.014005444943904877,0.013575335033237934,0.06061261519789696,-0.9979707598686218
6.425216900010128,-0.018044473603367805,2.513077735900879,0.9067257642745972,0.014072994701564312,0.013479211367666721,0.06090648099780083,-0.9979532957077026
6.429305600002408,-0.018333641812205315,2.5129854679107666,0.9065691828727722,0.014896567910909653,0.013370980508625507,0.0613933689892292,-0.9979129433631897
6.433867599989753,-0.018556319177150726,2.5128886699676514,0.9063131809234619,0.015033631585538387,0.012666920199990273,0.06338398158550262,-0.9977956414222717
6.437704600044526,-0.018754899501800537,2.512838840484619,0.9061939120292664,0.014644511044025421,0.013008294627070427,0.06375720351934433,-0.9977732300758362
6.441852700023446,-0.01890379562973976,2.5128331184387207,0.9059234857559204,0.013959706760942936,0.012475674040615559,0.06406998634338379,-0.997769832611084
6.445495499996468,-0.01890379562973976,2.5128331184387207,0.9059234857559204,0.013959706760942936,0.012475674040615559,0.06406998634338379,-0.997769832611084
6.450044700002763,-0.019257405772805214,2.5127298831939697,0.9056000113487244,0.01352214440703392,0.012873487547039986,0.06407876312732697,-0.9977701902389526
6.4544326000032015,-0.019423723220825195,2.512653112411499,0.9054244756698608,0.013081717304885387,0.013370031490921974,0.06412500143051147,-0.9977666139602661
6.4605566000100225,-0.019645392894744873,2.512558698654175,0.9051884412765503,0.011589829809963703,0.014284015633165836,0.06437937915325165,-0.9977560639381409
6.465304100012872,-0.0197684895247221,2.512563943862915,0.9049999117851257,0.011686574667692184,0.014418824575841427,0.06454050540924072,-0.9977425336837769
6.469850499997847,-0.019943393766880035,2.5125648975372314,0.9047920107841492,0.01168802659958601,0.015061408281326294,0.06450540572404861,-0.9977352619171143
6.474875600019004,-0.020377878099679947,2.512571096420288,0.9043759107589722,0.011944446712732315,0.015640776604413986,0.06404656916856766,-0.9977529048919678
6.479176900000311,-0.020516449585556984,2.5125906467437744,0.9041992425918579,0.011876437813043594,0.015697648748755455,0.06412527710199356,-0.9977477192878723
6.483762699994259,-0.020702507346868515,2.5125975608825684,0.9039849638938904,0.011985570192337036,0.015215317718684673,0.0641847550868988,-0.9977501034736633
6.487965400039684,-0.02089911699295044,2.5126125812530518,0.9038960337638855,0.012001348659396172,0.015696773305535316,0.06454692035913467,-0.9977191090583801
6.491887000040151,-0.021102331578731537,2.5127062797546387,0.9037674069404602,0.012113609351217747,0.015902042388916016,0.06362801790237427,-0.9977734684944153
6.496391099994071,-0.021376334130764008,2.512716770172119,0.90364009141922,0.012015895918011665,0.016182798892259598,0.0636555552482605,-0.9977684020996094
6.500176100002136,-0.021612558513879776,2.512667179107666,0.9033728241920471,0.011544697917997837,0.015510816127061844,0.06492701172828674,-0.9977027177810669
6.504379799996968,-0.021793771535158157,2.512739896774292,0.9032416343688965,0.011333581991493702,0.015851089730858803,0.06496109813451767,-0.9976975321769714
6.509000500023831,-0.02199019119143486,2.5127546787261963,0.9030227065086365,0.010135904885828495,0.016940206289291382,0.06521190702915192,-0.9976761937141418
6.512714300013613,-0.02222166582942009,2.5129010677337646,0.902859091758728,0.011041692458093166,0.017834976315498352,0.06479423493146896,-0.9976782202720642
6.517081000027247,-0.02223970554769039,2.512971878051758,0.902586817741394,0.011018731631338596,0.01673322357237339,0.06477528065443039,-0.9976987242698669
6.521104599989485,-0.022419054061174393,2.513056993484497,0.9023994207382202,0.011157610453665257,0.01735917292535305,0.06472684442996979,-0.9976896047592163
6.525134399998933,-0.02248443104326725,2.513139486312866,0.9022212028503418,0.011113558895885944,0.01733233593404293,0.06459977477788925,-0.9976988434791565
6.529079500003718,-0.02264048159122467,2.513230800628662,0.9020191431045532,0.01132814958691597,0.01788892224431038,0.06442585587501526,-0.9976978898048401
6.533828800020274,-0.022763047367334366,2.5133259296417236,0.9018653631210327,0.011586296372115612,0.018090223893523216,0.06434758007526398,-0.9976963400840759
6.53769900003681,-0.022837979719042778,2.5134265422821045,0.9017359018325806,0.011593831703066826,0.018100708723068237,0.06430821120738983,-0.9976986050605774
6.542865800030995,-0.023016251623630524,2.5135116577148438,0.9016085267066956,0.01162212248891592,0.018601061776280403,0.06437555700540543,-0.9976847171783447
6.546497600036673,-0.023251142352819443,2.5135698318481445,0.9013830423355103,0.013866047374904156,0.019717108458280563,0.06280491501092911,-0.9977346658706665
6.550615000014659,-0.023403722792863846,2.513713836669922,0.9012135863304138,0.013412305153906345,0.019543029367923737,0.06327643990516663,-0.9977145195007324
6.55441989999963,-0.023590832948684692,2.5139341354370117,0.9011682271957397,0.011476248502731323,0.019614769145846367,0.06497129797935486,-0.997628390789032
6.558966899989173,-0.023724714294075966,2.514068603515625,0.9010496735572815,0.011819888837635517,0.019933883100748062,0.06459987163543701,-0.9976420998573303
6.562710300029721,-0.02376363053917885,2.5141608715057373,0.9008566737174988,0.010996254161000252,0.019976109266281128,0.06494256108999252,-0.9976285099983215
6.5668845000327565,-0.02389337122440338,2.5143356323242188,0.9007222056388855,0.01186432596296072,0.020538777112960815,0.06487318873405457,-0.9976116418838501
6.571719200001098,-0.023979494348168373,2.51448655128479,0.9005677103996277,0.012211011722683907,0.020727010443806648,0.06481974571943283,-0.9976069927215576
6.575394999992568,-0.024086588993668556,2.514645576477051,0.9004223346710205,0.01309061050415039,0.021259518340229988,0.06474941968917847,-0.9975892305374146
6.581194400030654,-0.024198466911911964,2.514787197113037,0.9000964760780334,0.012258307076990604,0.02227044105529785,0.06545811891555786,-0.997531533241272
6.585887000022922,-0.024294903501868248,2.514918327331543,0.899942934513092,0.012919980101287365,0.022402243688702583,0.06516963243484497,-0.9975390434265137
6.589778600027785,-0.02429986000061035,2.5150837898254395,0.8997334241867065,0.012251168489456177,0.022862812504172325,0.0659535676240921,-0.9974855184555054
6.593624700035434,-0.024350877851247787,2.5152204036712646,0.8995461463928223,0.01238090731203556,0.02265310473740101,0.06578859686851501,-0.9974996447563171
6.5971279999939725,-0.024393819272518158,2.515275716781616,0.8992407917976379,0.012377101927995682,0.021724380552768707,0.06668590754270554,-0.9974607229232788
6.601864700031001,-0.024442050606012344,2.5154712200164795,0.8990944623947144,0.013078725896775723,0.021767867729067802,0.06642760336399078,-0.997468113899231
6.605496900039725,-0.0244377963244915,2.5156140327453613,0.8988874554634094,0.013366930186748505,0.021565044298768044,0.06632091850042343,-0.997475802898407
6.608935000025667,-0.024509742856025696,2.5157551765441895,0.8987824320793152,0.013386557810008526,0.021823519840836525,0.06636907905340195,-0.9974666833877563
6.613002600031905,-0.02453252300620079,2.5159268379211426,0.8986461758613586,0.014074348844587803,0.02205813117325306,0.06620799750089645,-0.9974627494812012
6.617950899992138,-0.02460359036922455,2.516094446182251,0.8984828591346741,0.014833311550319195,0.02246805839240551,0.06595844030380249,-0.9974591135978699
6.621886900044046,-0.024631403386592865,2.5162978172302246,0.8983950018882751,0.015253241173923016,0.02317189611494541,0.0649247094988823,-0.9975045323371887
6.625431900029071,-0.024620506912469864,2.516474962234497,0.898147702217102,0.015197593718767166,0.023012051358819008,0.06511636823415756,-0.9974965453147888
6.629350000002887,-0.02464754320681095,2.516597270965576,0.8979862928390503,0.015404753386974335,0.023095035925507545,0.06514279544353485,-0.9974896907806396
6.632849299989175,-0.02464754320681095,2.516597270965576,0.8979862928390503,0.015404753386974335,0.023095035925507545,0.06514279544353485,-0.9974896907806396
6.636323100014124,-0.02464754320681095,2.516597270965576,0.8979862928390503,0.015404753386974335,0.023095035925507545,0.06514279544353485,-0.9974896907806396
6.6398967000423,-0.024646781384944916,2.516777515411377,0.8978061079978943,0.015731247141957283,0.023123644292354584,0.06364782154560089,-0.9975804686546326
6.643564900034107,-0.02460898458957672,2.516942024230957,0.8972897529602051,0.01860862970352173,0.02347591519355774,0.06124124303460121,-0.9976733326911926
6.6485522000002675,-0.024580620229244232,2.5170514583587646,0.897172212600708,0.017918959259986877,0.023362064734101295,0.06166742369532585,-0.9976624250411987
6.6526770000346005,-0.024599026888608932,2.5171401500701904,0.8970307111740112,0.018709275871515274,0.023673033341765404,0.06146175041794777,-0.9976533055305481
6.65800679998938,-0.024644700810313225,2.5172996520996094,0.8967827558517456,0.017377175390720367,0.024078475311398506,0.062313277274370193,-0.997614860534668
6.6630069999955595,-0.024607012048363686,2.5174169540405273,0.8966159224510193,0.018185384571552277,0.024136275053024292,0.06254428625106812,-0.9975845813751221
6.6688031000085175,-0.02461140975356102,2.517489194869995,0.8964852690696716,0.01827114075422287,0.024166157469153404,0.06243780255317688,-0.9975889921188354
6.672919200034812,-0.024597905576229095,2.5175387859344482,0.8963704705238342,0.018291285261511803,0.024169797077775,0.06248681619763374,-0.9975854158401489
6.6780197999905795,-0.024596327915787697,2.5175821781158447,0.8962293267250061,0.01810828037559986,0.02419130876660347,0.06247621402144432,-0.9975888729095459
6.683304200007115,-0.024599827826023102,2.5175857543945312,0.8958168029785156,0.01653110235929489,0.02426474541425705,0.06267459690570831,-0.9976020455360413
6.6884277000208385,-0.024616362527012825,2.5176312923431396,0.8957074880599976,0.016669344156980515,0.0245059784501791,0.062372930347919464,-0.9976128339767456
6.692418000020552,-0.02459244430065155,2.51767635345459,0.8956151604652405,0.016718097031116486,0.024310261011123657,0.06260178238153458,-0.9976024031639099
6.696313399996143,-0.02458103932440281,2.5177035331726074,0.8955103754997253,0.01673365756869316,0.024513622745871544,0.0625232383608818,-0.9976021647453308
6.700258800003212,-0.024595007300376892,2.51772403717041,0.8953825235366821,0.016934834420681,0.02471514418721199,0.06260767579078674,-0.9975883960723877
6.704599699995015,-0.024577269330620766,2.5177106857299805,0.8952051401138306,0.01691916398704052,0.025120433419942856,0.06255636364221573,-0.9975818395614624
6.708840400038753,-0.024577107280492783,2.5176944732666016,0.8950676918029785,0.01691896840929985,0.02527596801519394,0.0625784695148468,-0.9975765347480774
6.7127674000221305,-0.024544160813093185,2.5176942348480225,0.8949512243270874,0.01687832735478878,0.025164686143398285,0.06265892088413239,-0.9975749850273132
6.716888700029813,-0.024522986263036728,2.5177764892578125,0.8948298096656799,0.016658931970596313,0.02491540089249611,0.06349749863147736,-0.9975318908691406
6.721421000023838,-0.024555329233407974,2.5177836418151855,0.8946789503097534,0.016930868849158287,0.02508634887635708,0.06338360905647278,-0.9975302815437317
6.725862400024198,-0.02456413209438324,2.517815589904785,0.8945233821868896,0.016942139714956284,0.025252690538764,0.06348574906587601,-0.997519314289093
6.731371300003957,-0.024625346064567566,2.5178356170654297,0.8943696022033691,0.017013445496559143,0.025419285520911217,0.06345125287771225,-0.9975161552429199
6.735298399988096,-0.024702005088329315,2.5178797245025635,0.8942354917526245,0.016595667228102684,0.025596337392926216,0.06382777541875839,-0.9974945783615112
6.7395419999957085,-0.024788230657577515,2.51784086227417,0.8939688801765442,0.016636090353131294,0.024708474054932594,0.06484689563512802,-0.9974505305290222
6.745651100005489,-0.024860162287950516,2.5178678035736084,0.8936670422554016,0.01659570075571537,0.024707766249775887,0.06484436988830566,-0.9974514842033386
6.750400700024329,-0.024893034249544144,2.5178749561309814,0.8935588002204895,0.016532298177480698,0.024868963286280632,0.06484685093164444,-0.9974483251571655
6.754908400005661,-0.024943429976701736,2.517854690551758,0.8934476971626282,0.016610560938715935,0.02506181038916111,0.06467599421739578,-0.9974532723426819
6.758821199997328,-0.024974636733531952,2.517829418182373,0.8933179378509521,0.01662324368953705,0.025112206116318703,0.06451565772294998,-0.9974621534347534
6.762687000038568,-0.024999501183629036,2.5177109241485596,0.8930758237838745,0.018197068944573402,0.02552878111600876,0.06306834518909454,-0.9975166916847229
6.767097300034948,-0.02500465139746666,2.517679214477539,0.8929287791252136,0.01822582259774208,0.025697944685816765,0.06303627043962479,-0.9975138902664185
6.771494499989785,-0.02504187449812889,2.5176258087158203,0.8928099274635315,0.018216855823993683,0.02583586424589157,0.06282220035791397,-0.9975239634513855
6.775163699989207,-0.025103291496634483,2.517571210861206,0.8926557302474976,0.017928944900631905,0.026193486526608467,0.06290337443351746,-0.9975147247314453
6.779523300006986,-0.025104183703660965,2.517496347427368,0.8925485014915466,0.018059849739074707,0.02643151581287384,0.06246255710721016,-0.9975337982177734
6.783452500007115,-0.02517750859260559,2.51737380027771,0.8923566937446594,0.01700351946055889,0.02695392817258835,0.06256004422903061,-0.9975322484970093
6.787964600021951,-0.025205295532941818,2.517303705215454,0.8922590613365173,0.016873793676495552,0.026953885331749916,0.06252320855855942,-0.9975367784500122
6.793940100003965,-0.02523818612098694,2.5172388553619385,0.8921906352043152,0.016809308901429176,0.02704501524567604,0.06250195950269699,-0.9975367784500122
6.798512600013055,-0.025269318372011185,2.5171637535095215,0.8921187520027161,0.016723260283470154,0.027131909504532814,0.062374573200941086,-0.9975438714027405
6.802291900035925,-0.025332342833280563,2.517076253890991,0.8920680284500122,0.01659461483359337,0.026982055976986885,0.06241494044661522,-0.997547447681427
6.808228500012774,-0.0254017636179924,2.516911745071411,0.8919664025306702,0.016344498842954636,0.027320189401507378,0.06234642118215561,-0.9975467324256897
6.814989900041837,-0.02543841488659382,2.51680326461792,0.8919023275375366,0.016376789659261703,0.027324611321091652,0.062402598559856415,-0.9975425004959106
6.81920570001239,-0.025474587455391884,2.516662120819092,0.891840934753418,0.01559428870677948,0.027312258258461952,0.06249675899744034,-0.9975495934486389
6.823024699988309,-0.02548220381140709,2.5165154933929443,0.8917549252510071,0.016400786116719246,0.02738422527909279,0.06189699470996857,-0.9975720047950745
6.827340400021058,-0.0254956167191267,2.516416549682617,0.8916940093040466,0.016269296407699585,0.027460793033242226,0.06200629472732544,-0.9975652694702148
6.831156600033864,-0.02551533281803131,2.5162863731384277,0.8916386961936951,0.016138916835188866,0.027510473504662514,0.062131188809871674,-0.9975582361221313
6.835399200033862,-0.025469675660133362,2.5161752700805664,0.8915658593177795,0.016055922955274582,0.027348129078745842,0.06217103824019432,-0.9975615739822388
6.840109999990091,-0.025507625192403793,2.515996217727661,0.8915511965751648,0.015085514634847641,0.027765773236751556,0.06230854615569115,-0.9975565671920776
6.8438808000064455,-0.025504089891910553,2.5158329010009766,0.89154452085495,0.014958111569285393,0.027730971574783325,0.062119949609041214,-0.9975712895393372
6.8486471000360325,-0.025466661900281906,2.515674591064453,0.8914987444877625,0.014808478765189648,0.027457278221845627,0.062229059636592865,-0.9975742697715759
6.854487800039351,-0.025419294834136963,2.515288829803467,0.8915449380874634,0.014164657332003117,0.027316320687532425,0.06334520131349564,-0.9975172281265259
6.858772600011434,-0.025439979508519173,2.5151524543762207,0.8916099667549133,0.013988242484629154,0.027493949979543686,0.06328608840703964,-0.9975186586380005
6.8629150000051595,-0.02538422681391239,2.5150015354156494,0.8916080594062805,0.013658302836120129,0.02706141397356987,0.06316345185041428,-0.9975427389144897
6.866961800027639,-0.025402691215276718,2.5148301124572754,0.8917115330696106,0.012713472358882427,0.027614975348114967,0.06337538361549377,-0.9975267052650452
6.87168089998886,-0.02537566050887108,2.5146665573120117,0.8916427493095398,0.013446744531393051,0.027455957606434822,0.06253154575824738,-0.9975746273994446
6.8752798000350595,-0.025296159088611603,2.5145299434661865,0.8916090726852417,0.014392049051821232,0.02741594798862934,0.06153883785009384,-0.9976243376731873
6.879356799996458,-0.025301896035671234,2.5144400596618652,0.8916077017784119,0.01429734192788601,0.027479831129312515,0.06150326132774353,-0.9976261258125305
6.884027499996591,-0.025264643132686615,2.514315128326416,0.8915925025939941,0.013443397358059883,0.02722403220832348,0.06157434731721878,-0.9976406097412109
6.88764520001132,-0.025240516290068626,2.514213800430298,0.89158695936203,0.013317461125552654,0.027193021029233932,0.06163825839757919,-0.9976391792297363
6.891826800012495,-0.025209223851561546,2.514096260070801,0.8916001319885254,0.012938741594552994,0.027027908712625504,0.06154828146100044,-0.9976542592048645
6.896011700038798,-0.025180133059620857,2.5139894485473633,0.8916240930557251,0.012795830145478249,0.026921769604086876,0.06144272908568382,-0.9976654052734375
6.900469699990936,-0.025167586281895638,2.51387619972229,0.8916589617729187,0.012767739593982697,0.02696116454899311,0.0613788403570652,-0.9976686835289001
6.904740900034085,-0.025131992995738983,2.513786554336548,0.8917140364646912,0.01258423924446106,0.026910942047834396,0.06144646927714348,-0.9976682066917419
6.908639600034803,-0.025095636025071144,2.5137157440185547,0.8917701244354248,0.012360614724457264,0.02681558206677437,0.06156925857067108,-0.9976660013198853
6.912712700024713,-0.025082021951675415,2.5136401653289795,0.8918200135231018,0.012288792058825493,0.026827620342373848,0.06147807836532593,-0.9976721405982971
6.916932900028769,-0.02506636269390583,2.5135185718536377,0.8918172717094421,0.011957298032939434,0.026129886507987976,0.06276455521583557,-0.9976146817207336
6.921017299988307,-0.025024674832820892,2.513503074645996,0.8918569684028625,0.011771265417337418,0.026010992005467415,0.06294620782136917,-0.9976085424423218
6.924629400018603,-0.025024674832820892,2.513503074645996,0.8918569684028625,0.011771265417337418,0.026010992005467415,0.06294620782136917,-0.9976085424423218
6.930825699993875,-0.025009524077177048,2.5135180950164795,0.8919366002082825,0.011628338135778904,0.0259084552526474,0.06326451152563095,-0.9975927472114563
6.936491800006479,-0.025020169094204903,2.513533115386963,0.8919841647148132,0.011474099941551685,0.025952646508812904,0.06339982897043228,-0.9975847005844116
6.94351110002026,-0.025020677596330643,2.513601779937744,0.8921013474464417,0.011387973092496395,0.02597770281136036,0.06331781297922134,-0.9975903034210205
6.947632800030988,-0.025004170835018158,2.513643264770508,0.8921576738357544,0.011636784300208092,0.025971973314881325,0.06322558224201202,-0.9975934624671936
6.951476700021885,-0.025004170835018158,2.513643264770508,0.8921576738357544,0.011636784300208092,0.025971973314881325,0.06322558224201202,-0.9975934624671936
6.956840900005773,-0.02497098594903946,2.513761520385742,0.892332136631012,0.011949767358601093,0.026599084958434105,0.06205086037516594,-0.9976469874382019
6.96159100002842,-0.024894755333662033,2.513808488845825,0.8924009799957275,0.012063510715961456,0.026200443506240845,0.061963580548763275,-0.9976615905761719
6.967035999987274,-0.02480834722518921,2.5139238834381104,0.8924645781517029,0.012158475816249847,0.026045311242341995,0.06185688450932503,-0.9976710677146912
6.9711454000207596,-0.024773506447672844,2.51399827003479,0.8925139307975769,0.012218181043863297,0.02601488307118416,0.06177612021565437,-0.9976761937141418
6.975559399987105,-0.0247221477329731,2.5140883922576904,0.8925212621688843,0.012379737570881844,0.02562970481812954,0.06169581040740013,-0.9976891279220581
6.980563000019174,-0.02473064698278904,2.514216661453247,0.8925381898880005,0.012321257032454014,0.025547418743371964,0.06176769360899925,-0.9976874589920044
6.9839845999958925,-0.02466389536857605,2.514399290084839,0.8926506638526917,0.013391505926847458,0.02497234009206295,0.061832766979932785,-0.9976842403411865
6.98835430003237,-0.024597369134426117,2.5144906044006348,0.8927257657051086,0.013624873012304306,0.024817533791065216,0.06186395138502121,-0.997683048248291
6.991941899992526,-0.024564150720834732,2.5145840644836426,0.8928245902061462,0.014078033156692982,0.024765143170952797,0.06178615242242813,-0.9976828098297119
6.99697630002629,-0.02452351152896881,2.5146729946136475,0.8929532170295715,0.014054903760552406,0.024720903486013412,0.06194806098937988,-0.9976741671562195
7.0022449000389315,-0.02443161979317665,2.5148391723632812,0.8931846618652344,0.012543660588562489,0.023976199328899384,0.06359484046697617,-0.9976089000701904
7.007372400024906,-0.024343982338905334,2.514927864074707,0.8933566808700562,0.012680229730904102,0.02360987663269043,0.06382697075605392,-0.9976010918617249
7.012721100007184,-0.024205457419157028,2.5150396823883057,0.8936110734939575,0.012499131262302399,0.023190857842564583,0.06421706080436707,-0.9975881576538086
7.017005400033668,-0.024185799062252045,2.5151619911193848,0.8938546180725098,0.011482954025268555,0.023472756147384644,0.06529398262500763,-0.997523844242096
7.023008799995296,-0.024089060723781586,2.5152363777160645,0.8939847350120544,0.011448361910879612,0.023367108777165413,0.0654950886964798,-0.9975135326385498
7.027517999988049,-0.023955117911100388,2.5154263973236084,0.8942275643348694,0.011684705503284931,0.024348033592104912,0.06383374333381653,-0.9975951313972473
7.0312076000263914,-0.023764362558722496,2.5154988765716553,0.8943339586257935,0.011751108802855015,0.02433554083108902,0.06358542293310165,-0.9976104497909546
7.035307699989062,-0.023669660091400146,2.515568971633911,0.8944916725158691,0.011885219253599644,0.02447444014251232,0.06362912058830261,-0.9976027607917786
7.039471900032368,-0.023561879992485046,2.5156328678131104,0.8946120142936707,0.012043717317283154,0.02448096312582493,0.06341210752725601,-0.9976145029067993
7.0443440999952145,-0.02346271276473999,2.5157060623168945,0.8947930335998535,0.01204625703394413,0.02468257211148739,0.06330235302448273,-0.9976164102554321
7.048463599989191,-0.023352432996034622,2.5157556533813477,0.8949676752090454,0.012079378589987755,0.024652687832713127,0.06323521584272385,-0.9976209998130798
7.052542700024787,-0.02326122298836708,2.515791177749634,0.8951544761657715,0.012130076065659523,0.02455826662480831,0.06322268396615982,-0.9976235032081604
7.057993300026283,-0.022775493562221527,2.5159475803375244,0.8955630660057068,0.013293014839291573,0.0235142819583416,0.06379341334104538,-0.9975975155830383
7.062347800005227,-0.02264421433210373,2.515974998474121,0.8957470655441284,0.013156292028725147,0.023299356922507286,0.06437712162733078,-0.9975669384002686
7.06668540003011,-0.022433843463659286,2.5160348415374756,0.8959396481513977,0.013490138575434685,0.02254825457930565,0.06433548778295517,-0.9975824356079102
7.071196000033524,-0.02234313078224659,2.5162134170532227,0.896368145942688,0.01131923496723175,0.02254033088684082,0.06625684350728989,-0.9974837899208069
7.07510940002976,-0.022066116333007812,2.5162994861602783,0.8964329957962036,0.01153526734560728,0.021572131663560867,0.06612060964107513,-0.9975117444992065
7.079368800041266,-0.02188197709619999,2.5163424015045166,0.8965848684310913,0.011515947990119457,0.021334968507289886,0.06653076410293579,-0.9974898099899292
7.083656800037716,-0.021799510344862938,2.516469717025757,0.8968129754066467,0.01172058004885912,0.021798020228743553,0.06548691540956497,-0.9975464940071106
7.087629300018307,-0.021455489099025726,2.5164685249328613,0.8968673348426819,0.01169509720057249,0.020368389785289764,0.06644751876592636,-0.9975134134292603
7.092423600028269,-0.021400481462478638,2.5166263580322266,0.8972017765045166,0.012134754098951817,0.022138511762022972,0.06428173929452896,-0.9976123571395874
7.096809000009671,-0.021231060847640038,2.516641139984131,0.8973754644393921,0.012336011976003647,0.02205912582576275,0.06396831572055817,-0.9976319074630737
7.1005306000006385,-0.021047117188572884,2.5166497230529785,0.8975560069084167,0.012621281668543816,0.02205147221684456,0.06346473842859268,-0.9976606369018555
7.1048560999915935,-0.020869363099336624,2.5167324542999268,0.8978930115699768,0.013726856559515,0.021604765206575394,0.06322331726551056,-0.9976710677146912
7.111332600004971,-0.020699160173535347,2.5167324542999268,0.8980990052223206,0.014299996197223663,0.02147633396089077,0.06279980391263962,-0.9976925849914551
7.11641860002419,-0.0202928576618433,2.516730546951294,0.8985354900360107,0.014193441718816757,0.02049604430794716,0.0627952516078949,-0.9977149963378906
7.1207390000345185,-0.02006051316857338,2.5167617797851562,0.8987309336662292,0.01441866997629404,0.020161539316177368,0.06283172219991684,-0.9977163076400757
7.124791000038385,-0.019804982468485832,2.516834259033203,0.899074375629425,0.011418532580137253,0.018850034102797508,0.06477135419845581,-0.9976568222045898
7.129255100036971,-0.01955622062087059,2.516777276992798,0.8991888165473938,0.01118384301662445,0.018111251294612885,0.06603803485631943,-0.9975900650024414
7.133631400007289,-0.019386328756809235,2.5167970657348633,0.8993462920188904,0.011209572665393353,0.01766510121524334,0.06609529256820679,-0.9975939393043518
7.137683500011917,-0.019353214651346207,2.516904354095459,0.89949631690979,0.011551088653504848,0.018461892381310463,0.0649038702249527,-0.9976539015769958
7.142783300019801,-0.019129080697894096,2.5167601108551025,0.8995873928070068,0.012601506896317005,0.018509646877646446,0.0647115558385849,-0.9976528286933899
7.146272300044075,-0.019023673608899117,2.516831159591675,0.8997761011123657,0.013046510517597198,0.018764689564704895,0.06348183751106262,-0.997721254825592
7.150235100009013,-0.018867796286940575,2.5167689323425293,0.8998730182647705,0.013031774200499058,0.01851545460522175,0.06438911706209183,-0.9976679682731628
7.1549757000175305,-0.01869879476726055,2.5168473720550537,0.9001761078834534,0.01458557415753603,0.018150972202420235,0.06412710249423981,-0.99767005443573
7.159237399988342,-0.01852710172533989,2.516998529434204,0.9004417061805725,0.01561441458761692,0.019159309566020966,0.06154328212141991,-0.9977984428405762
7.163677100033965,-0.018385285511612892,2.517092704772949,0.9006043076515198,0.016590960323810577,0.018930301070213318,0.06146448850631714,-0.9977918863296509
7.168048900028225,-0.01825261116027832,2.5171353816986084,0.9007764458656311,0.0171834547072649,0.018794644623994827,0.06119334325194359,-0.9978010058403015
7.173379499989096,-0.018077107146382332,2.517120361328125,0.900906503200531,0.017243437469005585,0.018278714269399643,0.061756640672683716,-0.9977748990058899
7.177041199989617,-0.017989812418818474,2.5172126293182373,0.9011270403862,0.016976816579699516,0.018376605585217476,0.0615222193300724,-0.99779212474823
7.181251000030898,-0.017891740426421165,2.5171709060668945,0.9013243913650513,0.017312727868556976,0.0180076751857996,0.06176793947815895,-0.9977778792381287
7.18531269999221,-0.017771676182746887,2.517179012298584,0.9014555215835571,0.01764793135225773,0.017994049936532974,0.06165733560919762,-0.9977791905403137
7.1899887000327,-0.017687318846583366,2.517134428024292,0.9015833139419556,0.016738038510084152,0.01809212565422058,0.061749447137117386,-0.997787356376648
7.19403610000154,-0.017528386786580086,2.517239809036255,0.9018404483795166,0.013918906450271606,0.017179396003484726,0.06400825828313828,-0.9977044463157654
7.1978919000248425,-0.017474429681897163,2.5171523094177246,0.9020735621452332,0.013570651412010193,0.016856789588928223,0.06409835070371628,-0.9977089166641235
7.202307800005656,-0.01730482280254364,2.517101526260376,0.9022026658058167,0.013391523621976376,0.016716839745640755,0.0643884539604187,-0.9976950287818909
7.206104599987157,-0.01719408854842186,2.5170559883117676,0.902362048625946,0.013045385479927063,0.016386142000555992,0.0647231787443161,-0.9976834058761597
7.210267900023609,-0.01707812212407589,2.516991376876831,0.9025190472602844,0.012860038317739964,0.01605767384171486,0.06476523727178574,-0.9976884126663208
7.213693400030024,-0.01694813184440136,2.5169286727905273,0.9026612639427185,0.012738136574625969,0.015610018745064735,0.06491032987833023,-0.9976876974105835
7.217642600007821,-0.01686129719018936,2.516849994659424,0.9027979373931885,0.01252164039760828,0.0157915111631155,0.06540960818529129,-0.9976550340652466
7.22114680003142,-0.016765380278229713,2.5167598724365234,0.9029082655906677,0.011948690749704838,0.015339384786784649,0.06538849323987961,-0.9976704716682434
7.225281500024721,-0.016725782305002213,2.5167746543884277,0.9031270742416382,0.012897822074592113,0.015162553638219833,0.06537853181362152,-0.9976619482040405
7.229359499993734,-0.01665637455880642,2.516735553741455,0.9032571315765381,0.012527207843959332,0.014969071373343468,0.06570835411548615,-0.9976479411125183
7.233502899995074,-0.01661168411374092,2.516693115234375,0.9033977389335632,0.012571430765092373,0.014924010261893272,0.0655190721154213,-0.9976605176925659
7.237918000028003,-0.016519645228981972,2.516613006591797,0.903480589389801,0.011756693944334984,0.014417526312172413,0.06569933891296387,-0.9976661205291748
7.241787300037686,-0.016473766416311264,2.516535758972168,0.9035910964012146,0.012821817770600319,0.014555427245795727,0.06500811129808426,-0.9976962208747864
7.246188800025266,-0.016395529732108116,2.5164666175842285,0.9037107825279236,0.013070065528154373,0.01454764325171709,0.06477439403533936,-0.9977083206176758
7.250304099987261,-0.016377205029129982,2.5163846015930176,0.9038723111152649,0.013254336081445217,0.014444757252931595,0.06456519663333893,-0.9977208971977234
7.254397900018375,-0.016309473663568497,2.516245126724243,0.9040353298187256,0.01343075092881918,0.014631758444011211,0.06459253281354904,-0.9977140426635742
7.258655500016175,-0.01622628979384899,2.516220808029175,0.9042739272117615,0.013586458750069141,0.015602814964950085,0.06312733888626099,-0.997791051864624
7.26294520002557,-0.01617381162941456,2.5161094665527344,0.9044215083122253,0.013918029144406319,0.015707120299339294,0.06277342885732651,-0.9978072047233582
7.2664013000321575,-0.01617381162941456,2.5161094665527344,0.9044215083122253,0.013918029144406319,0.015707120299339294,0.06277342885732651,-0.9978072047233582
7.270621100033168,-0.0159610603004694,2.5158448219299316,0.9046800136566162,0.015803268179297447,0.015263499692082405,0.06110331043601036,-0.9978896975517273
7.274991600017529,-0.015920178964734077,2.5157363414764404,0.9048581123352051,0.015452215448021889,0.015641599893569946,0.06111442297697067,-0.9978886246681213
7.279416000004858,-0.015876268967986107,2.515639066696167,0.9049887657165527,0.015195288695394993,0.015578611753880978,0.061281438916921616,-0.9978832602500916
7.283508600026835,-0.015788933262228966,2.5155386924743652,0.9051104187965393,0.015287850052118301,0.015218368731439114,0.061127547174692154,-0.9978969097137451
7.287788000016008,-0.015752490609884262,2.515458822250366,0.905205488204956,0.015069288201630116,0.01522777322679758,0.06122979149222374,-0.997893750667572
7.292274700012058,-0.015717754140496254,2.5153586864471436,0.9052927494049072,0.01477897260338068,0.015116820111870766,0.061185337603092194,-0.997902512550354
7.296111700008623,-0.015756160020828247,2.5152740478515625,0.9055167436599731,0.01280506607145071,0.014681383036077023,0.0637584924697876,-0.9977752566337585
7.300357600033749,-0.0157081950455904,2.5152015686035156,0.9055911898612976,0.012644427828490734,0.01427654642611742,0.06381842494010925,-0.9977793097496033
7.304357000044547,-0.015685690566897392,2.515101671218872,0.9057255387306213,0.011740623041987419,0.014427202753722668,0.06406145542860031,-0.9977726340293884
7.3090670999954455,-0.015582198277115822,2.515014410018921,0.9057448506355286,0.011744288727641106,0.01355151180177927,0.06406895816326141,-0.997784435749054
7.312839200021699,-0.015563451685011387,2.514897584915161,0.9058912396430969,0.011182736605405807,0.013987191021442413,0.06418906897306442,-0.9977770447731018
7.317280100018252,-0.015530691482126713,2.514817476272583,0.9059687852859497,0.011087184771895409,0.013844899833202362,0.06406518816947937,-0.9977880716323853
7.321185700013302,-0.015497885644435883,2.5146992206573486,0.9060475826263428,0.01170311588793993,0.013741706497967243,0.06348825991153717,-0.9978194236755371
7.325201600033324,-0.015437150374054909,2.514636516571045,0.9060536026954651,0.011431167833507061,0.013234133832156658,0.06361638009548187,-0.9978212118148804
7.329367900034413,-0.015359200537204742,2.5145211219787598,0.9061192870140076,0.010678015649318695,0.012950947508215904,0.06378138065338135,-0.9978227615356445
7.334016700042412,-0.015296593308448792,2.514458179473877,0.9061906933784485,0.010502755641937256,0.012641360983252525,0.06391601264476776,-0.9978200197219849
7.337727200007066,-0.015129719860851765,2.5144569873809814,0.9063288569450378,0.01162040513008833,0.011654764413833618,0.06424906104803085,-0.9977982640266418
7.3421383000095375,-0.015074255876243114,2.5143845081329346,0.9064185619354248,0.01152788382023573,0.011559497565031052,0.06416972726583481,-0.9978055357933044
7.3460222000139765,-0.014936737716197968,2.5142383575439453,0.9065093994140625,0.010603786446154118,0.01151653379201889,0.06411696970462799,-0.9978196620941162
7.3502244999981485,-0.014873492531478405,2.514164924621582,0.9066069722175598,0.010606709867715836,0.011308504268527031,0.06433257460594177,-0.997808039188385
7.354703399993014,-0.014821306802332401,2.5140762329101562,0.9067445397377014,0.011164248920977116,0.011246973648667336,0.06386566907167435,-0.997832715511322
7.358508000033908,-0.01478665042668581,2.514003038406372,0.9068699479103088,0.011298547498881817,0.0110092768445611,0.06380589306354523,-0.9978377223014832
7.363239300029818,-0.014730710536241531,2.5139286518096924,0.906990110874176,0.01137093547731638,0.01082586869597435,0.06366396695375443,-0.9978479146957397
7.367208000039682,-0.014616774395108223,2.5138628482818604,0.9071096181869507,0.01135004498064518,0.010665453039109707,0.06374097615480423,-0.997844934463501
7.3719594000140205,-0.014542549848556519,2.5137875080108643,0.9072823524475098,0.011238937266170979,0.01077200099825859,0.06361427158117294,-0.9978532195091248
7.375611299998127,-0.014505676925182343,2.513737440109253,0.9073656797409058,0.011264177970588207,0.010776028968393803,0.06353770941495895,-0.9978577494621277
7.379298800020479,-0.014478539116680622,2.5136709213256836,0.9074297547340393,0.011014504358172417,0.010720665566623211,0.06354597210884094,-0.9978606104850769
7.383820799994282,-0.01445719599723816,2.513627767562866,0.907494306564331,0.011100154370069504,0.010744954459369183,0.0634038969874382,-0.9978684186935425
7.387636200000998,-0.014407085254788399,2.5136024951934814,0.9075711965560913,0.01112506352365017,0.010651650838553905,0.06349983811378479,-0.9978629946708679
7.391230000008363,-0.014407085254788399,2.5136024951934814,0.9075711965560913,0.01112506352365017,0.010651650838553905,0.06349983811378479,-0.9978629946708679
7.3957515000365674,-0.014355151914060116,2.51357364654541,0.9077154397964478,0.011078571900725365,0.010563100688159466,0.06361261010169983,-0.9978572726249695
7.400181100005284,-0.014321542344987392,2.513444423675537,0.9077913165092468,0.012995211407542229,0.011126008816063404,0.062052372843027115,-0.9979263544082642
7.404637500003446,-0.01440754160284996,2.513460159301758,0.907979428768158,0.012124082073569298,0.01132948137819767,0.06293323636054993,-0.9978798627853394
7.408451099996455,-0.01424132939428091,2.5133533477783203,0.9079782962799072,0.013448844663798809,0.01110513973981142,0.06180403009057045,-0.9979360103607178
7.4128706000046805,-0.014156317338347435,2.5133204460144043,0.908069908618927,0.013604121282696724,0.011054370552301407,0.06156029924750328,-0.9979494214057922
7.417163500038441,-0.014079438522458076,2.5133001804351807,0.9081577658653259,0.013821068219840527,0.010857129469513893,0.06133506819605827,-0.997962474822998
7.421151600021403,-0.014078957028687,2.5133423805236816,0.9084039926528931,0.014096743427217007,0.012369314208626747,0.06015864014625549,-0.9980127215385437
7.425272200023755,-0.014063539914786816,2.5133395195007324,0.908519446849823,0.01405897457152605,0.01233629323542118,0.06020941585302353,-0.9980105757713318
7.429317500034813,-0.014026954770088196,2.513357639312744,0.9086108803749084,0.014110712334513664,0.012307059019804,0.06005828082561493,-0.9980193376541138
7.43397760001244,-0.014067074283957481,2.5133614540100098,0.9087695479393005,0.013974368572235107,0.012666375376284122,0.060301922261714935,-0.9980019927024841
7.4385747000342235,-0.014052102342247963,2.5133657455444336,0.9088371992111206,0.0139089897274971,0.012586611323058605,0.06033971905708313,-0.9980016350746155
7.442259700037539,-0.014036588370800018,2.513371229171753,0.908909261226654,0.014046444557607174,0.012672864831984043,0.060223035514354706,-0.9980056881904602
7.446508500026539,-0.013903175480663776,2.5134036540985107,0.9089321494102478,0.01418330892920494,0.012285009026527405,0.06001833453774452,-0.9980208873748779
7.450241100043058,-0.01385468803346157,2.513516426086426,0.9090887308120728,0.012195664457976818,0.011528672650456429,0.06170190870761871,-0.9979535937309265
7.454522799991537,-0.013844480738043785,2.5135445594787598,0.9091097116470337,0.012228497304022312,0.011707904748618603,0.0616307407617569,-0.9979554414749146
7.458753400016576,-0.013807939365506172,2.5135717391967773,0.9091854095458984,0.01225297525525093,0.011818154715001583,0.06154637783765793,-0.9979590177536011
7.462972300010733,-0.013766292482614517,2.5135765075683594,0.9092322587966919,0.012291839346289635,0.01182029489427805,0.06145469844341278,-0.9979641437530518
7.4670974999899045,-0.013732264749705791,2.5136053562164307,0.9093165993690491,0.012170813046395779,0.011689385399222374,0.06150612607598305,-0.9979640245437622
7.470944200002123,-0.013662038370966911,2.5136029720306396,0.9093909859657288,0.012393360957503319,0.01153300516307354,0.06125278398394585,-0.9979787468910217
7.475338599993847,-0.013608829118311405,2.513637065887451,0.9094948172569275,0.012543905526399612,0.011584817431867123,0.061262574046850204,-0.9979756474494934
7.479701600037515,-0.013581459410488605,2.5137107372283936,0.9096860885620117,0.013635409064590931,0.011457253247499466,0.061048589646816254,-0.9979758858680725
7.483502099988982,-0.013534228317439556,2.513732671737671,0.9097948670387268,0.013849452137947083,0.01153380423784256,0.0608547180891037,-0.9979839324951172
7.487822499999311,-0.013494454324245453,2.5137522220611572,0.9099211096763611,0.013899686746299267,0.011652706190943718,0.06097320839762688,-0.9979745745658875
7.491874200000893,-0.013471742160618305,2.5138051509857178,0.9100161790847778,0.013895467855036259,0.01153214368969202,0.06110598146915436,-0.9979680180549622
7.496342200029176,-0.013445550575852394,2.513845920562744,0.9101043939590454,0.013903331011533737,0.011333066038787365,0.0612078420817852,-0.9979639053344727
7.500615300028585,-0.013397248461842537,2.5139036178588867,0.9101804494857788,0.013941487297415733,0.011021314188838005,0.06131595000624657,-0.9979602098464966
7.504361500032246,-0.013371569104492664,2.513941764831543,0.9102780818939209,0.013956643640995026,0.01097847893834114,0.061458196491003036,-0.9979516863822937
7.510569000034593,-0.013361088931560516,2.513976812362671,0.9103476405143738,0.014021076261997223,0.010924305766820908,0.06140335649251938,-0.9979548454284668
7.5145400000037625,-0.013322151266038418,2.5140228271484375,0.9104342460632324,0.014026720076799393,0.01083312090486288,0.06144668161869049,-0.9979530572891235
7.51859809999587,-0.013282138854265213,2.5140786170959473,0.9104767441749573,0.014249742962419987,0.010539830662310123,0.06132805719971657,-0.9979603290557861
7.523073000018485,-0.013268308714032173,2.5141212940216064,0.9105293154716492,0.014220255427062511,0.010592762380838394,0.061251409351825714,-0.9979648590087891
7.527488099993207,-0.01322535052895546,2.514165163040161,0.9105583429336548,0.014401843771338463,0.010484031401574612,0.06119223311543465,-0.9979670643806458
7.531551600026432,-0.01316823810338974,2.514209747314453,0.9105693697929382,0.014829293824732304,0.010240483097732067,0.060929618775844574,-0.997979462146759
7.5354260000167415,-0.013136414811015129,2.514296770095825,0.91074138879776,0.013919303193688393,0.01048205140978098,0.061892490833997726,-0.9979307651519775
7.539398699998856,-0.013106591068208218,2.514333963394165,0.9107965230941772,0.013971136882901192,0.01053773146122694,0.061758819967508316,-0.9979376792907715
7.543934300018009,-0.013068802654743195,2.514361619949341,0.9108335971832275,0.014415211044251919,0.010373910889029503,0.061499349772930145,-0.9979491829872131
7.548114200006239,-0.013024205341935158,2.5144076347351074,0.9109134674072266,0.014565626159310341,0.010298979468643665,0.061399348080158234,-0.9979538917541504
7.551949699991383,-0.013009075075387955,2.5144400596618652,0.9109876155853271,0.01476126816123724,0.010171732865273952,0.06126004830002785,-0.9979609251022339
7.556789900001604,-0.013001451268792152,2.5144741535186768,0.9111011624336243,0.014586631208658218,0.010372959077358246,0.0613124817609787,-0.9979581832885742
7.561097200028598,-0.012988271191716194,2.514516830444336,0.9111815690994263,0.01465542335063219,0.010262240655720234,0.061386145651340485,-0.9979537725448608
7.565147200017236,-0.012978059239685535,2.5145392417907715,0.911264181137085,0.014615989290177822,0.010249231941998005,0.0614737831056118,-0.9979490637779236
7.569356799998786,-0.012977449223399162,2.5145678520202637,0.9113374948501587,0.014512035064399242,0.010134918615221977,0.06178697198629379,-0.9979324340820312
7.5732954000122845,-0.012952165678143501,2.514589786529541,0.9113810658454895,0.014552460052073002,0.010088267736136913,0.061821673065423965,-0.9979301691055298
7.577062299998943,-0.012929501011967659,2.5146477222442627,0.9114545583724976,0.014602294191718102,0.010086922906339169,0.061814162880182266,-0.9979299306869507
7.581331100023817,-0.012906246818602085,2.5146563053131104,0.9114786386489868,0.014620189554989338,0.010097977705299854,0.06171560660004616,-0.9979356527328491
7.587419199990109,-0.012818770483136177,2.514721632003784,0.9114974141120911,0.014905069954693317,0.009701555594801903,0.06159967556595802,-0.9979425072669983
7.592139000014868,-0.012797029688954353,2.514744281768799,0.9115344285964966,0.014700839295983315,0.009713792242109776,0.06181337311863899,-0.9979321956634521
7.596534200012684,-0.012774786911904812,2.5147550106048584,0.9115753769874573,0.014689764007925987,0.009754335507750511,0.06182342395186424,-0.9979313611984253
7.601976900012232,-0.012674125842750072,2.5147430896759033,0.9115942716598511,0.013899706304073334,0.009565833956003189,0.061959926038980484,-0.9979360103607178
7.60624039999675,-0.012646853923797607,2.5147430896759033,0.9116305112838745,0.01392930094152689,0.009497466497123241,0.06192786991596222,-0.9979382157325745
7.6113422000198625,-0.012619337067008018,2.514760971069336,0.9117119908332825,0.013768594712018967,0.009203665889799595,0.06191367655992508,-0.997944176197052
7.615622900018934,-0.012597146444022655,2.514805793762207,0.9119349122047424,0.013944491744041443,0.01048766914755106,0.06083088368177414,-0.9979956150054932
7.619760900037363,-0.01258855126798153,2.5148050785064697,0.9120346903800964,0.014003252610564232,0.01047429721802473,0.06055565923452377,-0.9980117082595825
7.625554100028239,-0.012503319419920444,2.514922857284546,0.9123960733413696,0.011720829643309116,0.009449653327465057,0.06248069927096367,-0.9979326128959656
7.629428000014741,-0.01249395776540041,2.5149245262145996,0.9124581217765808,0.01149147842079401,0.00949073489755392,0.06247764825820923,-0.9979350566864014
7.63375310000265,-0.01249590702354908,2.514843702316284,0.9124838709831238,0.012817113660275936,0.009634708985686302,0.06132541596889496,-0.9979890584945679
7.63764050003374,-0.012484090402722359,2.5148496627807617,0.9125245213508606,0.012701185420155525,0.009636269882321358,0.06147235259413719,-0.9979815483093262
7.64196430001175,-0.012476202100515366,2.5148792266845703,0.9125794172286987,0.012711393646895885,0.009647856466472149,0.061291515827178955,-0.9979923963546753
7.646309900039341,-0.012481688521802425,2.5149755477905273,0.9126713275909424,0.013547688722610474,0.009340655989944935,0.061656367033720016,-0.9979617595672607
7.650147400039714,-0.012466424144804478,2.5150034427642822,0.9127123355865479,0.01363212987780571,0.00931362435221672,0.06164085119962692,-0.9979618787765503
7.654434500029311,-0.01244273129850626,2.515019178390503,0.9127484560012817,0.013618881814181805,0.009374919347465038,0.061575379222631454,-0.9979655742645264
7.658450199989602,-0.01242623571306467,2.5150179862976074,0.9127644300460815,0.013517728075385094,0.009366859681904316,0.06164701655507088,-0.997962474822998
7.66269900003681,-0.012416083365678787,2.5150206089019775,0.9128287434577942,0.013426494784653187,0.009269112721085548,0.06175138056278229,-0.9979581832885742
7.66687890002504,-0.012434182688593864,2.515015125274658,0.9128868579864502,0.013777722604572773,0.009276396594941616,0.06168495491147041,-0.9979574680328369
7.671079199993983,-0.01238609105348587,2.5150558948516846,0.9130358695983887,0.012580852024257183,0.008565776981413364,0.0627087950706482,-0.9979158043861389
7.675367199990433,-0.012422706931829453,2.5149755477905273,0.9130624532699585,0.013699806295335293,0.009071013890206814,0.06175089254975319,-0.997956395149231
7.679748499998823,-0.012444579973816872,2.5149571895599365,0.9131660461425781,0.014464301988482475,0.009024678729474545,0.06129022315144539,-0.9979744553565979
7.6839513999875635,-0.01248647179454565,2.5149641036987305,0.9132488965988159,0.014661913737654686,0.009182367473840714,0.0611942857503891,-0.9979760050773621
7.687965999997687,-0.012489174492657185,2.514963388442993,0.9133071303367615,0.01471155695617199,0.009168049320578575,0.06105949729681015,-0.9979835748672485
7.6923865000135265,-0.012511380016803741,2.5149803161621094,0.9133499264717102,0.014819304458796978,0.009521081112325191,0.061076756566762924,-0.9979776740074158
7.696203800034709,-0.012570861726999283,2.515005111694336,0.9133802056312561,0.01492361817508936,0.009439564310014248,0.060954056680202484,-0.9979844093322754
7.70397370000137,-0.012681566178798676,2.515092372894287,0.9134307503700256,0.015077837742865086,0.009590785950422287,0.06098691001534462,-0.9979786276817322
7.708929100015666,-0.012740503996610641,2.515136480331421,0.9134597182273865,0.015028813853859901,0.009633510373532772,0.061160795390605927,-0.9979683756828308
7.712674200010952,-0.012800070457160473,2.5151569843292236,0.9134805202484131,0.015128233470022678,0.009805996902287006,0.06105567887425423,-0.9979715943336487
7.716931300004944,-0.012792189605534077,2.515179395675659,0.9134567379951477,0.015083780512213707,0.009628355503082275,0.061014771461486816,-0.9979764819145203
7.720960200007539,-0.01281352061778307,2.5152339935302734,0.9134551286697388,0.01578652113676071,0.009479787200689316,0.0611162893474102,-0.9979608058929443
7.725338999996893,-0.012881412170827389,2.51519513130188,0.9134562015533447,0.015137932263314724,0.009647006168961525,0.061110831797122955,-0.9979695677757263
7.729756100045051,-0.012871790677309036,2.5152769088745117,0.9134393930435181,0.015402577817440033,0.009550431743264198,0.06135064363479614,-0.9979518055915833
7.733660600031726,-0.012916834093630314,2.5152997970581055,0.9134393334388733,0.015320449136197567,0.00960266962647438,0.06119772419333458,-0.9979618787765503
7.738226199988276,-0.012973254546523094,2.515305995941162,0.9134538173675537,0.01535841729491949,0.009500637650489807,0.06127213314175606,-0.997957706451416
7.743771300010849,-0.013009568676352501,2.5153417587280273,0.9134564995765686,0.015320276841521263,0.009484916925430298,0.061180759221315384,-0.9979640245437622
7.747416600002907,-0.013053584843873978,2.5153591632843018,0.9134729504585266,0.015433268621563911,0.009578235447406769,0.06118107959628105,-0.9979614019393921
7.751010800013319,-0.013053584843873978,2.5153591632843018,0.9134729504585266,0.015433268621563911,0.009578235447406769,0.06118107959628105,-0.9979614019393921
7.75476580002578,-0.013167591765522957,2.515359878540039,0.9134809970855713,0.015477542765438557,0.009582990780472755,0.061219990253448486,-0.9979583024978638
7.758729299996048,-0.013217277824878693,2.5153536796569824,0.9134780764579773,0.01573042944073677,0.009743337519466877,0.06105988845229149,-0.9979625940322876
7.762617300031707,-0.013261660002171993,2.5153260231018066,0.9135119318962097,0.015909899026155472,0.00973178818821907,0.060856930911540985,-0.997972309589386
7.76704599999357,-0.013266940601170063,2.5153298377990723,0.9135009050369263,0.015656130388379097,0.009734564460814,0.06115034967660904,-0.9979583024978638
7.771332500036806,-0.013296841643750668,2.5153098106384277,0.9135125279426575,0.015619980171322823,0.009776503778994083,0.061045512557029724,-0.9979648590087891
7.775595000013709,-0.013325569219887257,2.5152533054351807,0.913557767868042,0.016011379659175873,0.00995582528412342,0.060579169541597366,-0.9979853630065918
7.779502300021704,-0.013329822570085526,2.5152130126953125,0.9135676622390747,0.01613510586321354,0.0098943542689085,0.06031268835067749,-0.9980000853538513
7.783448000031058,-0.013340581208467484,2.5151917934417725,0.9135729074478149,0.016136808320879936,0.009966644458472729,0.06028951331973076,-0.9980008006095886
7.788596800004598,-0.013329745270311832,2.515141248703003,0.9135748744010925,0.016072802245616913,0.009812774136662483,0.060311976820230484,-0.9980019927024841
7.791913099994417,-0.013363120146095753,2.5151233673095703,0.9135804176330566,0.016170168295502663,0.009928754530847073,0.06004670262336731,-0.998015284538269
7.795999700028915,-0.013388418592512608,2.5151045322418213,0.9135709404945374,0.016172463074326515,0.00992649793624878,0.060245200991630554,-0.9980033040046692
7.800542899989523,-0.013392076827585697,2.515064239501953,0.9135429859161377,0.016224652528762817,0.01003031712025404,0.060213517397642136,-0.9980033040046692
7.804295300040394,-0.013398942537605762,2.5150508880615234,0.9135276079177856,0.016245199367403984,0.009892926551401615,0.06040262430906296,-0.9979928731918335
7.8084770000423305,-0.0134047269821167,2.5150489807128906,0.9135257601737976,0.015936093404889107,0.009954272769391537,0.06052888184785843,-0.9979896545410156
7.812811999989208,-0.013388700783252716,2.515002489089966,0.9135273694992065,0.016165904700756073,0.00980126392096281,0.060516539961099625,-0.997988224029541
7.817033600003924,-0.013415144756436348,2.5149402618408203,0.9135419726371765,0.01539080310612917,0.009929381310939789,0.060846175998449326,-0.9979791045188904
7.821121899993159,-0.01344471238553524,2.514887571334839,0.9135796427726746,0.015608725138008595,0.009915434755384922,0.060556892305612564,-0.9979934692382812
7.8251338000409305,-0.013453880324959755,2.5148231983184814,0.9136383533477783,0.015330610796809196,0.009900963865220547,0.06064046919345856,-0.9979928731918335
7.829411000013351,-0.013464353047311306,2.514747142791748,0.9136874079704285,0.015382160432636738,0.009847314096987247,0.060554828494787216,-0.9979978203773499
7.833833200042136,-0.013476034626364708,2.51468563079834,0.9137372374534607,0.015260985121130943,0.00983803253620863,0.06064065545797348,-0.9979945421218872
7.838043600029778,-0.013518895953893661,2.51462721824646,0.9138476848602295,0.015546252951025963,0.010287685319781303,0.060039982199668884,-0.9980219602584839
7.841945399995893,-0.0135046960785985,2.5145339965820312,0.9139214754104614,0.015295957215130329,0.010061248205602169,0.06001243367791176,-0.9980297684669495
7.845987800043076,-0.01353597454726696,2.514429807662964,0.9140059351921082,0.014945544302463531,0.010842596180737019,0.06032324954867363,-0.9980081915855408
7.850201499997638,-0.013581296429038048,2.514298677444458,0.9139230251312256,0.013787039555609226,0.011411121115088463,0.060393933206796646,-0.9980142116546631
7.854360099998303,-0.013593622483313084,2.5142433643341064,0.9139132499694824,0.013642913661897182,0.011449776589870453,0.06033014878630638,-0.9980195760726929
7.858476500026882,-0.013579016551375389,2.5142645835876465,0.9140273332595825,0.014436190016567707,0.011049307882785797,0.0602882094681263,-0.9980155229568481
7.863060400006361,-0.013626063242554665,2.5141422748565674,0.9139133095741272,0.01325163897126913,0.01130287442356348,0.06041718274354935,-0.9980212450027466
7.866869800025597,-0.013654030859470367,2.5141043663024902,0.9139022827148438,0.013249778188765049,0.011340733617544174,0.060297902673482895,-0.9980280995368958
7.87109720002627,-0.013698020949959755,2.514066457748413,0.9138981699943542,0.013011164963245392,0.011305367574095726,0.06039939820766449,-0.9980255365371704
7.876908700040076,-0.013638602569699287,2.5139551162719727,0.9138540029525757,0.012576030567288399,0.010868953540921211,0.061512552201747894,-0.9979678988456726
7.881002900016028,-0.013703815639019012,2.5139901638031006,0.913864016532898,0.013094899244606495,0.011163849383592606,0.060403428971767426,-0.9980257749557495
7.885041500034276,-0.013680784963071346,2.5138957500457764,0.9137881994247437,0.012585263699293137,0.010592751204967499,0.06095369905233383,-0.9980050921440125
7.888444500043988,-0.013776568695902824,2.51385760307312,0.9138220548629761,0.012518730945885181,0.010760088451206684,0.06112902611494064,-0.9979933500289917
7.892118100018706,-0.013799930922687054,2.513822317123413,0.9138311147689819,0.012375243939459324,0.01068336796015501,0.0610060915350914,-0.9980035424232483
7.896112699992955,-0.013844890519976616,2.513744831085205,0.9138295650482178,0.011704700067639351,0.010715403594076633,0.060866884887218475,-0.998019814491272
7.900247899990063,-0.013887620531022549,2.513711452484131,0.9138841032981873,0.011481325142085552,0.0109813641756773,0.061190005391836166,-0.9979997277259827
7.904560199996922,-0.013918550685048103,2.5136923789978027,0.9138578772544861,0.011545333079993725,0.011057793162763119,0.06141870096325874,-0.9979840517044067
7.908682800014503,-0.013971339911222458,2.513673782348633,0.9138431549072266,0.011600607074797153,0.01120837964117527,0.06142720952630043,-0.9979812502861023
7.912984900001902,-0.014018681831657887,2.5136446952819824,0.9138380885124207,0.011576863005757332,0.01134041603654623,0.06129143387079239,-0.9979883432388306
7.917046100017615,-0.014031238853931427,2.5136258602142334,0.9139306545257568,0.011524409987032413,0.010590456426143646,0.06126881763339043,-0.9979986548423767
7.920991400023922,-0.014054357074201107,2.5136234760284424,0.9139369130134583,0.011455364525318146,0.01050180196762085,0.06143442913889885,-0.9979901313781738
7.924571500043385,-0.014054357074201107,2.5136234760284424,0.9139369130134583,0.011455364525318146,0.01050180196762085,0.06143442913889885,-0.9979901313781738
7.928309700044338,-0.014054357074201107,2.5136234760284424,0.9139369130134583,0.011455364525318146,0.01050180196762085,0.06143442913889885,-0.9979901313781738
7.9334321999922395,-0.014320525340735912,2.5134809017181396,0.9138171076774597,0.013462906703352928,0.011266885325312614,0.05964323505759239,-0.9980654120445251
7.938624300004449,-0.014375563710927963,2.5134596824645996,0.9138258099555969,0.013560740277171135,0.011248767375946045,0.059606362134218216,-0.9980664849281311
7.942458700039424,-0.014436722733080387,2.5134458541870117,0.9138484597206116,0.013686193153262138,0.011316139250993729,0.059490758925676346,-0.9980708956718445
7.9468059000209905,-0.014476180076599121,2.5134520530700684,0.913849413394928,0.013686886057257652,0.011343199759721756,0.059510186314582825,-0.9980694651603699
7.951003900030628,-0.01455680187791586,2.5134496688842773,0.9138807654380798,0.01387999951839447,0.011499399319291115,0.05928714945912361,-0.9980782270431519
7.954535200027749,-0.014624107629060745,2.513375997543335,0.9139048457145691,0.013619370758533478,0.011196750216186047,0.06043306738138199,-0.9980165958404541
7.958545800007414,-0.014720708131790161,2.5133183002471924,0.9139069318771362,0.014883956871926785,0.01169658824801445,0.059381287544965744,-0.9980559349060059
7.962689400010277,-0.014789815992116928,2.5133039951324463,0.9139212965965271,0.014919614419341087,0.011768421158194542,0.059290651232004166,-0.9980599284172058
7.967217300029006,-0.014845596626400948,2.5132837295532227,0.9139595031738281,0.01503096055239439,0.011829543858766556,0.059238482266664505,-0.9980606436729431
7.973745700030122,-0.014923812821507454,2.513267755508423,0.9139953255653381,0.01499269437044859,0.01193518377840519,0.05920718237757683,-0.9980618357658386
7.9793541000108235,-0.015018691308796406,2.513223171234131,0.9140686988830566,0.0148872509598732,0.011890838854014874,0.05927189439535141,-0.9980600476264954
7.983437100017909,-0.015113072469830513,2.5131990909576416,0.9140715003013611,0.01470714621245861,0.0122815677896142,0.059381622821092606,-0.9980515241622925
7.987950600043405,-0.015156487934291363,2.513160467147827,0.9140792489051819,0.01467509288340807,0.012346403673291206,0.05943571776151657,-0.998047947883606
7.992037500021979,-0.015256015583872795,2.5130996704101562,0.9140986204147339,0.013547436334192753,0.012584147043526173,0.05978097394108772,-0.9980402588844299
7.996302100014873,-0.015294492244720459,2.5130808353424072,0.9141152501106262,0.01351259183138609,0.012500693090260029,0.06000048667192459,-0.998028576374054
8.000543400004972,-0.0153525834903121,2.513075590133667,0.9141619205474854,0.013545356690883636,0.01263780053704977,0.0599682591855526,-0.9980284571647644
8.004424899991136,-0.015413411892950535,2.513063669204712,0.9141961336135864,0.013461663387715816,0.012699448503553867,0.06008736416697502,-0.9980216026306152
8.009218399995007,-0.015482296235859394,2.5130794048309326,0.9142235517501831,0.014014177955687046,0.012721597217023373,0.06012933701276779,-0.9980112314224243
8.012813700013794,-0.0155325373634696,2.513089656829834,0.9142684936523438,0.013886918313801289,0.012243080884218216,0.06012311205267906,-0.9980193376541138
8.016922899987549,-0.015596508979797363,2.5130677223205566,0.9143263697624207,0.013855934143066406,0.012785455211997032,0.060179103165864944,-0.9980096220970154
8.022210000024643,-0.015681199729442596,2.513040781021118,0.9143632054328918,0.01379722822457552,0.012453392148017883,0.060177285224199295,-0.9980146884918213
8.025906700000633,-0.0157220009714365,2.5130300521850586,0.9144371151924133,0.01367687527090311,0.012356258928775787,0.06029829755425453,-0.9980102181434631
8.030148199992254,-0.01577366329729557,2.5129969120025635,0.9145123362541199,0.013785257004201412,0.01236660499125719,0.06030045822262764,-0.9980084300041199
8.034116399998311,-0.01582179218530655,2.512965679168701,0.9145639538764954,0.01384683232754469,0.012498488649725914,0.060380659997463226,-0.9980011582374573
8.03774570004316,-0.015855083242058754,2.5129477977752686,0.9146226644515991,0.013745637610554695,0.012448374181985855,0.06043888255953789,-0.9979996085166931
8.041970400023274,-0.015883302316069603,2.5129313468933105,0.9146491885185242,0.013577182777225971,0.012365399859845638,0.06048637628555298,-0.9980000853538513
8.046184400038328,-0.01591506041586399,2.5128870010375977,0.9146623015403748,0.013028211891651154,0.012389731593430042,0.06042013317346573,-0.9980111122131348
8.050543999997899,-0.015935584902763367,2.5129313468933105,0.9146759510040283,0.01366259716451168,0.012513733468949795,0.06035025045275688,-0.9980053305625916
8.05619040003512,-0.01594526693224907,2.5129213333129883,0.9146617650985718,0.013628052547574043,0.012346158735454082,0.060297559946775436,-0.99801105260849
8.060350100044161,-0.01597023569047451,2.5128705501556396,0.9146782755851746,0.012758227065205574,0.01227782666683197,0.06037181243300438,-0.9980189800262451
8.06450020003831,-0.01599918305873871,2.5128676891326904,0.9146937727928162,0.012647629715502262,0.012272791005671024,0.06042014807462692,-0.998017430305481
8.068811400036793,-0.016019754111766815,2.51285719871521,0.9147209525108337,0.01262789685279131,0.012296736240386963,0.06044229120016098,-0.9980161190032959
8.072857599996496,-0.016089195385575294,2.512769937515259,0.9147423505783081,0.013504724018275738,0.012498159892857075,0.059655237942934036,-0.9980494976043701
8.077084199991077,-0.016106674447655678,2.512739658355713,0.9148051738739014,0.013563285581767559,0.012608197517693043,0.05956114083528519,-0.9980529546737671
8.081436500011478,-0.01614290662109852,2.5128095149993896,0.9150097370147705,0.011690089479088783,0.01237261388450861,0.06128397956490517,-0.99797523021698
8.085909500019625,-0.016169961541891098,2.5127792358398438,0.9150843024253845,0.011584645137190819,0.012479462660849094,0.06121392175555229,-0.997979462146759
8.089992900029756,-0.016171827912330627,2.5127599239349365,0.9151560664176941,0.011638974770903587,0.012310812249779701,0.06125011667609215,-0.9979787468910217
8.094309000007343,-0.016168270260095596,2.5127360820770264,0.9152464270591736,0.011472037062048912,0.012253915891051292,0.061373624950647354,-0.9979737401008606
8.098767300019972,-0.016143541783094406,2.5126750469207764,0.9153622388839722,0.011770566925406456,0.01178013440221548,0.06098398566246033,-0.9979998469352722
8.103015000000596,-0.01623237505555153,2.5126466751098633,0.915414571762085,0.012004505842924118,0.012265842407941818,0.06069645285606384,-0.9980087876319885
8.107366300013382,-0.016235817223787308,2.5126280784606934,0.915470540523529,0.01196648832410574,0.012261811643838882,0.060597412288188934,-0.998015284538269
8.1108839000226,-0.016262928023934364,2.5126047134399414,0.9155192971229553,0.012057427316904068,0.012423275038599968,0.06058347225189209,-0.9980130195617676
8.114497900009155,-0.01624741591513157,2.5125818252563477,0.9155367016792297,0.012056627310812473,0.012276951223611832,0.060572218149900436,-0.9980155229568481
8.117888200038578,-0.016244810074567795,2.51255464553833,0.9155827760696411,0.01210827101022005,0.012290296144783497,0.06047699227929115,-0.9980205297470093
8.122891600010917,-0.016301598399877548,2.5125131607055664,0.9156123995780945,0.011952867731451988,0.012620920315384865,0.06043581664562225,-0.9980207681655884
8.127077500044834,-0.01630481891334057,2.5124738216400146,0.9156630039215088,0.011764394119381905,0.012720856815576553,0.06051161512732506,-0.9980170726776123
8.131501400028355,-0.016309654340147972,2.5124170780181885,0.9157796502113342,0.011692475527524948,0.01263483427464962,0.06027946248650551,-0.9980331063270569
8.135549300001003,-0.016318321228027344,2.512376308441162,0.9158251881599426,0.011511009186506271,0.012499552220106125,0.06033802777528763,-0.998033344745636
8.14010820002295,-0.016333136707544327,2.5123424530029297,0.9158819317817688,0.011428050696849823,0.01239828858524561,0.060274794697761536,-0.9980394244194031
8.144810100027826,-0.016372835263609886,2.5122334957122803,0.9159941673278809,0.01037042960524559,0.012557490728795528,0.06024099513888359,-0.9980510473251343
8.149815100012347,-0.01641065813601017,2.5122079849243164,0.9161612391471863,0.010241440497338772,0.012786933220922947,0.060224879533052444,-0.9980504512786865
8.154618700034916,-0.01641964539885521,2.5122039318084717,0.9161857962608337,0.010214140638709068,0.012558325193822384,0.06021364778280258,-0.9980542659759521
8.15897779999068,-0.016349444165825844,2.5122323036193848,0.9161881804466248,0.010566526092588902,0.012050892226397991,0.06039278954267502,-0.9980460405349731
8.162779100006446,-0.016347631812095642,2.5121963024139404,0.9162922501564026,0.009836853481829166,0.011428960599005222,0.06064969673752785,-0.9980452060699463
8.166882799996529,-0.016345275565981865,2.512155294418335,0.9163768291473389,0.009744692593812943,0.011259451508522034,0.060546766966581345,-0.9980542659759521
8.171851399994921,-0.016308294609189034,2.5121216773986816,0.9163752794265747,0.00954666081815958,0.011430613696575165,0.06070477142930031,-0.9980447292327881
8.175853900029324,-0.016308294609189034,2.5121216773986816,0.9163752794265747,0.00954666081815958,0.011430613696575165,0.06070477142930031,-0.9980447292327881
8.17935370001942,-0.016331449151039124,2.5120737552642822,0.9165955781936646,0.010649830102920532,0.011303357779979706,0.06031988188624382,-0.9980582594871521
8.183657600020524,-0.016340238973498344,2.5119903087615967,0.9167546629905701,0.010653345845639706,0.012258452363312244,0.06058850511908531,-0.9980307221412659
8.18783250002889,-0.016347186639904976,2.5119385719299316,0.9168277978897095,0.010825901292264462,0.012362968176603317,0.06046736240386963,-0.9980348944664001
8.191835100005846,-0.016345582902431488,2.5118963718414307,0.9168930053710938,0.010807964950799942,0.012404859997332096,0.06050775200128555,-0.9980321526527405
8.196286000020336,-0.01631154492497444,2.511864423751831,0.9169678688049316,0.010647625662386417,0.012311454862356186,0.06066006049513817,-0.9980257749557495
8.200334199995268,-0.016303176060318947,2.5118448734283447,0.9170677661895752,0.01070890761911869,0.012228275649249554,0.06045534834265709,-0.9980385899543762
8.204602200014051,-0.016292402520775795,2.5117886066436768,0.9170793890953064,0.0105708884075284,0.012291396036744118,0.06098455563187599,-0.9980071187019348
8.208626500039827,-0.01627618819475174,2.5118026733398438,0.9171791076660156,0.010739890858530998,0.012102196924388409,0.06058427318930626,-0.9980319142341614
8.212653700029477,-0.016252413392066956,2.5117850303649902,0.9171988368034363,0.010581519454717636,0.012039683759212494,0.061094507575035095,-0.9980033040046692
8.217141600034665,-0.016268884763121605,2.511781692504883,0.9172515273094177,0.010963168926537037,0.012188049033284187,0.06085173785686493,-0.9980121850967407
8.221019299991895,-0.01625256985425949,2.511761426925659,0.9173212051391602,0.010705063119530678,0.012269707396626472,0.061381030827760696,-0.9979816675186157
8.225159900030121,-0.016242409124970436,2.511791944503784,0.917330265045166,0.010652796365320683,0.012131323106586933,0.061295174062252045,-0.9979891777038574
8.229458799993154,-0.016245584934949875,2.5117645263671875,0.917387843132019,0.010724618099629879,0.012428331188857555,0.06148987263441086,-0.9979727864265442
8.233542400004808,-0.01623394526541233,2.511763572692871,0.9174119234085083,0.01066543161869049,0.01238333247601986,0.06158868223428726,-0.9979678988456726
8.238065300043672,-0.016216691583395004,2.5117616653442383,0.9174602031707764,0.010919162072241306,0.01237387303262949,0.06145068258047104,-0.9979737401008606
8.241877700027544,-0.016189590096473694,2.5117416381835938,0.9174764752388,0.010713179595768452,0.012308623641729355,0.06156560406088829,-0.9979696869850159
8.246173400024418,-0.016191696748137474,2.511723041534424,0.9175102114677429,0.010888870805501938,0.012418769299983978,0.06140520051121712,-0.9979762434959412
8.250375600007828,-0.016180429607629776,2.5117156505584717,0.9175452589988708,0.010710584931075573,0.012391358613967896,0.061464548110961914,-0.9979749321937561
8.254352500021923,-0.016178246587514877,2.511702299118042,0.917587161064148,0.011034549213945866,0.01246431190520525,0.061231765896081924,-0.997984766960144
8.25882940000156,-0.016162129119038582,2.511704206466675,0.9176338911056519,0.011105252429842949,0.01246859785169363,0.06122981011867523,-0.9979840517044067
8.263151100021787,-0.016170859336853027,2.5116941928863525,0.9177334904670715,0.010876988992094994,0.01228696946054697,0.06126412749290466,-0.9979866743087769
8.26694870000938,-0.016165716573596,2.511685371398926,0.9177834987640381,0.010975335724651814,0.01220752764493227,0.061349738389253616,-0.9979813694953918
8.271146000013687,-0.016109274700284004,2.511664390563965,0.9178382754325867,0.011065496131777763,0.01208494696766138,0.06109963357448578,-0.9979972243309021
8.275195599999279,-0.01611912064254284,2.5116567611694336,0.9179072380065918,0.011224169284105301,0.012114209122955799,0.06106240302324295,-0.9979973435401917
8.279620099987369,-0.016103776171803474,2.51164174079895,0.9180126786231995,0.011120393872261047,0.012421884573996067,0.061160165816545486,-0.9979887008666992
8.283507400017697,-0.016094937920570374,2.5116350650787354,0.9180932641029358,0.011206279508769512,0.012550453655421734,0.06113056838512421,-0.9979879856109619
8.287843000027351,-0.016080275177955627,2.5116217136383057,0.91814124584198,0.01115149911493063,0.012506651692092419,0.06110116466879845,-0.9979909658432007
8.292201600037515,-0.016079524531960487,2.5115909576416016,0.9181647896766663,0.011367704719305038,0.012550372630357742,0.06098388880491257,-0.997995138168335
8.29626420000568,-0.016042545437812805,2.5115811824798584,0.9181914329528809,0.011057378724217415,0.012523769401013851,0.061215080320835114,-0.997984766960144
8.300704399996903,-0.016013935208320618,2.5115606784820557,0.918206512928009,0.011186002753674984,0.01254971232265234,0.06109192594885826,-0.997990608215332
8.304441699991003,-0.016018353402614594,2.5115559101104736,0.918216347694397,0.011183801107108593,0.012452291324734688,0.0610237643122673,-0.9979959726333618
8.308819800033234,-0.01599848084151745,2.511549711227417,0.9182080030441284,0.011184938251972198,0.012513195164501667,0.06115846708416939,-0.9979870319366455
8.313123000029009,-0.01596810668706894,2.5115368366241455,0.9182000160217285,0.011176292784512043,0.012573271058499813,0.061114463955163956,-0.9979890584945679
8.316834500001278,-0.01595178060233593,2.5115420818328857,0.9181427359580994,0.011299194768071175,0.012315771542489529,0.06112159416079521,-0.9979903697967529
8.321824399987236,-0.01596013270318508,2.5115509033203125,0.9181486368179321,0.011215653270483017,0.012328973039984703,0.061252132058143616,-0.9979832172393799
8.325932600011583,-0.01594354584813118,2.5115768909454346,0.9181691408157349,0.01129184477031231,0.012405884452164173,0.061146147549152374,-0.9979878664016724
8.329747000010684,-0.015971561893820763,2.5115840435028076,0.9181873798370361,0.011242657899856567,0.012375175952911377,0.06126412749290466,-0.9979815483093262
8.333741000038572,-0.015999317169189453,2.5115904808044434,0.9182083010673523,0.011300284415483475,0.01229835581034422,0.061334941536188126,-0.9979775547981262
8.338657799991779,-0.016019262373447418,2.5116138458251953,0.9182818531990051,0.011136631481349468,0.012468979693949223,0.06138204410672188,-0.9979743361473083
8.34242580004502,-0.016043968498706818,2.5116047859191895,0.9183117747306824,0.011261478997766972,0.012559020891785622,0.06128542125225067,-0.9979777932167053
8.346575300034601,-0.016098812222480774,2.511585235595703,0.9183724522590637,0.011324388906359673,0.012652208097279072,0.06117038428783417,-0.9979829788208008
8.350281600025482,-0.016116997227072716,2.511583089828491,0.9184329509735107,0.010974360629916191,0.012652048841118813,0.06154715642333031,-0.9979636669158936
8.354567000002135,-0.016128182411193848,2.511586904525757,0.9184671640396118,0.011284600012004375,0.012848635204136372,0.061303406953811646,-0.9979726672172546
8.358494699990842,-0.016137611120939255,2.511580467224121,0.9184800386428833,0.011349608190357685,0.012848288752138615,0.061341457068920135,-0.9979696869850159
8.362958300043829,-0.01614847034215927,2.5115890502929688,0.918489933013916,0.011265642940998077,0.012929755263030529,0.0613141767680645,-0.99797123670578
8.3669368000119,-0.016131101176142693,2.5115888118743896,0.9184776544570923,0.011178061366081238,0.01295805349946022,0.06133153289556503,-0.9979707598686218
8.371138399990741,-0.01613212190568447,2.5115954875946045,0.918447732925415,0.010987402871251106,0.012929079122841358,0.061440832912921906,-0.9979665279388428
8.375656699994579,-0.016134636476635933,2.511596441268921,0.918434202671051,0.010979603044688702,0.012925215996801853,0.06159928813576698,-0.9979568719863892
8.379306700022426,-0.016147442162036896,2.5115575790405273,0.9183050394058228,0.011029601097106934,0.011882861144840717,0.062333203852176666,-0.997923731803894
8.383830400009174,-0.01614944264292717,2.511538028717041,0.9183555841445923,0.010850857943296432,0.01223868876695633,0.06254752725362778,-0.9979079961776733
8.387608600023668,-0.016093291342258453,2.511653423309326,0.9183917045593262,0.011538942344486713,0.011971725150942802,0.06143498048186302,-0.9979726672172546
8.391914700041525,-0.016157478094100952,2.511590003967285,0.918361246585846,0.010833700187504292,0.01192314550280571,0.06236647814512253,-0.9979233145713806
8.396176900016144,-0.016150925308465958,2.5116403102874756,0.9184452891349792,0.01108404342085123,0.012364872731268406,0.06149247661232948,-0.9979694485664368
8.40033030003542,-0.01613052934408188,2.5116629600524902,0.9185104370117188,0.011542100459337234,0.012642201967537403,0.0614919438958168,-0.9979608058929443
8.40492970001651,-0.0161612406373024,2.5115931034088135,0.9184874892234802,0.0113735506311059,0.011541212908923626,0.06237263232469559,-0.9979214072227478
8.408563200035132,-0.01614874042570591,2.5115885734558105,0.9185338616371155,0.01140497624874115,0.01144423522055149,0.06236759573221207,-0.9979224801063538
8.412861999997403,-0.016150053590536118,2.5116257667541504,0.9186239838600159,0.011649852618575096,0.011993628926575184,0.061499129980802536,-0.9979670643806458
8.416239999991376,-0.016150053590536118,2.5116257667541504,0.9186239838600159,0.011649852618575096,0.011993628926575184,0.061499129980802536,-0.9979670643806458
8.419874900020659,-0.016150053590536118,2.5116257667541504,0.9186239838600159,0.011649852618575096,0.011993628926575184,0.061499129980802536,-0.9979670643806458
8.424989900027867,-0.016142012551426888,2.511484146118164,0.9186733365058899,0.011138972826302052,0.01180026400834322,0.06264863908290863,-0.9979037046432495
8.429260700009763,-0.016133056953549385,2.511406660079956,0.9186820387840271,0.012183799408376217,0.011782672256231308,0.061789371073246,-0.9979453682899475
8.433707599993795,-0.016059238463640213,2.511376142501831,0.9186795949935913,0.01193325687199831,0.011595306918025017,0.06186293438076973,-0.9979459643363953
8.437855800031684,-0.01607193611562252,2.5113112926483154,0.9186802506446838,0.010964173823595047,0.011980284005403519,0.062026772648096085,-0.9979423880577087
8.44179210002767,-0.015944289043545723,2.511277198791504,0.9187005758285522,0.011099876835942268,0.011276361532509327,0.06185104697942734,-0.9979599714279175
8.446252599998843,-0.015940111130475998,2.5112361907958984,0.9187263250350952,0.011139923706650734,0.011505681090056896,0.06172895058989525,-0.9979645013809204
8.450142599991523,-0.015976496040821075,2.5112810134887695,0.9189187288284302,0.011391215026378632,0.01292278803884983,0.06050679087638855,-0.9980190992355347
8.454284200037364,-0.01596890017390251,2.5112807750701904,0.9189648628234863,0.011377797462046146,0.013059305027127266,0.06052817031741142,-0.9980162382125854
8.458654500020202,-0.01595449075102806,2.5112788677215576,0.9189820289611816,0.011389699764549732,0.012953626923263073,0.060497622936964035,-0.9980193376541138
8.464384599996265,-0.015951821580529213,2.5112714767456055,0.919018030166626,0.011385511606931686,0.012926707975566387,0.060582324862480164,-0.9980145692825317
8.467949900019448,-0.015933124348521233,2.5112831592559814,0.9190465211868286,0.011470912955701351,0.012975345365703106,0.06046818569302559,-0.9980199337005615
8.475314500043169,-0.015903430059552193,2.511303186416626,0.9190950393676758,0.011659533716738224,0.012976096011698246,0.06049949675798416,-0.9980157613754272
8.479789600009099,-0.01591062918305397,2.5113065242767334,0.9191157817840576,0.011565369553864002,0.013001322746276855,0.06064191460609436,-0.9980079531669617
8.483753800042905,-0.01590527594089508,2.511287212371826,0.9191222190856934,0.011563624255359173,0.013147301971912384,0.060560762882232666,-0.9980109333992004
8.48786510003265,-0.015886215493083,2.511298179626465,0.9191249012947083,0.011567454785108566,0.013148870319128036,0.06047587841749191,-0.9980159997940063
8.492095699999481,-0.015840239822864532,2.51129412651062,0.9190936088562012,0.011572606861591339,0.013090040534734726,0.06040501967072487,-0.9980210065841675
8.498055600037333,-0.015817714855074883,2.5112884044647217,0.9190744757652283,0.011555393226444721,0.013159229420125484,0.06036820262670517,-0.9980225563049316
8.502689799992368,-0.015796607360243797,2.511296510696411,0.9190564155578613,0.011406069621443748,0.013253447599709034,0.0605270117521286,-0.9980133771896362
8.506516200024635,-0.01576613076031208,2.5113089084625244,0.9190335273742676,0.011536271311342716,0.013300157152116299,0.06031057611107826,-0.9980244636535645
8.510746699990705,-0.015754180029034615,2.5113253593444824,0.919020414352417,0.011568932794034481,0.01329316571354866,0.060320496559143066,-0.998023509979248
8.514987600035965,-0.01575254090130329,2.511338472366333,0.9190289378166199,0.011629225686192513,0.013250666670501232,0.06022178381681442,-0.9980294108390808
8.520920500042848,-0.015790175646543503,2.5114028453826904,0.9190449118614197,0.011670484207570553,0.013279405422508717,0.060184042900800705,-0.9980307221412659
8.525203600001987,-0.015783093869686127,2.511505126953125,0.9190802574157715,0.010573482140898705,0.01314471010118723,0.06120964139699936,-0.9979824423789978
8.529674699995667,-0.015809107571840286,2.5115602016448975,0.9191179275512695,0.010520108975470066,0.013463828712701797,0.06108295917510986,-0.9979864358901978
8.53352170001017,-0.015838751569390297,2.5115857124328613,0.9191491603851318,0.010698596015572548,0.013449596241116524,0.06097882241010666,-0.9979910850524902
8.537995700025931,-0.01580648310482502,2.511746406555176,0.9191886186599731,0.011535347439348698,0.013397211208939552,0.060092367231845856,-0.9980363249778748
8.542151400004514,-0.01580977626144886,2.511774778366089,0.9191803932189941,0.011508282274007797,0.013342578895390034,0.06016898155212402,-0.9980327486991882
8.546028100012336,-0.015833808109164238,2.5117459297180176,0.9191720485687256,0.011270911432802677,0.013122339732944965,0.06121848523616791,-0.9979745745658875
8.550453300005756,-0.015807146206498146,2.5118284225463867,0.9191703796386719,0.011660700663924217,0.013378218747675419,0.05995993688702583,-0.9980430603027344
8.554681900015566,-0.015787409618496895,2.511838436126709,0.9191603064537048,0.011763650923967361,0.01344370562583208,0.059932757169008255,-0.9980425834655762
8.558824100007769,-0.01577727124094963,2.5118260383605957,0.9191295504570007,0.011600373312830925,0.013499429449439049,0.05993517115712166,-0.9980436563491821
8.56350420002127,-0.015761006623506546,2.5118284225463867,0.919114887714386,0.01175767369568348,0.013468518853187561,0.05976998433470726,-0.9980521202087402
8.567584800010081,-0.015761006623506546,2.5118284225463867,0.919114887714386,0.01175767369568348,0.013468518853187561,0.05976998433470726,-0.9980521202087402
8.574875699996483,-0.01573997735977173,2.5118322372436523,0.9190974235534668,0.011646856553852558,0.013621454127132893,0.05984821543097496,-0.9980466365814209
8.580188199994154,-0.015775544568896294,2.5118510723114014,0.9191316366195679,0.01142201479524374,0.013555128127336502,0.060125745832920074,-0.9980334639549255
8.585178700042889,-0.01580020599067211,2.511871814727783,0.9191584587097168,0.011398609727621078,0.013640337623655796,0.06006200611591339,-0.9980364441871643
8.5892580000218,-0.015847772359848022,2.511869430541992,0.9191789627075195,0.01160154864192009,0.01367204636335373,0.05998620390892029,-0.9980382323265076
8.593600500025786,-0.015847772359848022,2.511869430541992,0.9191789627075195,0.01160154864192009,0.01367204636335373,0.05998620390892029,-0.9980382323265076
8.599426900036633,-0.01588769070804119,2.5118863582611084,0.9192349314689636,0.01152797881513834,0.013696347363293171,0.059911660850048065,-0.9980431795120239
8.604509000026155,-0.01597398705780506,2.5119028091430664,0.9193094372749329,0.011537850834429264,0.013695936650037766,0.060062844306230545,-0.9980339407920837
8.608801399997901,-0.015981893986463547,2.5119054317474365,0.9193136692047119,0.011517822742462158,0.013624873012304306,0.0602053627371788,-0.9980265498161316
8.613096000044607,-0.015996497124433517,2.5119032859802246,0.9193004369735718,0.011493144556879997,0.013775240629911423,0.06020418182015419,-0.9980249404907227
8.616892900026869,-0.015999983996152878,2.5118911266326904,0.9192824959754944,0.01130080595612526,0.013797877356410027,0.060341790318489075,-0.9980185031890869
8.620455200027209,-0.015999983996152878,2.5118911266326904,0.9192824959754944,0.01130080595612526,0.013797877356410027,0.060341790318489075,-0.9980185031890869
8.624309000035282,-0.0159752257168293,2.5118894577026367,0.9192325472831726,0.011722746305167675,0.01382527407258749,0.060051966458559036,-0.9980307221412659
8.627853900019545,-0.0159752257168293,2.5118894577026367,0.9192325472831726,0.011722746305167675,0.01382527407258749,0.060051966458559036,-0.9980307221412659
8.632162299996708,-0.01603030413389206,2.5118842124938965,0.9191690683364868,0.011574408039450645,0.014214683324098587,0.06020541489124298,-0.9980176687240601
8.635704300017096,-0.01603030413389206,2.5118842124938965,0.9191690683364868,0.011574408039450645,0.014214683324098587,0.06020541489124298,-0.9980176687240601
8.639908700017259,-0.01607099547982216,2.511894941329956,0.9190409183502197,0.011922524310648441,0.014435408636927605,0.06000453233718872,-0.9980225563049316
8.643660000001546,-0.016121849417686462,2.51190185546875,0.9190235137939453,0.012068746611475945,0.01442311517894268,0.059967730194330215,-0.9980231523513794
8.648010000004433,-0.016142986714839935,2.511913776397705,0.9189851880073547,0.01222286093980074,0.014411370269954205,0.059901509433984756,-0.9980254173278809
8.652685400040355,-0.016207758337259293,2.511950969696045,0.9189889430999756,0.012148509733378887,0.014402778819203377,0.05987456813454628,-0.9980280995368958
8.656891599996015,-0.016250554472208023,2.5119519233703613,0.9189730882644653,0.012266389094293118,0.014447888359427452,0.0599033422768116,-0.9980242252349854
8.6606719000265,-0.016250554472208023,2.5119519233703613,0.9189730882644653,0.012266389094293118,0.014447888359427452,0.0599033422768116,-0.9980242252349854
8.665245699987281,-0.01633051224052906,2.5118846893310547,0.9189305305480957,0.01204377505928278,0.014168723486363888,0.06112736836075783,-0.9979567527770996
8.668884499988053,-0.016341764479875565,2.5119235515594482,0.9189388155937195,0.012208827771246433,0.014517310075461864,0.06006927415728569,-0.998013973236084
8.67221500002779,-0.016368713229894638,2.5118210315704346,0.9188981056213379,0.011883663944900036,0.014232953079044819,0.061010267585515976,-0.9979649782180786
8.675967500021216,-0.016368713229894638,2.5118210315704346,0.9188981056213379,0.011883663944900036,0.014232953079044819,0.061010267585515976,-0.9979649782180786
8.681512100039981,-0.01632612943649292,2.5116517543792725,0.9186680912971497,0.011715592816472054,0.012745015323162079,0.06240876764059067,-0.9979006052017212
8.685463000030722,-0.016309943050146103,2.511625051498413,0.9186457395553589,0.011773275211453438,0.012845244258642197,0.062080975621938705,-0.9979190230369568
8.689740900008474,-0.016298197209835052,2.5115268230438232,0.9185784459114075,0.012668214738368988,0.01264223363250494,0.06106054037809372,-0.997973620891571
8.69404090003809,-0.016263680532574654,2.5115444660186768,0.9185546636581421,0.011451516300439835,0.012494207359850407,0.06210532784461975,-0.9979257583618164
8.69816259999061,-0.01627219468355179,2.5114524364471436,0.9185000658035278,0.012486260384321213,0.012846705503761768,0.0610710009932518,-0.9979727268218994
8.702148100011982,-0.016281694173812866,2.5114190578460693,0.9184562563896179,0.012558636255562305,0.012945527210831642,0.06081134080886841,-0.9979863166809082
8.70669540000381,-0.01628047600388527,2.5113940238952637,0.918413519859314,0.01239600870758295,0.012941757217049599,0.06094495579600334,-0.9979802966117859
8.712693400040735,-0.01631902903318405,2.5113236904144287,0.9183171391487122,0.011239394545555115,0.013140559196472168,0.061185408383607864,-0.9979767203330994
8.71739400003571,-0.016297636553645134,2.5113680362701416,0.9183193445205688,0.012319548055529594,0.01301824115216732,0.060976192355155945,-0.9979782700538635
8.721196300000884,-0.016315026208758354,2.5112738609313965,0.9182323217391968,0.011284969747066498,0.01306609995663166,0.06135443225502968,-0.9979667663574219
8.725343300029635,-0.016315026208758354,2.5112738609313965,0.9182323217391968,0.011284969747066498,0.01306609995663166,0.06135443225502968,-0.9979667663574219
8.729639500030316,-0.0164424329996109,2.51121187210083,0.9181296229362488,0.010754069313406944,0.013817974366247654,0.06168965622782707,-0.997941792011261
8.73371150001185,-0.01633879542350769,2.511150598526001,0.9180684089660645,0.011099962517619133,0.013688642531633377,0.061320748180150986,-0.997962474822998
8.738143199996557,-0.016360389068722725,2.5110952854156494,0.9179720282554626,0.010709986090660095,0.013874527998268604,0.0614451989531517,-0.9979566335678101
8.742017000040505,-0.01635037735104561,2.511007785797119,0.9179511666297913,0.011059551499783993,0.014205208979547024,0.06103217601776123,-0.9979735016822815
8.746344000042882,-0.016177861019968987,2.5109219551086426,0.9178285002708435,0.010865973308682442,0.013387704268097878,0.060699112713336945,-0.9980072379112244
8.750386100029573,-0.016140127554535866,2.5108280181884766,0.9177554249763489,0.01076493039727211,0.013377832248806953,0.0606621652841568,-0.9980106949806213
8.755485100031365,-0.016134504228830338,2.5107622146606445,0.9177042245864868,0.010722034610807896,0.013478298671543598,0.060570742934942245,-0.998015284538269
8.759262300038245,-0.016125548630952835,2.510676622390747,0.9176495671272278,0.010721479542553425,0.013409140519797802,0.06054007634520531,-0.9980181455612183
8.762942300003488,-0.01612401008605957,2.510607957839966,0.9176141023635864,0.010519394651055336,0.01339417789131403,0.0603783018887043,-0.9980302453041077
8.766992899996694,-0.01614178903400898,2.5105390548706055,0.9175871014595032,0.0105396443977952,0.01341114193201065,0.06020917743444443,-0.9980400204658508
8.77148140000645,-0.01615746319293976,2.5104756355285645,0.917550265789032,0.01043328270316124,0.013458061963319778,0.06010676547884941,-0.9980467557907104
8.775475800037384,-0.01624087244272232,2.5103747844696045,0.9174708724021912,0.01156935840845108,0.014437184669077396,0.059114664793014526,-0.998079776763916
8.779639100015629,-0.016269896179437637,2.510390281677246,0.9174531698226929,0.010288842022418976,0.013875378295779228,0.060146819800138474,-0.9980401396751404
8.783788200002164,-0.01622752659022808,2.5102126598358154,0.9173499941825867,0.01005513221025467,0.014031617902219296,0.059465836733579636,-0.9980810880661011
8.787861899996642,-0.016251539811491966,2.5102357864379883,0.9173119068145752,0.011183219030499458,0.013972417451441288,0.0593603178858757,-0.9980762004852295
8.792296500003431,-0.01623685471713543,2.5101265907287598,0.9171833992004395,0.010028800927102566,0.014073587022721767,0.05960387364029884,-0.9980725049972534
8.796145200030878,-0.016233768314123154,2.510051965713501,0.917061984539032,0.009816150180995464,0.014033989980816841,0.059580761939287186,-0.9980765581130981
8.800666800001636,-0.016225118190050125,2.5099802017211914,0.9169558882713318,0.009760769084095955,0.014045880176126957,0.05957034230232239,-0.9980776309967041
8.804535600007512,-0.016247978433966637,2.509901285171509,0.9168599843978882,0.009832242503762245,0.01413724198937416,0.059411536902189255,-0.9980850219726562
8.808683200040832,-0.016244884580373764,2.5097923278808594,0.9167764782905579,0.0096866674721241,0.013995014131069183,0.05932926386594772,-0.9980934262275696
8.813043700007256,-0.01626450940966606,2.509674310684204,0.9167144298553467,0.0097922058776021,0.014143561013042927,0.05906103923916817,-0.9981061220169067
8.817075800034218,-0.01629551500082016,2.509575843811035,0.9166859984397888,0.00972138624638319,0.014091531746089458,0.05905011296272278,-0.9981082677841187
8.821986099996138,-0.01633365824818611,2.5094690322875977,0.9166757464408875,0.009515980258584023,0.01401695515960455,0.05891628935933113,-0.9981191754341125
8.826286700030323,-0.01644796133041382,2.5092926025390625,0.9165928363800049,0.010625061579048634,0.01482410728931427,0.0577637180685997,-0.9981637001037598
8.831618199998047,-0.0165999848395586,2.5091538429260254,0.9166238903999329,0.01043237280100584,0.015340697951614857,0.058734238147735596,-0.9981012940406799
8.835961000004318,-0.01665526255965233,2.5090584754943848,0.916621744632721,0.010156960226595402,0.015277962200343609,0.058832548558712006,-0.9980992674827576
8.839867800008506,-0.016749221831560135,2.508984088897705,0.9166728258132935,0.010147896595299244,0.015466529875993729,0.058616869151592255,-0.9981092214584351
8.846247900044546,-0.016858894377946854,2.508819103240967,0.9167783260345459,0.009928848594427109,0.015139000490307808,0.0582561120390892,-0.9981374740600586
8.850337899988517,-0.016917113214731216,2.508772611618042,0.9167975187301636,0.009692301042377949,0.015237405896186829,0.058425821363925934,-0.9981284737586975
8.854947299987543,-0.016954414546489716,2.508730173110962,0.9167633056640625,0.009099988266825676,0.015103046782314777,0.05884062498807907,-0.9981117248535156
8.859141700027976,-0.016914967447519302,2.5086076259613037,0.9165303111076355,0.010930742137134075,0.014944713562726974,0.05702947452664375,-0.9982007741928101
8.864133200026117,-0.016923053190112114,2.5085859298706055,0.9164340496063232,0.010295522399246693,0.014917726628482342,0.057493001222610474,-0.9981813430786133
8.868111099989619,-0.0169752836227417,2.508518695831299,0.9164366722106934,0.010652284137904644,0.01478626299649477,0.05716102570295334,-0.9981986880302429
8.872107900038827,-0.017020711675286293,2.5084073543548584,0.9164037108421326,0.009678082540631294,0.014904570765793324,0.05723630636930466,-0.9982025623321533
8.87733330001356,-0.01714278943836689,2.508410692214966,0.916385293006897,0.01028476282954216,0.015027022920548916,0.057158831506967545,-0.9981990456581116
8.881787599995732,-0.01718973182141781,2.508399248123169,0.9163469076156616,0.010253816843032837,0.014959829859435558,0.05728573352098465,-0.998193085193634
8.886167599994224,-0.017257146537303925,2.508413553237915,0.9163219928741455,0.010160545818507671,0.014962213113904,0.05737677961587906,-0.9981887936592102
8.890836300037336,-0.017360564321279526,2.5084245204925537,0.9163046479225159,0.009973469190299511,0.014948967844247818,0.05766728147864342,-0.9981741905212402
8.896338900027331,-0.017545048147439957,2.508517026901245,0.9162839651107788,0.009952256456017494,0.014895343221724033,0.057854555547237396,-0.9981643557548523
8.90044510003645,-0.017656497657299042,2.5085959434509277,0.9162580966949463,0.010450828820466995,0.015004109591245651,0.05801291763782501,-0.9981484413146973
8.905191100027878,-0.017790615558624268,2.5087199211120605,0.9162401556968689,0.008700761944055557,0.014820419251918793,0.05949242413043976,-0.998080849647522
8.90917850000551,-0.01787653937935829,2.5087690353393555,0.9162229299545288,0.008761162869632244,0.014773826114833355,0.05963829904794693,-0.9980722665786743
8.912989200034644,-0.017956936731934547,2.5087971687316895,0.9162231683731079,0.008611208759248257,0.014760264195501804,0.05970022827386856,-0.9980700612068176
8.916859299992211,-0.017956936731934547,2.5087971687316895,0.9162231683731079,0.008611208759248257,0.014760264195501804,0.05970022827386856,-0.9980700612068176
8.921052300021984,-0.018044305965304375,2.508833885192871,0.9162327647209167,0.00850107055157423,0.014634945429861546,0.059817202389240265,-0.9980658888816833
8.925474899995606,-0.018144361674785614,2.5088136196136475,0.916261613368988,0.008684976026415825,0.014308566227555275,0.059450358152389526,-0.998090922832489
8.929403599991929,-0.018138505518436432,2.5087814331054688,0.9163010716438293,0.008070538751780987,0.013909682631492615,0.05949948728084564,-0.9980987906455994
8.933744400041178,-0.01815362460911274,2.5087685585021973,0.9163264036178589,0.007948811165988445,0.01384598109871149,0.059321314096450806,-0.9981112480163574
8.93825750000542,-0.01814460940659046,2.5087835788726807,0.9163689613342285,0.008110323920845985,0.013759794645011425,0.05924399942159653,-0.9981157779693604
8.94209830003092,-0.018132362514734268,2.5088067054748535,0.9164084196090698,0.008227527141571045,0.013707957230508327,0.059084437787532806,-0.9981250166893005
8.946173800039105,-0.018128426745533943,2.5088374614715576,0.9164720773696899,0.008170935325324535,0.013578608632087708,0.05903785303235054,-0.9981300234794617
8.95028650003951,-0.018133845180273056,2.508883476257324,0.9165582656860352,0.00811039935797453,0.013352038338780403,0.05909283831715584,-0.9981302618980408
8.95489130000351,-0.01810874044895172,2.508939266204834,0.9166287183761597,0.008008004166185856,0.013313664123415947,0.059161629527807236,-0.9981275200843811
8.959003700001631,-0.018079910427331924,2.509063959121704,0.9167006015777588,0.00835135206580162,0.013780146837234497,0.05933946371078491,-0.9981077909469604
8.963273100031074,-0.018106430768966675,2.5091640949249268,0.9168584942817688,0.009345666505396366,0.01385341864079237,0.05785786360502243,-0.9981849789619446
8.967043400043622,-0.018059303984045982,2.50930118560791,0.9171094298362732,0.007304385770112276,0.013631246984004974,0.059563297778367996,-0.9981047511100769
8.971227000001818,-0.018022708594799042,2.5092997550964355,0.9172903299331665,0.007535616867244244,0.013599266298115253,0.05918053165078163,-0.998126208782196
8.975350500026252,-0.017892030999064445,2.509199619293213,0.9174327850341797,0.0064450944773852825,0.012739764526486397,0.060373593121767044,-0.9980737566947937
8.979371800029185,-0.017792142927646637,2.5091707706451416,0.9175973534584045,0.006418145727366209,0.012448517605662346,0.06048186868429184,-0.998071014881134
8.98660549998749,-0.017656425014138222,2.509087324142456,0.9177521467208862,0.0064207520335912704,0.012397725135087967,0.059439029544591904,-0.9981343150138855
8.991598699998576,-0.0169962327927351,2.5090224742889404,0.9181086421012878,0.00885235145688057,0.010180067270994186,0.05867302790284157,-0.9981861710548401
8.996194000006653,-0.01680009439587593,2.508960723876953,0.918296217918396,0.008844626136124134,0.009840816259384155,0.058550670742988586,-0.9981967806816101
9.000522300018929,-0.01653140038251877,2.5088727474212646,0.9185267686843872,0.00792374461889267,0.00914838258177042,0.05876211076974869,-0.9981986880302429
9.00547870004084,-0.016290603205561638,2.508819818496704,0.9187211394309998,0.007882473058998585,0.008852628991007805,0.0586378313601017,-0.9982089996337891
9.009474200021941,-0.016023986041545868,2.5088083744049072,0.918960452079773,0.008527126163244247,0.008361823856830597,0.05817802622914314,-0.9982348680496216
9.014873600041028,-0.015801476314663887,2.508774995803833,0.9192100167274475,0.008020282723009586,0.008279752917587757,0.05844647437334061,-0.9982239603996277
9.021520500013139,-0.015583353117108345,2.508780002593994,0.9194532036781311,0.007409978192299604,0.008431820198893547,0.05904880911111832,-0.9981920123100281
9.026477100036573,-0.015061233192682266,2.5089774131774902,0.9201867580413818,0.005379101261496544,0.008505365811288357,0.05976329371333122,-0.9981618523597717
9.030762600013986,-0.01479550451040268,2.509117603302002,0.9206187725067139,0.007194437086582184,0.008290041238069534,0.0597783662378788,-0.9981513023376465
9.03436510002939,-0.01436479389667511,2.509169816970825,0.9208468794822693,0.007110179867595434,0.007276176940649748,0.06027478724718094,-0.9981300234794617
9.038203200034332,-0.01403781771659851,2.5091426372528076,0.9210683703422546,0.006888137198984623,0.007385442033410072,0.06090880185365677,-0.9980922341346741
9.042099500016775,-0.013605239801108837,2.50911021232605,0.921239972114563,0.006903273053467274,0.006754353176802397,0.06116272881627083,-0.9980810880661011
9.046170399989933,-0.013205477967858315,2.509082078933716,0.9213991761207581,0.00694372970610857,0.006349387113004923,0.06110064312815666,-0.9980873465538025
9.051296400022693,-0.012818809598684311,2.509040117263794,0.9215399026870728,0.006849062163382769,0.005844180937856436,0.060868456959724426,-0.9981051683425903
9.054882400028873,-0.012420004233717918,2.5089802742004395,0.9217153787612915,0.006433776114135981,0.005264598410576582,0.06069883704185486,-0.9981215596199036
9.058813400042709,-0.012056708335876465,2.509082317352295,0.9219730496406555,0.005834981799125671,0.00480912858620286,0.06168065965175629,-0.998067319393158
9.062906300008763,-0.011707175523042679,2.5092458724975586,0.9224016070365906,0.006912970915436745,0.00541662098839879,0.06065592169761658,-0.998120129108429
9.067275900044478,-0.011312367394566536,2.5093188285827637,0.9227066040039062,0.007231396157294512,0.00592827657237649,0.060449857264757156,-0.9981275200843811
9.071738400030881,-0.010831720195710659,2.5093791484832764,0.9229549169540405,0.007015330716967583,0.00533413328230381,0.06067643314599991,-0.9981185793876648
9.075936300039757,-0.010456373915076256,2.5094544887542725,0.9231600165367126,0.006931772921234369,0.005039946176111698,0.060659244656562805,-0.9981217980384827
9.079484999994747,-0.009967008605599403,2.5095503330230713,0.9233219623565674,0.005868207197636366,0.004072538111358881,0.0613534115254879,-0.9980905652046204
9.083678900031373,-0.00961541011929512,2.509613275527954,0.9235113859176636,0.0059846797958016396,0.003656308399513364,0.06102469563484192,-0.9981116056442261
9.087693500041496,-0.009214483201503754,2.509726047515869,0.9235925078392029,0.006397367920726538,0.003216665703803301,0.061088766902685165,-0.9981067180633545
9.092084800009616,-0.008868874981999397,2.5098273754119873,0.9237586259841919,0.006262957118451595,0.0028077883180230856,0.06118309125304222,-0.9981030225753784
9.09598189999815,-0.00829687062650919,2.5100834369659424,0.9241935014724731,0.004842130001634359,-3.619290146161802e-05,0.06324101984500885,-0.9979865550994873
9.1003914999892,-0.007924528792500496,2.510246515274048,0.9243748188018799,0.004558165557682514,0.0004942507366649806,0.06260670721530914,-0.9980277419090271
9.104517100029625,-0.007451617158949375,2.5104382038116455,0.9246433973312378,0.0043891072273254395,0.001358170760795474,0.06180403754115105,-0.9980777502059937
9.108508400036953,-0.0069985901936888695,2.5105233192443848,0.9248592257499695,0.004644905216991901,0.0016708405455574393,0.060532063245773315,-0.9981541037559509
9.11302109999815,-0.006557667627930641,2.5106141567230225,0.9250786304473877,0.005127808544784784,0.0020446318667382,0.05982448160648346,-0.9981936812400818
9.117000500031281,-0.00617024814710021,2.5106565952301025,0.9251240491867065,0.005221345461905003,0.0019497924949973822,0.06006777659058571,-0.9981787204742432
9.12131810002029,-0.0057113938964903355,2.5106987953186035,0.9251492619514465,0.006144768558442593,0.0019320446299389005,0.05919665843248367,-0.9982256293296814
9.125947099993937,-0.00523228757083416,2.510901927947998,0.9253661036491394,0.008412024937570095,0.000318939913995564,0.058703817427158356,-0.9982399940490723
9.129475400026422,-0.004857007414102554,2.5110630989074707,0.9255267381668091,0.008690866641700268,-0.00035385743831284344,0.05853763222694397,-0.9982473850250244
9.133753900008742,-0.004416247829794884,2.511254072189331,0.9258489012718201,0.00758293317630887,-0.0012969044037163258,0.05959194153547287,-0.9981931447982788
9.13804849999724,-0.004069962538778782,2.51138973236084,0.9260327219963074,0.0073397899977862835,-0.0012858324917033315,0.05976210907101631,-0.998184859752655
9.1418999999878,-0.0037717800587415695,2.511561393737793,0.9262324571609497,0.006918333005160093,-0.0010706442408263683,0.05957901105284691,-0.9981990456581116
9.146167900005821,-0.0034911129623651505,2.5117084980010986,0.9264073967933655,0.00656162528321147,-0.0010040771448984742,0.059429366141557693,-0.9982104301452637
9.15300530003151,-0.0032168198376893997,2.5118894577026367,0.9267270565032959,0.006600640714168549,0.00011495940998429433,0.05841381475329399,-0.9982706904411316
9.156833400018513,-0.002938023302704096,2.5120620727539062,0.9268757700920105,0.007228587754070759,0.00028416450368240476,0.05810626596212387,-0.9982842803001404
9.161041100043803,-0.002575746737420559,2.5122227668762207,0.9270389080047607,0.007387449964880943,-0.0003527162771206349,0.057792406529188156,-0.9983013272285461
9.16463820001809,-0.0023079365491867065,2.512376308441162,0.9271327257156372,0.00743010314181447,-0.0006327069131657481,0.057507287710905075,-0.9983172416687012
9.170706400007475,-0.0017732847481966019,2.512712001800537,0.9274272322654724,0.008710930123925209,-0.0013651634799316525,0.057216159999370575,-0.9983229041099548
9.175606000004336,-0.0014714421704411507,2.512909412384033,0.9275621771812439,0.007840901613235474,-0.0017276903381571174,0.058164797723293304,-0.9982746839523315
9.18002810003236,-0.0011561941355466843,2.513105630874634,0.9277592897415161,0.0050015319138765335,-0.00236243917606771,0.06048638001084328,-0.9981536865234375
9.184065100038424,-0.0008887117728590965,2.5132853984832764,0.9279126524925232,0.005133576691150665,-0.0022974940948188305,0.059645719826221466,-0.9982037544250488
9.18874070001766,-0.000667378306388855,2.513411283493042,0.9279953241348267,0.0049738334491848946,-0.0024750896263867617,0.059665609151124954,-0.9982030391693115
9.19328609999502,-0.0004993826150894165,2.5135624408721924,0.9280660152435303,0.004892718978226185,-0.0026481410022825003,0.059955161064863205,-0.9981855750083923
9.197465800039936,-0.0003126021474599838,2.513712167739868,0.9281298518180847,0.005246406886726618,-0.002716963877901435,0.059994153678417206,-0.9981813430786133
9.202441500034183,-5.167536437511444e-05,2.5138540267944336,0.9281858205795288,0.005488234106451273,-0.003184720641002059,0.06011228263378143,-0.9981714487075806
9.206443800008856,0.00012689270079135895,2.514052152633667,0.9283031821250916,0.005218693055212498,-0.003177846781909466,0.06043529883027077,-0.9981535077095032
9.210984600009397,0.0002853740006685257,2.5143449306488037,0.9285172820091248,0.006480603013187647,-0.001877157250419259,0.058699339628219604,-0.9982529282569885
9.214835999999195,0.0004346519708633423,2.514500379562378,0.9286201596260071,0.0066399723291397095,-0.001613755477592349,0.058541931211948395,-0.9982616305351257
9.21901220001746,0.000580374151468277,2.514646530151367,0.9286448359489441,0.0063692545518279076,-0.0010664272122085094,0.058934494853019714,-0.9982409477233887
9.222498100018129,0.000580374151468277,2.514646530151367,0.9286448359489441,0.0063692545518279076,-0.0010664272122085094,0.058934494853019714,-0.9982409477233887
9.225980799994431,0.000580374151468277,2.514646530151367,0.9286448359489441,0.0063692545518279076,-0.0010664272122085094,0.058934494853019714,-0.9982409477233887
9.23071150004398,0.000748712569475174,2.5147645473480225,0.9287165999412537,0.006160691846162081,-0.0010276997927576303,0.05915900692343712,-0.9982290863990784
9.234745900030248,0.0014973785728216171,2.5151724815368652,0.9288626909255981,0.008332572877407074,-0.0007245994638651609,0.05886901170015335,-0.9982306957244873
9.23830230004387,0.001725597307085991,2.515289068222046,0.9288877248764038,0.008577757515013218,-0.0007810133974999189,0.05918153375387192,-0.998210072517395
9.242328900028951,0.002053935080766678,2.5153822898864746,0.9289059042930603,0.008506902493536472,-0.0005433860933408141,0.05936836451292038,-0.9981998205184937
9.246951100009028,0.0022736862301826477,2.5154800415039062,0.9288862943649292,0.008624108508229256,-0.0006670945440419018,0.0595567412674427,-0.9981874823570251
9.25129869999364,0.0025240955874323845,2.515587568283081,0.9288233518600464,0.008600687608122826,-0.0008621725719422102,0.05941733717918396,-0.9981958270072937
9.254671000002418,0.002775438129901886,2.5156633853912354,0.9288198947906494,0.008657500147819519,-0.000560675049200654,0.05953638255596161,-0.9981884360313416
9.259182800014969,0.0029889876022934914,2.5158474445343018,0.9289079904556274,0.006074739620089531,-0.0012934808619320393,0.062119707465171814,-0.9980494379997253
9.263118600007147,0.003132444806396961,2.51591157913208,0.9289346933364868,0.005955417640507221,-0.0012245024554431438,0.06211479380726814,-0.9980505704879761
9.266955600003712,0.0033822599798440933,2.5159523487091064,0.9289251565933228,0.006211225409060717,-0.0012458979617804289,0.06179402396082878,-0.9980688691139221
9.271157799987122,0.0036970973014831543,2.516000986099243,0.9290503859519958,0.004312444478273392,-0.0026292044203728437,0.06290251761674881,-0.9980068802833557
9.27533900004346,0.003819778561592102,2.5159976482391357,0.9291142821311951,0.0035888601560145617,-0.0026293424889445305,0.06307221949100494,-0.9979991316795349
9.279661200009286,0.00400015152990818,2.5159952640533447,0.9291774034500122,0.003307916456833482,-0.0030074845999479294,0.06302996724843979,-0.9980016350746155
9.283538300020155,0.004211189225316048,2.5159831047058105,0.9292404055595398,0.003251296002417803,-0.0032654483802616596,0.06311812996864319,-0.9979954957962036
9.287941400019918,0.004344392567873001,2.515953779220581,0.9293031692504883,0.0034667341969907284,-0.0030450192280113697,0.0628020241856575,-0.9980154037475586
9.29209380003158,0.004528554156422615,2.5158984661102295,0.9293281435966492,0.0034077437594532967,-0.00327532971277833,0.06276033818721771,-0.998017430305481
9.29804530000547,0.004722071811556816,2.515936851501465,0.9294952750205994,0.0037388678174465895,-0.0019359292928129435,0.06102657690644264,-0.998127281665802
9.302007800026331,0.004950457252562046,2.5158638954162598,0.9294666647911072,0.004235043190419674,-0.001779611106030643,0.060412999242544174,-0.9981629252433777
9.306348200014327,0.005162954330444336,2.515845775604248,0.929474949836731,0.004478514660149813,-0.0014130228664726019,0.059170275926589966,-0.998236894607544
9.310011200024746,0.00540876854211092,2.5157220363616943,0.9295039772987366,0.005200115032494068,-0.0010655128862708807,0.05814437195658684,-0.9982940554618835
9.314569500042126,0.005751114338636398,2.5156681537628174,0.9295628070831299,0.005362643860280514,-0.00017143764125648886,0.05770717188715935,-0.9983192086219788
9.319267500017304,0.005946424789726734,2.515603542327881,0.9295983910560608,0.005670260172337294,0.00010716901306295767,0.057211410254240036,-0.9983459711074829
9.322953100025188,0.006160876713693142,2.5155162811279297,0.9296303391456604,0.0058958567678928375,0.0006036419072188437,0.05692649260163307,-0.998360812664032
9.327616500027943,0.006396625656634569,2.515497922897339,0.9295573234558105,0.005052143707871437,0.00037068090750835836,0.05757918581366539,-0.9983281493186951
9.331411799998023,0.006680295802652836,2.5154740810394287,0.9295834898948669,0.005336207337677479,-0.0003474143741186708,0.05741565674543381,-0.998336136341095
9.336339300032705,0.006849823985248804,2.515414237976074,0.9295708537101746,0.005274306517094374,-0.0004289178759790957,0.057307131588459015,-0.9983426332473755
9.341396300005727,0.007234104443341494,2.5152764320373535,0.9295040369033813,0.004515230655670166,-0.0006511458777822554,0.05730244889855385,-0.9983464479446411
9.345609200012404,0.007507499307394028,2.515209197998047,0.9294223189353943,0.004701688885688782,-0.0010860463371500373,0.05699443444609642,-0.9983628392219543
9.350257900019642,0.007704784162342548,2.5151078701019287,0.929355800151825,0.003957030363380909,-0.0013803443871438503,0.056974660605192184,-0.9983668923377991
9.354816900042351,0.007898489013314247,2.515056610107422,0.9292662143707275,0.0035637228284031153,-0.0013225078582763672,0.057262830436229706,-0.9983519315719604
9.358711100008804,0.008015724830329418,2.514986276626587,0.9291837811470032,0.004183867014944553,-0.0012226293329149485,0.05698733031749725,-0.9983654618263245
9.362870900018606,0.00815513264387846,2.514899730682373,0.9290660619735718,0.004283190239220858,-0.0011717670131474733,0.05683145299553871,-0.9983739852905273
9.367541800020263,0.008357918821275234,2.514799118041992,0.9289187788963318,0.004173786845058203,-0.0015468685887753963,0.05702412873506546,-0.9983629584312439
9.371627799991984,0.008477500639855862,2.5147058963775635,0.9287848472595215,0.003990979865193367,-0.001463308115489781,0.05688108876347542,-0.9983718991279602
9.375576200021897,0.00856841541826725,2.514629364013672,0.9286535382270813,0.003909317310899496,-0.001329053775407374,0.05673776939511299,-0.9983806610107422
9.38471060001757,0.008743351325392723,2.5144529342651367,0.9282569885253906,0.0020758630707859993,-0.0009831353090703487,0.0570906326174736,-0.9983664155006409
9.38838920003036,0.008782071061432362,2.5144176483154297,0.9281033873558044,0.0019725023303180933,-0.0011011268943548203,0.057173747569322586,-0.9983617663383484
9.392022699990775,0.008805359713733196,2.5143871307373047,0.9279512763023376,0.0018133788835257292,-0.0010738639393821359,0.057218048721551895,-0.9983595013618469
9.398465600039344,0.00882825255393982,2.5143871307373047,0.9276625514030457,0.0016675172373652458,-0.001943362643942237,0.05722188204526901,-0.9983581900596619
9.40234120003879,0.008842931129038334,2.5144290924072266,0.9274417757987976,0.002119520679116249,-0.001967743504792452,0.05715084820985794,-0.9983614087104797
9.406494299997576,0.00882626511156559,2.5144238471984863,0.9272434711456299,0.0020896829664707184,-0.0019435801077634096,0.05719129368662834,-0.9983591437339783
9.411631599999964,0.008827917277812958,2.5143167972564697,0.9269108176231384,0.0017087273299694061,-0.003278228687122464,0.05885680764913559,-0.9982596635818481
9.416964200034272,0.008754000999033451,2.514261484146118,0.9264504909515381,0.001520822523161769,-0.00326563511043787,0.05905931442975998,-0.9982479810714722
9.42102030001115,0.008715687319636345,2.5142476558685303,0.9262215495109558,0.0017167255282402039,-0.0032930048182606697,0.058880794793367386,-0.9982581734657288
9.42550549999578,0.008662310428917408,2.514225959777832,0.9260275959968567,0.0016727650072425604,-0.0031220433302223682,0.058670688420534134,-0.998271107673645
9.429533299989998,0.008520317263901234,2.514183759689331,0.9257876873016357,0.001727868104353547,-0.0024754584301263094,0.05833279713988304,-0.9982926249504089
9.433630799991079,0.008440935984253883,2.514145612716675,0.9255720376968384,0.0019477977184578776,-0.0021914117969572544,0.058010078966617584,-0.9983117580413818
9.437701200018637,0.008158047683537006,2.5140013694763184,0.9252650141716003,0.004214008338749409,-0.00030594892450608313,0.0558217391371727,-0.9984318017959595
9.441812200006098,0.008027412928640842,2.514010190963745,0.92498779296875,0.004130990244448185,-0.00025285722222179174,0.055461641401052475,-0.9984523057937622
9.446190599992406,0.007859882898628712,2.5139827728271484,0.9246397018432617,0.003561208723112941,0.0007491791038773954,0.05592607334256172,-0.9984283447265625
9.450130100012757,0.007701754570007324,2.5140137672424316,0.9243655204772949,0.003193238051608205,0.0008131871582008898,0.05609997734427452,-0.9984197616577148
9.454306500032544,0.007519884034991264,2.514045238494873,0.9241752624511719,0.003365230979397893,0.0010072713484987617,0.05612187460064888,-0.9984177350997925
9.458667300001252,0.0073621636256575584,2.514045238494873,0.9239489436149597,0.0037349758204072714,0.0011643031612038612,0.05615891516208649,-0.998414158821106
9.462674700014759,0.007201069034636021,2.5141046047210693,0.923736035823822,0.0027728795539587736,0.0012036821572110057,0.05745916813611984,-0.998343288898468
9.466948200017214,0.0069309719838202,2.514030933380127,0.9234074950218201,0.0029014411848038435,0.00021152800763957202,0.058968450874090195,-0.9982556104660034
9.470988099987153,0.006953699514269829,2.513979434967041,0.9229606986045837,0.0037123081274330616,-0.0009147542878054082,0.05802985280752182,-0.9983075857162476
9.475455600011628,0.006787002086639404,2.513896942138672,0.922730028629303,0.004367198329418898,-0.0006476529524661601,0.057424433529376984,-0.9983401298522949
9.4789552000002,0.006787002086639404,2.513896942138672,0.922730028629303,0.004367198329418898,-0.0006476529524661601,0.057424433529376984,-0.9983401298522949
9.48348310001893,0.006380332633852959,2.513732671737671,0.9221039414405823,0.005263038445264101,0.0008454413036815822,0.05637326464056969,-0.9983956217765808
9.487863100017421,0.006136402487754822,2.5135250091552734,0.9217519760131836,0.005346855614334345,0.0020905453711748123,0.055258817970752716,-0.9984556436538696
9.49208009999711,0.005963515490293503,2.51349139213562,0.9215210676193237,0.005346857942640781,0.0025185993872582912,0.05529054254293442,-0.99845290184021
9.495607800025027,0.005963515490293503,2.51349139213562,0.9215210676193237,0.005346857942640781,0.0025185993872582912,0.05529054254293442,-0.99845290184021
9.50013390003005,0.005646159872412682,2.51349139213562,0.9211453795433044,0.003714879509061575,0.0026460096705704927,0.056763652712106705,-0.9983772039413452
9.504242299997713,0.00545223243534565,2.5135610103607178,0.9210507869720459,0.001928287441842258,0.002829412929713726,0.058499064296483994,-0.9982815980911255
9.508904599992093,0.0052324943244457245,2.51348876953125,0.920853853225708,0.0025354288518428802,0.003258951473981142,0.05776694789528847,-0.9983215928077698
9.512740100035444,0.0050415163859725,2.5135786533355713,0.92057204246521,0.0020543839782476425,0.002860106062144041,0.05845458433032036,-0.9982839226722717
9.517032800009474,0.0048209247179329395,2.513556957244873,0.9204157590866089,0.0018485842738300562,0.0030083227902650833,0.05881410837173462,-0.9982627034187317
9.521935000026133,0.004620671737939119,2.513455629348755,0.9202666282653809,0.002545168623328209,0.003321069525554776,0.058267928659915924,-0.9982922673225403
9.525315900042187,0.004423380363732576,2.513336420059204,0.9199391603469849,0.0020426488481462,0.002086877590045333,0.059691183269023895,-0.9982126355171204
9.529475099989213,0.004224512726068497,2.5132896900177,0.9197651147842407,0.0018708055140450597,0.002136561321094632,0.05981404334306717,-0.9982055425643921
9.533978199993726,0.0040311492048203945,2.513223886489868,0.9195929169654846,0.0019277980318292975,0.0022563920356333256,0.05951569601893425,-0.9982230067253113
9.538011800032109,0.0038201543502509594,2.5129928588867188,0.9191862344741821,0.003031214000657201,0.0033559156581759453,0.05746788531541824,-0.9983372092247009
9.54199100000551,0.003631290979683399,2.512976884841919,0.9189944267272949,0.0032745208591222763,0.004030972719192505,0.05734355002641678,-0.9983410835266113
9.546158900018781,0.00348189240321517,2.5130112171173096,0.9187895059585571,0.003993299789726734,0.004284404218196869,0.05703439936041832,-0.9983550906181335
9.550602100032847,0.0033816806972026825,2.5130162239074707,0.9186192750930786,0.003949018660932779,0.004317803308367729,0.057059839367866516,-0.9983536005020142
9.554266799998004,0.0033816806972026825,2.5130162239074707,0.9186192750930786,0.003949018660932779,0.004317803308367729,0.057059839367866516,-0.9983536005020142
9.557915300014429,0.0033816806972026825,2.5130162239074707,0.9186192750930786,0.003949018660932779,0.004317803308367729,0.057059839367866516,-0.9983536005020142
9.561332800018135,0.0033816806972026825,2.5130162239074707,0.9186192750930786,0.003949018660932779,0.004317803308367729,0.057059839367866516,-0.9983536005020142
9.56491300003836,0.0033816806972026825,2.5130162239074707,0.9186192750930786,0.003949018660932779,0.004317803308367729,0.057059839367866516,-0.9983536005020142
9.569274100009352,0.0032483264803886414,2.5130176544189453,0.9184746146202087,0.003907459322363138,0.004383670166134834,0.05716099590063095,-0.9983477592468262
9.574917000019923,0.0024851039052009583,2.5132534503936768,0.9177809357643127,0.00359354424290359,0.004666410386562347,0.05797566473484039,-0.9983006119728088
9.579347699997015,0.002343185245990753,2.5133092403411865,0.917582094669342,0.003120312700048089,0.004501302260905504,0.05837162211537361,-0.9982799291610718
9.58391919999849,0.0022204406559467316,2.51328444480896,0.9173485040664673,0.003994764294475317,0.003986201714724302,0.0576489120721817,-0.998320996761322
9.590844099991955,0.0020526377484202385,2.513341188430786,0.9171575307846069,0.003176231635734439,0.004001501481980085,0.05847784876823425,-0.998275637626648
9.596037000010256,0.0017185984179377556,2.513289213180542,0.9167110323905945,0.0025682924315333366,0.0032097569201141596,0.06036396697163582,-0.9981679916381836
9.599934900004882,0.0017185984179377556,2.513289213180542,0.9167110323905945,0.0025682924315333366,0.0032097569201141596,0.06036396697163582,-0.9981679916381836
9.605188000015914,0.0012796781957149506,2.513230085372925,0.9162381887435913,0.003339202841743827,0.004647406749427319,0.058650754392147064,-0.9982622265815735
9.60881430003792,0.0010647214949131012,2.5132663249969482,0.9161248207092285,0.0035294825211167336,0.004703999496996403,0.05853772535920143,-0.9982678890228271
9.613113500003237,0.000890703871846199,2.513385057449341,0.9160299301147461,0.002438286552205682,0.00456308014690876,0.05956493318080902,-0.9982110857963562
9.617519000021275,0.0006685173138976097,2.513507604598999,0.915971577167511,0.0026266672648489475,0.004990258254110813,0.05838523432612419,-0.9982782602310181
9.62119720003102,0.0006685173138976097,2.513507604598999,0.915971577167511,0.0026266672648489475,0.004990258254110813,0.05838523432612419,-0.9982782602310181
9.626065300020855,0.0003228699788451195,2.5137205123901367,0.9157993197441101,0.003040078328922391,0.00464601581916213,0.057333193719387054,-0.9983396530151367
9.629652200033888,0.00014705676585435867,2.5138542652130127,0.9157211780548096,0.003696584375575185,0.004831024445593357,0.057512350380420685,-0.9983262419700623
9.633737099997234,-5.752593278884888e-05,2.513948917388916,0.9156695604324341,0.0038136502262204885,0.005053692497313023,0.05764084309339523,-0.9983173608779907
9.637812900007702,-0.00022578798234462738,2.514119863510132,0.9156578779220581,0.005400836002081633,0.005086207762360573,0.0575934499502182,-0.9983125329017639
9.642210800026078,-0.0004140026867389679,2.514193058013916,0.9155964255332947,0.005335058551281691,0.005204836372286081,0.05770500376820564,-0.9983059167861938
9.646496600005776,-0.0005889870226383209,2.514241933822632,0.9155291318893433,0.00552824093028903,0.005306527018547058,0.05775174871087074,-0.99830162525177
9.650141999998596,-0.0007744608446955681,2.5143072605133057,0.9154607653617859,0.005081997253000736,0.005558173172175884,0.05791632458567619,-0.9982931017875671
9.65443650004454,-0.0009698504582047462,2.514353036880493,0.9153764247894287,0.004915341734886169,0.005654634442180395,0.05802364647388458,-0.9982871413230896
9.658537200011779,-0.001156785525381565,2.5143980979919434,0.9152927994728088,0.004648697562515736,0.005814332980662584,0.05828842520713806,-0.9982720613479614
9.662755800003652,-0.0013405317440629005,2.5144405364990234,0.9152243733406067,0.004390636924654245,0.005953216925263405,0.05841808766126633,-0.9982648491859436
9.666913599998225,-0.001510721631348133,2.5145206451416016,0.915168046951294,0.004937051795423031,0.006758691743016243,0.0585588663816452,-0.9982489347457886
9.671056599996518,-0.001685834489762783,2.5145390033721924,0.9150236248970032,0.004812629893422127,0.006516364403069019,0.05836589261889458,-0.9982624650001526
9.674489800003357,-0.001685834489762783,2.5145390033721924,0.9150236248970032,0.004812629893422127,0.006516364403069019,0.05836589261889458,-0.9982624650001526
9.67904230003478,-0.002256742212921381,2.5146772861480713,0.9149799346923828,0.0052458844147622585,0.007194066420197487,0.05819573625922203,-0.9982655644416809
9.6835891000228,-0.0024626348167657852,2.514714241027832,0.9150349497795105,0.005006719846278429,0.006211161147803068,0.058567311614751816,-0.9982516169548035
9.687906300008763,-0.002634957432746887,2.5146117210388184,0.9149810671806335,0.0027535913977771997,0.006272121798247099,0.05872556194663048,-0.9982507228851318
9.692119700019248,-0.0028314292430877686,2.514648914337158,0.9150136709213257,0.002318978775292635,0.0063111563213169575,0.05911610275506973,-0.9982284903526306
9.696793400042225,-0.0030620722100138664,2.5145750045776367,0.9149177670478821,0.0017765337834134698,0.005594200454652309,0.06119772791862488,-0.998108446598053
9.701499100017827,-0.003212510608136654,2.5146384239196777,0.9150711297988892,0.0005416791536845267,0.0048513757064938545,0.06205089017748833,-0.9980611205101013
9.705408700043336,-0.0033917417749762535,2.5147039890289307,0.9151168465614319,0.0009587439126335084,0.005118743982166052,0.06219284236431122,-0.9980505704879761
9.709800700016785,-0.0036610476672649384,2.5146491527557373,0.9150445461273193,0.002954766619950533,0.006814767140895128,0.06090054661035538,-0.9981162548065186
9.71337210002821,-0.0038138097152113914,2.5146405696868896,0.915062665939331,0.0031280615366995335,0.006981227546930313,0.06081297621130943,-0.9981198906898499
9.717176100006327,-0.003952581435441971,2.514662027359009,0.9150868058204651,0.0031203029211610556,0.007094402331858873,0.06079999729990959,-0.9981198906898499
9.721782500040717,-0.004082741215825081,2.514657497406006,0.9151105284690857,0.003249347908422351,0.007195647340267897,0.06086615473031998,-0.9981147050857544
9.725832000025548,-0.0042337942868471146,2.514676332473755,0.9151350259780884,0.0034913411363959312,0.0075986930169165134,0.06060954928398132,-0.9981265664100647
9.729536900005769,-0.004359835293143988,2.514629602432251,0.9151859879493713,0.0030996676068753004,0.0075723580084741116,0.060688503086566925,-0.9981232285499573
9.733707100036554,-0.0044774822890758514,2.514651298522949,0.9152075052261353,0.003914044704288244,0.007798340637236834,0.060423895716667175,-0.9981347322463989
9.738220900006127,-0.004622973967343569,2.5147018432617188,0.9152056574821472,0.0042503527365624905,0.008015573024749756,0.06054661050438881,-0.9981241822242737
9.742259600025136,-0.0047149574384093285,2.5145957469940186,0.9152668714523315,0.00502843176946044,0.00797455757856369,0.05937935411930084,-0.9981909394264221
9.746192099992186,-0.004833781160414219,2.514594078063965,0.9153310656547546,0.005418834742158651,0.008134044706821442,0.05924937501549721,-0.9981953501701355
9.75039400003152,-0.004958084784448147,2.51460599899292,0.9153925776481628,0.00537396315485239,0.007994296960532665,0.05900322273373604,-0.9982113838195801
9.754412200010847,-0.005054027773439884,2.5145010948181152,0.915474534034729,0.005529232323169708,0.007355824112892151,0.05948841571807861,-0.9981866478919983
9.760393700038549,-0.005192267708480358,2.5144829750061035,0.9155891537666321,0.00548639427870512,0.0074629876762628555,0.05914212390780449,-0.998206615447998
9.764440900005866,-0.0053147245198488235,2.5144453048706055,0.9156589508056641,0.005452122539281845,0.007921663112938404,0.0590255968272686,-0.9982101917266846
9.768612799991388,-0.005420382134616375,2.514406681060791,0.9157653450965881,0.0055361343547701836,0.008004440926015377,0.05894075706601143,-0.9982140064239502
9.772983300033957,-0.005546350032091141,2.5143609046936035,0.9158549308776855,0.005250734277069569,0.008085589855909348,0.059198882430791855,-0.9981997013092041
9.776994100015145,-0.005613585002720356,2.514320135116577,0.9159159064292908,0.00512670399621129,0.008112289011478424,0.059051528573036194,-0.9982088804244995
9.781182200007606,-0.005688078701496124,2.514308214187622,0.9159733653068542,0.0051225414499640465,0.008229740895330906,0.05900217592716217,-0.9982107877731323
9.78645489999326,-0.005787902977317572,2.514300584793091,0.9160265922546387,0.004972792696207762,0.008374960161745548,0.059048641473054886,-0.9982075691223145
9.790018100000452,-0.005879820790141821,2.5143065452575684,0.9160557389259338,0.004916254431009293,0.0084765600040555,0.05893440917134285,-0.9982137680053711
9.793837500037625,-0.005944354925304651,2.514336109161377,0.9160758256912231,0.004861165303736925,0.008480282500386238,0.05889761075377464,-0.9982162117958069
9.797747600008734,-0.006113658659160137,2.51438045501709,0.9160926938056946,0.004896754864603281,0.008842439390718937,0.05862110108137131,-0.9982292056083679
9.802065399999265,-0.00621806550770998,2.5144405364990234,0.9160876274108887,0.0048963045701384544,0.008902535773813725,0.058610595762729645,-0.9982292056083679
9.80624380003428,-0.006282869726419449,2.5145325660705566,0.9160706996917725,0.004860010929405689,0.008852923288941383,0.058573029935359955,-0.9982320666313171
9.810394000029191,-0.006411460228264332,2.5146219730377197,0.9160725474357605,0.004928492940962315,0.00893248151987791,0.05841393768787384,-0.9982403516769409
9.814623400045093,-0.006532969418913126,2.5147345066070557,0.9160708785057068,0.005222842562943697,0.008952402509748936,0.05814268812537193,-0.9982544779777527
9.818570100003853,-0.006698543205857277,2.514836549758911,0.9160621166229248,0.005486741196364164,0.00891454704105854,0.057955220341682434,-0.9982643723487854
9.822200800001156,-0.006867349147796631,2.5149576663970947,0.9160988330841064,0.005320717580616474,0.008851789869368076,0.05825986713171005,-0.9982481002807617
9.826074100041296,-0.007036067545413971,2.5150692462921143,0.9160934090614319,0.005555200856178999,0.008929101750254631,0.05781162157654762,-0.998272180557251
9.829797599988524,-0.0071503277868032455,2.5151469707489014,0.9159968495368958,0.006151929963380098,0.009359290823340416,0.057285260409116745,-0.9982950091362
9.833668700011913,-0.007276112679392099,2.515321969985962,0.9160071611404419,0.006505134049803019,0.010079273954033852,0.05629565194249153,-0.9983421564102173
9.837659000011627,-0.007449165917932987,2.515444755554199,0.9159379005432129,0.006763236131519079,0.010225089266896248,0.0562298558652401,-0.9983426332473755
9.841950300033204,-0.007592419162392616,2.515580415725708,0.91584712266922,0.007187704090029001,0.01042415201663971,0.05592290312051773,-0.9983548521995544
9.845985200023279,-0.007764789275825024,2.515805959701538,0.9157086610794067,0.008482730016112328,0.010993177071213722,0.05594603717327118,-0.9983372688293457
9.85026590002235,-0.007931317202746868,2.5160224437713623,0.9155811667442322,0.0075437091290950775,0.01122376974672079,0.056913167238235474,-0.9982876181602478
9.854692200024147,-0.008156153373420238,2.5162594318389893,0.9154885411262512,0.007082065101712942,0.011069230735301971,0.058040961623191833,-0.9982277750968933
9.858676900039427,-0.008403148502111435,2.5164170265197754,0.9153311252593994,0.0071116560138762,0.01148021686822176,0.05816318467259407,-0.9982157945632935
9.863362000032794,-0.008677888661623001,2.5165340900421143,0.9152486324310303,0.00704643689095974,0.011911185458302498,0.057999227195978165,-0.9982207417488098
9.867179900000338,-0.008918024599552155,2.516754388809204,0.9151538610458374,0.008153666742146015,0.01169480662792921,0.057126518338918686,-0.9982652068138123
9.871309800015297,-0.009131836704909801,2.5167672634124756,0.9150255918502808,0.006965980399399996,0.012441067956387997,0.05696273595094681,-0.998274564743042
9.875694499991369,-0.009458521381020546,2.516845464706421,0.9149428009986877,0.00767855066806078,0.012276666238904,0.05616579204797745,-0.9983165264129639
9.879300100030378,-0.009727695025503635,2.5169126987457275,0.9148730635643005,0.008076842874288559,0.012073220685124397,0.05558053031563759,-0.998348593711853
9.883869100012816,-0.010033803060650826,2.516864538192749,0.9147450923919678,0.009951801970601082,0.012862962670624256,0.053913235664367676,-0.9984132051467896
9.887681799998973,-0.010299969464540482,2.516864061355591,0.9147595763206482,0.010149623267352581,0.013507158495485783,0.05383298918604851,-0.9984070658683777
9.892584500019439,-0.010550100356340408,2.5168752670288086,0.9146737456321716,0.010499319061636925,0.01322738453745842,0.053568076342344284,-0.9984214305877686
9.896188899991103,-0.010781196877360344,2.516805410385132,0.9146150350570679,0.011903409846127033,0.013684473931789398,0.05232308804988861,-0.9984655380249023
9.900124000036158,-0.010989376343786716,2.516706705093384,0.9145307540893555,0.011160739697515965,0.014170319773256779,0.05234768986701965,-0.9984660148620605
9.904419800033793,-0.01126707810908556,2.516669750213623,0.914486289024353,0.011551343835890293,0.014937595464289188,0.05253827944397926,-0.9984404444694519
9.908868900034577,-0.011460199020802975,2.5164859294891357,0.9143261909484863,0.011065198108553886,0.013966471888124943,0.05442063882946968,-0.9983590841293335
9.912965500028804,-0.011708468198776245,2.5163862705230713,0.9143608212471008,0.010813923552632332,0.014244922436773777,0.05465563014149666,-0.998345136642456
9.91718230000697,-0.01183003094047308,2.516307830810547,0.9142832159996033,0.010594994761049747,0.01360118668526411,0.0545928031206131,-0.9983598589897156
9.921079299994744,-0.01204188633710146,2.5161848068237305,0.914311408996582,0.010229774750769138,0.013849294744431973,0.05464440956711769,-0.9983574748039246
9.9258894000086,-0.012275631539523602,2.5160086154937744,0.9143184423446655,0.009835872799158096,0.013651512563228607,0.05556945875287056,-0.9983130693435669
9.929621600022074,-0.012528385035693645,2.5158493518829346,0.9144034385681152,0.01000891625881195,0.014062469825148582,0.0552036352455616,-0.9983258843421936
9.93364450003719,-0.01273379847407341,2.5156798362731934,0.9145116209983826,0.009461271576583385,0.014033133164048195,0.05536630377173424,-0.9983226656913757
9.93790210003499,-0.012841936200857162,2.5154290199279785,0.9144859910011292,0.00997323077172041,0.013637842610478401,0.054612379521131516,-0.9983647465705872
9.941890300018713,-0.013172105886042118,2.515252113342285,0.9145601391792297,0.01003984734416008,0.014302602969110012,0.05412028729915619,-0.998381495475769
9.945786600001156,-0.013172105886042118,2.515252113342285,0.9145601391792297,0.01003984734416008,0.014302602969110012,0.05412028729915619,-0.998381495475769
9.949944199994206,-0.013579567894339561,2.514747142791748,0.9146424531936646,0.007852616719901562,0.015012719668447971,0.05405944585800171,-0.9983940720558167
9.954138900036924,-0.013715151697397232,2.5145344734191895,0.9146978259086609,0.00784633494913578,0.014807137660682201,0.054064977914094925,-0.9983968138694763
9.958945300022606,-0.013882692903280258,2.5142815113067627,0.9148337244987488,0.007264248561114073,0.014417397789657116,0.05414053425192833,-0.9984028935432434
9.962728600017726,-0.014021209441125393,2.514010190963745,0.9149296879768372,0.006186477839946747,0.014578631147742271,0.05450950562953949,-0.9983876943588257
9.966950500034727,-0.014150585979223251,2.513765335083008,0.9150188565254211,0.0059907091781497,0.01505917590111494,0.054770685732364655,-0.9983674883842468
9.971105800010264,-0.014239585027098656,2.5135250091552734,0.9150583148002625,0.005585633218288422,0.01516273245215416,0.054932452738285065,-0.9983593821525574
9.974766300001647,-0.014239585027098656,2.5135250091552734,0.9150583148002625,0.005585633218288422,0.01516273245215416,0.054932452738285065,-0.9983593821525574
9.979455100023188,-0.014450355432927608,2.512976884841919,0.915127158164978,0.005735912825912237,0.014766616746783257,0.05567189306020737,-0.9983235001564026
9.983593500044663,-0.014415496028959751,2.512683153152466,0.9151645302772522,0.0053815399296581745,0.014259937219321728,0.056911639869213104,-0.9982629418373108
9.987852599995676,-0.014514408074319363,2.512472629547119,0.9152049422264099,0.005102191120386124,0.014648385345935822,0.05696296691894531,-0.9982557892799377
9.991817600035574,-0.014625711366534233,2.5122289657592773,0.915284276008606,0.00467296689748764,0.014620589092373848,0.05695226043462753,-0.9982588887214661
9.996162499999627,-0.014884497970342636,2.5119400024414062,0.9153710603713989,0.005191501695662737,0.01608135923743248,0.05611913651227951,-0.9982811212539673
10.000607100024354,-0.014934736303985119,2.5117311477661133,0.9154496192932129,0.004492404870688915,0.016090353950858116,0.05627274513244629,-0.998275637626648
10.00473129999591,-0.014984766021370888,2.5115437507629395,0.9155077934265137,0.004386243876069784,0.015894761309027672,0.05635093152523041,-0.9982749223709106
10.00872540002456,-0.014999916777014732,2.511349678039551,0.9155853986740112,0.004607364069670439,0.016075778752565384,0.05635678023099899,-0.9982706308364868
10.0126243000268,-0.014958109706640244,2.5111443996429443,0.9156032800674438,0.0046690464951097965,0.015895063057541847,0.05655321851372719,-0.9982621073722839
10.017567800008692,-0.014933300204575062,2.510917901992798,0.9155571460723877,0.003918391652405262,0.015842551365494728,0.05652371421456337,-0.9982678890228271
10.022769800038077,-0.014883318915963173,2.510683536529541,0.9155752658843994,0.005116557236760855,0.016230208799242973,0.055286869406700134,-0.998325526714325
10.027117000019643,-0.014638487249612808,2.5104591846466064,0.9154319763183594,0.004936023149639368,0.014792888425290585,0.05467673018574715,-0.9983823299407959
10.031667100032791,-0.014598404057323933,2.5102643966674805,0.915404736995697,0.004789108410477638,0.014643583446741104,0.05442697927355766,-0.9983989596366882
10.035610500024632,-0.014523782767355442,2.5100936889648438,0.9153822660446167,0.004405887797474861,0.014265790581703186,0.054273687303066254,-0.9984145164489746
10.03947600000538,-0.014466413296759129,2.5099105834960938,0.9153631925582886,0.003986733499914408,0.013962805271148682,0.0538700670003891,-0.9984423518180847
10.045833000040147,-0.01442989893257618,2.5096077919006348,0.9153847098350525,0.003709322540089488,0.013808336108922958,0.05373239144682884,-0.9984530210494995
10.050684200017713,-0.014448249712586403,2.509439706802368,0.9154244065284729,0.004213464912027121,0.013973376713693142,0.053255993872880936,-0.9984742999076843
10.054775800032075,-0.014453236013650894,2.509337902069092,0.915438711643219,0.004152501001954079,0.013767203316092491,0.053252868354320526,-0.9984775185585022
10.058251100010239,-0.014453236013650894,2.509337902069092,0.915438711643219,0.004152501001954079,0.013767203316092491,0.053252868354320526,-0.9984775185585022
10.063088599999901,-0.01454432774335146,2.5091543197631836,0.9154657125473022,0.003959300462156534,0.013592183589935303,0.053042393177747726,-0.9984918832778931
10.067081000015605,-0.014577974565327168,2.5090696811676025,0.9155079126358032,0.003920854534953833,0.0135224349796772,0.05285467207431793,-0.9985029697418213
10.07114030001685,-0.014684376306831837,2.5090126991271973,0.9155401587486267,0.0038406592793762684,0.013989012688398361,0.05244883894920349,-0.9985182881355286
10.075229500012938,-0.014713043347001076,2.508932113647461,0.9155510067939758,0.0038966790307313204,0.014023439027369022,0.052238672971725464,-0.9985285997390747
10.079376100038644,-0.014709683135151863,2.5088388919830322,0.9155542850494385,0.0037314370274543762,0.013864013366401196,0.052037522196769714,-0.9985419511795044
10.083907300024293,-0.014710625633597374,2.508763074874878,0.9155339598655701,0.003572011599317193,0.013808752410113811,0.05210352689027786,-0.9985398054122925
10.087669200031087,-0.014723822474479675,2.5086781978607178,0.9155236482620239,0.00331776961684227,0.013839216902852058,0.05204564705491066,-0.998543381690979
10.092022099997848,-0.014731460250914097,2.5085878372192383,0.9154905080795288,0.003260902361944318,0.013953696005046368,0.05216166749596596,-0.9985358715057373
10.095961300015915,-0.014741355553269386,2.508519172668457,0.9154787063598633,0.003250368172302842,0.01410319097340107,0.051955319941043854,-0.9985445737838745
10.100262799998745,-0.0147445909678936,2.5084478855133057,0.9154755473136902,0.003063164185732603,0.013894574716687202,0.05212867632508278,-0.9985390901565552
10.104587600042578,-0.014801988378167152,2.5083463191986084,0.915479302406311,0.0023938503582030535,0.013981093652546406,0.05216047167778015,-0.9985380172729492
10.108081999991555,-0.014801988378167152,2.5083463191986084,0.915479302406311,0.0023938503582030535,0.013981093652546406,0.05216047167778015,-0.9985380172729492
10.111662600014824,-0.014801988378167152,2.5083463191986084,0.915479302406311,0.0023938503582030535,0.013981093652546406,0.05216047167778015,-0.9985380172729492
10.115728800010402,-0.014934277161955833,2.5081822872161865,0.9155622124671936,0.001565992133691907,0.013859798200428486,0.0534718781709671,-0.9984719157218933
10.119448899989948,-0.015151667408645153,2.5080037117004395,0.9155664443969727,0.0030427989549934864,0.01446601003408432,0.052144601941108704,-0.9985301494598389
10.123111900000367,-0.015290766954421997,2.507964849472046,0.9157060384750366,0.002893157536163926,0.014409473165869713,0.05252235755324364,-0.9985116124153137
10.12704340001801,-0.015273051336407661,2.5079071521759033,0.9157899618148804,0.003077402478083968,0.013299014419317245,0.05250951647758484,-0.9985271692276001
10.131004200025927,-0.015424996614456177,2.5077390670776367,0.9159039258956909,0.0031592929735779762,0.013567330315709114,0.05324743315577507,-0.998484194278717
10.13525930000469,-0.015524937771260738,2.507659673690796,0.9160133004188538,0.003254834096878767,0.013579093851149082,0.05312728509306908,-0.9984900951385498
10.139462299994193,-0.0156584270298481,2.507525682449341,0.9161336421966553,0.002716674469411373,0.01381722092628479,0.05320252850651741,-0.9984844326972961
10.143606600002386,-0.015732791274785995,2.5074007511138916,0.9162417054176331,0.0028984304517507553,0.013900309801101685,0.05278237164020538,-0.9985051155090332
10.147583800018765,-0.01578264683485031,2.507283926010132,0.9163670539855957,0.002971563022583723,0.013752538710832596,0.05257898196578026,-0.9985176920890808
10.152373399992939,-0.015751168131828308,2.5071330070495605,0.9165170192718506,0.00294916657730937,0.0125325508415699,0.05247605964541435,-0.9985392093658447
10.156983699998818,-0.01576894521713257,2.507002115249634,0.9166409969329834,0.002869310090318322,0.012446205131709576,0.052465394139289856,-0.9985411167144775
10.162239400029648,-0.015947358682751656,2.506730079650879,0.9168745279312134,0.0018744871485978365,0.013110862113535404,0.05308588966727257,-0.9985021352767944
10.166801000013947,-0.01602817513048649,2.5065841674804688,0.9170451164245605,0.0018166910158470273,0.0135734174400568,0.05312322452664375,-0.9984941482543945
10.173384400026407,-0.0159805528819561,2.506404399871826,0.9172687530517578,0.0021369142923504114,0.013568771071732044,0.052732184529304504,-0.9985142350196838
10.179447900038213,-0.016059286892414093,2.5060627460479736,0.9177612662315369,-0.00024652411229908466,0.013844587840139866,0.05367962643504143,-0.9984622597694397
10.185239700018428,-0.016036102548241615,2.5058865547180176,0.9179908037185669,-0.001656361622735858,0.013692905195057392,0.05415279045701027,-0.9984374046325684
10.18898730003275,-0.016036102548241615,2.5058865547180176,0.9179908037185669,-0.001656361622735858,0.013692905195057392,0.05415279045701027,-0.9984374046325684
10.194194400042761,-0.015995962545275688,2.5057356357574463,0.918545663356781,-0.00099751737434417,0.012976361438632011,0.05497095733880997,-0.9984031319618225
10.200388800003566,-0.015746325254440308,2.5054304599761963,0.9189690351486206,0.0008816182962618768,0.011996936053037643,0.05477510020136833,-0.9984263181686401
10.204868400003761,-0.01573474332690239,2.5053348541259766,0.9192774295806885,0.000744532560929656,0.011461356654763222,0.055173903703689575,-0.998410701751709
10.208878800040111,-0.015645911917090416,2.5052623748779297,0.9195917844772339,0.0020431119482964277,0.012641903012990952,0.05309843644499779,-0.9985072016716003
10.21265920001315,-0.015554515644907951,2.505164623260498,0.9198151230812073,0.0025369664654135704,0.012763237580657005,0.052837565541267395,-0.9985184073448181
10.216929599992,-0.01545502245426178,2.505073070526123,0.9200125932693481,0.002950732596218586,0.0126793896779418,0.05252637341618538,-0.9985346794128418
10.220964000036474,-0.015364729799330235,2.5050179958343506,0.9201907515525818,0.0026163689326494932,0.012545270845293999,0.05279390141367912,-0.9985231757164001
10.225088700011838,-0.015254507772624493,2.5049469470977783,0.9203396439552307,0.0019269903423264623,0.012660006061196327,0.05251548811793327,-0.9985380172729492
10.229471900034696,-0.015052828937768936,2.5050430297851562,0.9206557869911194,-2.555001810833346e-05,0.01166753564029932,0.05425693094730377,-0.9984588623046875
10.23598050000146,-0.01499218586832285,2.50506854057312,0.9208995699882507,-0.0005887546576559544,0.011669909581542015,0.05469643697142601,-0.9984347224235535
10.239780200005043,-0.014908906072378159,2.505120277404785,0.9210860729217529,-0.0007944211247377098,0.01155787892639637,0.054726891219615936,-0.9984341263771057
10.24422069999855,-0.014838889241218567,2.5052008628845215,0.9212736487388611,-0.0010180689860135317,0.011462491936981678,0.054819561541080475,-0.9984299540519714
10.250114700000267,-0.014661166816949844,2.5055630207061768,0.9217089414596558,0.0006762355333194137,0.011052124202251434,0.0555136501789093,-0.9983965754508972
10.255158200045116,-0.014568489044904709,2.505688190460205,0.9218524098396301,0.0006949743838049471,0.010897195897996426,0.055658504366874695,-0.9983901977539062
10.25994429999264,-0.014466381631791592,2.5058765411376953,0.922033429145813,-0.00015060993609949946,0.010465554893016815,0.056528106331825256,-0.998346209526062
10.263506099989172,-0.014398177154362202,2.5060207843780518,0.9222023487091064,0.00047451021964661777,0.010846094228327274,0.05641072988510132,-0.998348593711853
10.267310400027782,-0.014212535694241524,2.5061705112457275,0.9222698211669922,0.0007244084845297039,0.010309664532542229,0.056120119988918304,-0.9983705878257751
10.2718585000257,-0.014064817689359188,2.5062975883483887,0.922278642654419,0.0011090099578723311,0.00989347230643034,0.05591239035129547,-0.998386025428772
10.275411500013433,-0.013922961428761482,2.5065035820007324,0.9223663806915283,0.0015726826386526227,0.010276330634951591,0.05488481745123863,-0.9984386563301086
10.279493800015189,-0.013752948492765427,2.5066792964935303,0.9223916530609131,0.0022350342478603125,0.009937102906405926,0.05479423701763153,-0.9984456896781921
10.283576000016183,-0.013694530352950096,2.5068376064300537,0.9224268198013306,0.0024612033739686012,0.010107932612299919,0.054760709404945374,-0.9984453320503235
10.287736400030553,-0.01348470151424408,2.5070066452026367,0.9224456548690796,0.0028802065644413233,0.009449189528822899,0.05468405783176422,-0.9984549283981323
10.291835200041533,-0.013346371240913868,2.507275342941284,0.9224905967712402,0.003443274414166808,0.01078011468052864,0.05299299955368042,-0.9985307455062866
10.296051700017415,-0.01323704794049263,2.5075430870056152,0.9225475192070007,0.002298532286658883,0.010539363138377666,0.05395234003663063,-0.9984853267669678
10.300593000021763,-0.013169553130865097,2.507766008377075,0.9225862622261047,0.0022518367040902376,0.010421511717140675,0.05420045182108879,-0.9984732270240784
10.304743800021242,-0.013104235753417015,2.5080010890960693,0.9226455688476562,0.0023218304850161076,0.01038949191570282,0.05436639115214348,-0.9984643459320068
10.308870700013358,-0.013070590794086456,2.508230447769165,0.9227064847946167,0.002329023089259863,0.01047575008124113,0.05433683469891548,-0.9984650611877441
10.313376800040714,-0.01303163357079029,2.50848388671875,0.922734797000885,0.002218958456069231,0.010398603975772858,0.054673582315444946,-0.9984476566314697
10.321181500039529,-0.013015645556151867,2.5089852809906006,0.9229864478111267,0.0006130253314040601,0.010212733410298824,0.05617231875658035,-0.9983686804771423
10.325401800044347,-0.01305156946182251,2.50923490524292,0.9230625033378601,-0.00018449766503181309,0.010046890936791897,0.056982506066560745,-0.9983246922492981
10.33006840001326,-0.012998707592487335,2.5095224380493164,0.9230818152427673,0.00018875987734645605,0.00979403406381607,0.05695805698633194,-0.9983285069465637
10.334129100025166,-0.012890536338090897,2.5097522735595703,0.9230356216430664,0.0009338129311800003,0.009418400935828686,0.0568043515086174,-0.9983404874801636
10.338000999996439,-0.012891770340502262,2.50995135307312,0.9230538010597229,0.0015923818573355675,0.009689761325716972,0.05675964802503586,-0.9983396530151367
10.342807900044136,-0.012888755649328232,2.5101428031921387,0.9230590462684631,0.0017385800601914525,0.00962243415415287,0.0562673881649971,-0.9983678460121155
10.346577999996953,-0.012884095311164856,2.510409355163574,0.9231736063957214,0.0005254328716546297,0.009283618070185184,0.05698837712407112,-0.998331606388092
10.350556700024754,-0.012926459312438965,2.5105559825897217,0.9231687784194946,0.0006684490945190191,0.00958247110247612,0.05685650184750557,-0.998336136341095
10.355415700003505,-0.01297888532280922,2.510793447494507,0.9232140183448792,0.0019333336967974901,0.009867574088275433,0.05652723088860512,-0.9983505010604858
10.35910070000682,-0.013025933876633644,2.5110621452331543,0.9233381152153015,0.002847122261300683,0.01082830224186182,0.05549725145101547,-0.998396098613739
10.362883800000418,-0.01309203915297985,2.511232852935791,0.9233726263046265,0.0033289731945842505,0.010991190560162067,0.05502918362617493,-0.9984186887741089
10.366744700004347,-0.013157817535102367,2.51139497756958,0.9233810305595398,0.0034886784851551056,0.010757392272353172,0.0547950454056263,-0.9984336495399475
10.371086500003003,-0.013242624700069427,2.5115437507629395,0.923417866230011,0.00382694648578763,0.010845844633877277,0.054628610610961914,-0.9984405636787415
10.376646300021093,-0.013349631801247597,2.511659860610962,0.9234488010406494,0.003826659405604005,0.010965228080749512,0.05452592670917511,-0.9984448552131653
10.380061500007287,-0.013466930016875267,2.5117721557617188,0.9234905242919922,0.003964544273912907,0.01103239692747593,0.05451943725347519,-0.9984439015388489
10.385466900013853,-0.013561077415943146,2.5118770599365234,0.9235281944274902,0.004217619076371193,0.011170759797096252,0.05441128462553024,-0.9984472393989563
10.389485299994703,-0.013660276308655739,2.511958122253418,0.9235358238220215,0.004000083077698946,0.01123008131980896,0.05461689829826355,-0.9984362721443176
10.393474999989849,-0.013777360320091248,2.5120205879211426,0.923573911190033,0.003980919718742371,0.01141650602221489,0.05457599461078644,-0.9984363913536072
10.397139300010167,-0.013920577242970467,2.512089729309082,0.9235379099845886,0.0036725723184645176,0.01177238766103983,0.054852280765771866,-0.9984183311462402
10.400669599999674,-0.014067556709051132,2.5121586322784424,0.9235343337059021,0.0037459395825862885,0.012334185652434826,0.05443178862333298,-0.9984343647956848
10.4048965999973,-0.014203030616044998,2.512211322784424,0.9234939217567444,0.003851622110232711,0.012550977990031242,0.054431136697530746,-0.9984312653541565
10.408697100006975,-0.014311478473246098,2.5122663974761963,0.9234423637390137,0.003729115007445216,0.012613111175596714,0.05443817377090454,-0.9984305500984192
10.412889800034463,-0.014311478473246098,2.5122663974761963,0.9234423637390137,0.003729115007445216,0.012613111175596714,0.05443817377090454,-0.9984305500984192
10.418686699995305,-0.014646998606622219,2.512287139892578,0.923211932182312,0.006059976760298014,0.013870539143681526,0.05250156298279762,-0.9985061287879944
10.425456800032407,-0.0150116216391325,2.5124645233154297,0.9231845736503601,0.006714621093124151,0.014139772392809391,0.052708700299263,-0.9984872341156006
10.429890000028536,-0.01534982305020094,2.512603998184204,0.9232605695724487,0.005786696914583445,0.013865580782294273,0.05363859236240387,-0.9984474778175354
10.433870500011835,-0.015628527849912643,2.512676477432251,0.9232510924339294,0.005838639102876186,0.013310487382113934,0.05375182256102562,-0.9984486103057861
10.438351900025737,-0.015901558101177216,2.5127806663513184,0.9233105778694153,0.006347164511680603,0.01332914363592863,0.053753290325403214,-0.9984450936317444
10.441982200019993,-0.016120338812470436,2.512860059738159,0.9232966899871826,0.0063229831866919994,0.013417252339422703,0.053770389407873154,-0.9984431862831116
10.446573499997612,-0.016120338812470436,2.512860059738159,0.9232966899871826,0.0063229831866919994,0.013417252339422703,0.053770389407873154,-0.9984431862831116
10.451281899993774,-0.01658782549202442,2.5128540992736816,0.9231117367744446,0.0059221298433840275,0.012467644177377224,0.0555107556283474,-0.99836266040802
10.454880700039212,-0.016781076788902283,2.512897253036499,0.9230729341506958,0.005736863240599632,0.01258226577192545,0.05547533556818962,-0.9983643889427185
10.458784000016749,-0.017049284651875496,2.512939691543579,0.9229859113693237,0.005308107472956181,0.013338363729417324,0.055799975991249084,-0.9983388185501099
10.46275390003575,-0.0172622948884964,2.512977361679077,0.9229364991188049,0.005421393550932407,0.013628021813929081,0.055753517895936966,-0.998336911201477
10.466884499997832,-0.017499607056379318,2.513007879257202,0.9228445887565613,0.005124267656356096,0.013478349894285202,0.056009791791439056,-0.9983261227607727
10.470998900011182,-0.017688017338514328,2.513017177581787,0.9227549433708191,0.004825406242161989,0.013754371553659439,0.056181229650974274,-0.9983141422271729
10.475367200036999,-0.01790400967001915,2.5130159854888916,0.9226915240287781,0.004580790176987648,0.014084186404943466,0.05630481615662575,-0.9983037710189819
10.47953489999054,-0.01816405914723873,2.5130364894866943,0.9226742386817932,0.004474439658224583,0.014399124309420586,0.056398019194602966,-0.9982945322990417
10.483513100014534,-0.018304118886590004,2.5130088329315186,0.9225596189498901,0.003456107573583722,0.014207056723535061,0.056380003690719604,-0.9983023405075073
10.487807800003793,-0.018577056005597115,2.5129952430725098,0.9225435853004456,0.0029332153499126434,0.014448746107518673,0.05647819861769676,-0.9982950091362
10.492030000023078,-0.01898224465548992,2.5129995346069336,0.9225711822509766,0.002638585399836302,0.01529898401349783,0.05651609227061272,-0.9982810020446777
10.496342900034506,-0.019267933443188667,2.513021230697632,0.9225873351097107,0.0024033242370933294,0.015526995994150639,0.05670298635959625,-0.9982675313949585
10.500404899998102,-0.019547615200281143,2.513090133666992,0.9225602149963379,0.003092616330832243,0.016019759699702263,0.05660155788064003,-0.9982635378837585
10.504388200002722,-0.01984289661049843,2.5130674839019775,0.9224786162376404,0.0031345458701252937,0.015722431242465973,0.057713065296411514,-0.9982044696807861
10.509519600018393,-0.020167531445622444,2.5130198001861572,0.9221943616867065,0.004889393225312233,0.016245514154434204,0.05629727616906166,-0.9982699751853943
10.512975000019651,-0.02046605572104454,2.513110637664795,0.9221888780593872,0.004891378339380026,0.016461893916130066,0.05653543397784233,-0.9982529282569885
10.51692250004271,-0.020713962614536285,2.5131304264068604,0.9221221804618835,0.0046758996322751045,0.01673058420419693,0.05663105845451355,-0.998244047164917
10.52118939999491,-0.020960262045264244,2.5131378173828125,0.9220404028892517,0.004106786102056503,0.016865504905581474,0.05718190222978592,-0.9982129335403442
10.525164399994537,-0.02120397984981537,2.5131497383117676,0.9219633340835571,0.00372351729311049,0.01709686405956745,0.05741202086210251,-0.9981972575187683
10.529362000001129,-0.021437115967273712,2.513143539428711,0.9218348264694214,0.003457478014752269,0.017294984310865402,0.05760328844189644,-0.9981837868690491
10.533523500023875,-0.02173425629734993,2.513148546218872,0.9217665195465088,0.0029602062422782183,0.017597248777747154,0.05782223865389824,-0.9981673955917358
10.537741900014225,-0.022005237638950348,2.513171911239624,0.9216482043266296,0.0024630643893033266,0.017464304342865944,0.058057695627212524,-0.9981574416160583
10.541873200039845,-0.022370759397745132,2.513077974319458,0.9213258028030396,0.0007482826476916671,0.016932331025600433,0.059817709028720856,-0.9980654120445251
10.546045500028413,-0.022633668035268784,2.5131187438964844,0.9212319254875183,0.0006118566379882395,0.01708866097033024,0.059935059398412704,-0.9980558156967163
10.550301400013268,-0.022900916635990143,2.5131916999816895,0.9211193919181824,0.0003263593534938991,0.01746239699423313,0.06005392223596573,-0.9980423450469971
10.553338100027759,-0.022900916635990143,2.5131916999816895,0.9211193919181824,0.0003263593534938991,0.01746239699423313,0.06005392223596573,-0.9980423450469971
10.557353899988811,-0.02318461611866951,2.5132718086242676,0.9210406541824341,-2.518043402233161e-06,0.017673173919320107,0.060365863144397736,-0.9980199337005615
10.562923500023317,-0.02392536588013172,2.5135114192962646,0.9209927320480347,0.0014086280716583133,0.018739793449640274,0.06012898311018944,-0.9980137348175049
10.567006700031925,-0.024202559143304825,2.5136826038360596,0.9209761023521423,0.0019755475223064423,0.019514158368110657,0.06028490513563156,-0.9979884624481201
10.572104900027625,-0.024466831237077713,2.5137784481048584,0.9209008812904358,0.0021254695020616055,0.01971147581934929,0.060462404042482376,-0.997973620891571
10.576670500042383,-0.024782374501228333,2.513875722885132,0.920625627040863,0.0031518975738435984,0.020007938146591187,0.058596450835466385,-0.9980762600898743
10.580328400013968,-0.025043804198503494,2.513963460922241,0.9205323457717896,0.0029693543910980225,0.02036910690367222,0.05878544598817825,-0.9980583786964417
10.584165000007488,-0.025319840759038925,2.5140764713287354,0.92041015625,0.0031267665326595306,0.020847726613283157,0.05877561494708061,-0.9980486631393433
10.587874000018928,-0.025564931333065033,2.514202833175659,0.9202554225921631,0.0031732686329632998,0.02133891172707081,0.05886998027563095,-0.9980325102806091
10.59252910001669,-0.025816673412919044,2.5142714977264404,0.9200493097305298,0.0026845671236515045,0.02200424298644066,0.05902997776865959,-0.9980100989341736
10.59606440004427,-0.02609250694513321,2.5144128799438477,0.9198235869407654,0.00045435535139404237,0.02231302298605442,0.0595519058406353,-0.997975766658783
10.600315899995621,-0.026297055184841156,2.5145363807678223,0.919678807258606,0.0006194608868099749,0.022490594536066055,0.05936664715409279,-0.9979827404022217
10.604521200002637,-0.026497893035411835,2.514681100845337,0.9195281267166138,0.0006925533525645733,0.022528592497110367,0.05924561247229576,-0.9979889392852783
10.608506700024009,-0.026820488274097443,2.5149314403533936,0.9193925857543945,0.0018428697949275374,0.022797616198658943,0.059062410145998,-0.9979922771453857
10.612821899994742,-0.027132049202919006,2.5152230262756348,0.9192625880241394,0.003107666037976742,0.02333984524011612,0.057934436947107315,-0.9980427026748657
10.617002200044226,-0.02749551460146904,2.5153326988220215,0.9191790819168091,0.0029845538083463907,0.02330661192536354,0.05950045585632324,-0.9979516863822937
10.621175300038885,-0.02765873447060585,2.515623092651367,0.9189391732215881,0.0021143786143511534,0.02111120894551277,0.06020331755280495,-0.9979606866836548
10.62543580000056,-0.028086194768548012,2.515854597091675,0.9188215732574463,0.001307155704125762,0.0224140677601099,0.06103653833270073,-0.9978830218315125
10.629382300016005,-0.028362400829792023,2.516022205352783,0.9187107682228088,0.0008596269763074815,0.022126462310552597,0.06124955043196678,-0.9978768825531006
10.635264200042002,-0.028644267469644547,2.5161819458007812,0.9185894727706909,0.0011196783743798733,0.023014260455965996,0.06115695461630821,-0.9978621602058411
10.638693100016098,-0.028920847922563553,2.516268014907837,0.9182187914848328,0.003173156874254346,0.02375911921262741,0.05931071564555168,-0.9979517459869385
10.642150600033347,-0.02923697605729103,2.516486883163452,0.9180186986923218,0.0036121043376624584,0.023745030164718628,0.058374907821416855,-0.9980058073997498
10.64631050004391,-0.029381174594163895,2.5166378021240234,0.9177589416503906,0.004102451726794243,0.024040015414357185,0.05786161124706268,-0.9980267882347107
10.6501376000233,-0.02960754930973053,2.5168566703796387,0.9175010919570923,0.004687511827796698,0.024708008393645287,0.05805676057934761,-0.9979965090751648
10.654347300005611,-0.029779180884361267,2.517000436782837,0.9173129796981812,0.005041883792728186,0.02480049803853035,0.057974789291620255,-0.9979972243309021
10.658470200025477,-0.030023926869034767,2.5171384811401367,0.9171566963195801,0.005074747372418642,0.025666845962405205,0.058014415204524994,-0.9979729056358337
10.663119000033475,-0.030211511999368668,2.5172886848449707,0.9170047640800476,0.00523381307721138,0.025832785293459892,0.058111079037189484,-0.9979621171951294
10.667124800034799,-0.030417634174227715,2.517418384552002,0.9168015718460083,0.005261202808469534,0.025405224412679672,0.05812365189194679,-0.9979721903800964
10.670957099995576,-0.030578553676605225,2.5176405906677246,0.9167248010635376,0.002662473823875189,0.02439255639910698,0.06043456122279167,-0.9978705644607544
10.675377300009131,-0.03081677109003067,2.5177597999572754,0.9166221022605896,0.0024241749197244644,0.024793075397610664,0.06077275425195694,-0.9978407621383667
10.679317000031006,-0.031096363440155983,2.5179028511047363,0.916501522064209,0.00270347623154521,0.02510092407464981,0.06113260239362717,-0.997810423374176
10.68355190003058,-0.031368374824523926,2.518000364303589,0.9162911176681519,0.002799001522362232,0.0237178523093462,0.06121819466352463,-0.9978386759757996
10.687921600008849,-0.03158118575811386,2.5180182456970215,0.916122555732727,0.0024434078950434923,0.02384580299258232,0.06248059123754501,-0.9977582693099976
10.691796500002965,-0.031854480504989624,2.5182228088378906,0.9160548448562622,0.0035563369747251272,0.024229638278484344,0.061203718185424805,-0.9978249073028564
10.69602140004281,-0.0321606881916523,2.51824951171875,0.9157178997993469,0.006677363999187946,0.025356248021125793,0.05872727185487747,-0.9979296326637268
10.70005799998762,-0.03245169296860695,2.518301010131836,0.9155922532081604,0.007341217715293169,0.025817153975367546,0.058210138231515884,-0.9979434609413147
10.704438199987635,-0.032720014452934265,2.5182788372039795,0.9153757095336914,0.006437212694436312,0.026881219819188118,0.05814875662326813,-0.9979252815246582
10.70883810002124,-0.03285978361964226,2.5183238983154297,0.9152101278305054,0.006663949694484472,0.02689269371330738,0.05789775028824806,-0.9979379773139954
10.713543499994557,-0.0329752042889595,2.5183846950531006,0.9150357246398926,0.0063779037445783615,0.02669781818985939,0.058269839733839035,-0.9979234933853149
10.71782489999896,-0.03315844386816025,2.5183980464935303,0.914846658706665,0.006018600892275572,0.027243610471487045,0.05837599188089371,-0.9979047775268555
10.721610700013116,-0.033303771167993546,2.5184409618377686,0.914685845375061,0.005883374251425266,0.027222735807299614,0.05854577198624611,-0.9978961944580078
10.725259400031064,-0.033501997590065,2.5184502601623535,0.914545476436615,0.0056581576354801655,0.027359090745449066,0.058742545545101166,-0.9978821873664856
10.729486800031736,-0.03365802392363548,2.5184857845306396,0.9143717288970947,0.0055685462430119514,0.027431238442659378,0.058547746390104294,-0.9978922009468079
10.733522400027141,-0.03386304900050163,2.518519639968872,0.9142968058586121,0.0053825583308935165,0.027667714282870293,0.05867914482951164,-0.997878909111023
10.737882099987473,-0.0340849831700325,2.51853609085083,0.9141208529472351,0.005681400187313557,0.027749095112085342,0.058810967952013016,-0.997867226600647
10.74201660003746,-0.03428686782717705,2.5185561180114746,0.9140140414237976,0.005473966244608164,0.028049474582076073,0.05884401872754097,-0.9978581070899963
10.746137000038289,-0.03443348407745361,2.5185790061950684,0.9138820171356201,0.005328171420842409,0.02796623669564724,0.059083063155412674,-0.9978470802307129
10.750426100043114,-0.03456863388419151,2.5186750888824463,0.9137396812438965,0.003722262103110552,0.02758413553237915,0.0604301281273365,-0.9977842569351196
10.75429350003833,-0.03477635234594345,2.518683910369873,0.9135955572128296,0.003873631590977311,0.028061842545866966,0.06037551164627075,-0.9977737069129944
10.759341299999505,-0.034887414425611496,2.518488883972168,0.9131242632865906,0.005860441364347935,0.027275951579213142,0.059647586196660995,-0.9978296160697937
10.76286469999468,-0.03509111702442169,2.5184273719787598,0.912909746170044,0.0049576908349990845,0.028412334620952606,0.05971791595220566,-0.9977986216545105
10.766991999989841,-0.035274289548397064,2.518397331237793,0.9127953052520752,0.004867029841989279,0.02851693518459797,0.059669818729162216,-0.9977989792823792
10.771541599999182,-0.035351164638996124,2.5183632373809814,0.9126226305961609,0.004869826603680849,0.028648143634200096,0.05941362306475639,-0.997810423374176
10.775186699989717,-0.035453639924526215,2.51833176612854,0.9124752283096313,0.004581870511174202,0.028417794033885002,0.05972697213292122,-0.9977996945381165
10.779393700009678,-0.03549864888191223,2.5182435512542725,0.912316620349884,0.0036888434551656246,0.028389377519488335,0.05959731340408325,-0.9978119134902954
10.783662800036836,-0.03558162972331047,2.518209934234619,0.9122235774993896,0.0035942918621003628,0.028391998261213303,0.05970792472362518,-0.997805655002594
10.787724399997387,-0.035687241703271866,2.5182061195373535,0.9121686816215515,0.0041699400171637535,0.028765974566340446,0.05968092009425163,-0.9977942705154419
10.792277800035663,-0.03572992607951164,2.518115997314453,0.9121003150939941,0.003139434615150094,0.02852974832057953,0.05981522053480148,-0.9977967739105225
10.79599330003839,-0.03589605912566185,2.5181283950805664,0.9121070504188538,0.003646820317953825,0.028949791565537453,0.05994614586234093,-0.997775137424469
10.80013260000851,-0.03596941754221916,2.518101215362549,0.9120780229568481,0.003597564995288849,0.02862340584397316,0.06008932366967201,-0.9977760910987854
10.804171400028281,-0.0360434465110302,2.5180580615997314,0.9120242595672607,0.0033193333074450493,0.028513897210359573,0.060325078666210175,-0.9977658987045288
10.808652500039898,-0.03617023304104805,2.5180301666259766,0.9120074510574341,0.003322325414046645,0.028566725552082062,0.06044386699795723,-0.9977572560310364
10.812946100020781,-0.03624485805630684,2.5179498195648193,0.9119624495506287,0.0026434948667883873,0.028111830353736877,0.060543034225702286,-0.9977661371231079
10.816901599988341,-0.036311857402324677,2.5179054737091064,0.9119182229042053,0.002656476804986596,0.028055233880877495,0.06063301861286163,-0.9977623224258423
10.821197200042661,-0.03645233064889908,2.517834424972534,0.9119324088096619,0.002255846280604601,0.028176341205835342,0.0609126053750515,-0.997742772102356
10.825191600015387,-0.03648992255330086,2.5177156925201416,0.9119083881378174,0.0017042903928086162,0.0277886763215065,0.06081955507397652,-0.9977604150772095
10.829496300022583,-0.03650077432394028,2.5176315307617188,0.9118296504020691,0.0016963183879852295,0.027726007625460625,0.06078793480992317,-0.9977641105651855
10.834100100037176,-0.03666722774505615,2.517481565475464,0.9118309020996094,0.0025108244735747576,0.02798125334084034,0.05989498272538185,-0.9978092312812805
10.83765649999259,-0.036870796233415604,2.51735782623291,0.9118452072143555,0.002918736543506384,0.028690654784440994,0.059559013694524765,-0.9978081583976746
10.842055500019342,-0.036917559802532196,2.517167806625366,0.9117920994758606,0.0020993719808757305,0.028360892087221146,0.059453774243593216,-0.9978259205818176
10.845995799987577,-0.037050921469926834,2.5170023441314697,0.9117590188980103,0.000978230033069849,0.028926143422722816,0.059473440051078796,-0.9978103041648865
10.850192699988838,-0.0371510349214077,2.5168826580047607,0.9117144346237183,0.0010432101553305984,0.02883516065776348,0.05936349183320999,-0.9978194236755371
10.854434900043998,-0.03727154806256294,2.516774892807007,0.9117134809494019,0.0010211555054411292,0.02894599735736847,0.05934055894613266,-0.9978175163269043
10.858542000001762,-0.03736522048711777,2.516624689102173,0.9116929173469543,0.0008106414461508393,0.028963347896933556,0.059989698231220245,-0.9977783560752869
10.862943299987819,-0.03751298785209656,2.5165297985076904,0.9117177724838257,0.0005313123110681772,0.02908952347934246,0.060258541256189346,-0.9977587461471558
10.866915100021288,-0.03766334801912308,2.5164244174957275,0.9117132425308228,0.0006886522751301527,0.029158562421798706,0.060017749667167664,-0.997771143913269
10.871018900012132,-0.03780031576752663,2.516334056854248,0.91171795129776,0.0008988399640657008,0.029247894883155823,0.059604402631521225,-0.9977930784225464
10.876450999989174,-0.03795499727129936,2.516226291656494,0.911737859249115,0.0006680595688521862,0.029310360550880432,0.05952075868844986,-0.9977965354919434
10.881416700023692,-0.03810828551650047,2.5160975456237793,0.9117821455001831,0.0007243383442983031,0.02941678836941719,0.05930894613265991,-0.9978058934211731
10.888021900027525,-0.038437407463788986,2.5155370235443115,0.9116581678390503,0.0013423070777207613,0.030431877821683884,0.05846339464187622,-0.9978247284889221
10.895802100014407,-0.03880705311894417,2.5150623321533203,0.9117497205734253,0.0027234889566898346,0.03067418746650219,0.05676453560590744,-0.9979126453399658
10.900245600030757,-0.03894912451505661,2.5148088932037354,0.9118266105651855,0.0018789087189361453,0.030922239646315575,0.05658368766307831,-0.997917115688324
10.90470459999051,-0.039075810462236404,2.5146126747131348,0.9119235873222351,0.00179421273060143,0.031022241339087486,0.05651656165719032,-0.9979179501533508
10.908807400031947,-0.03928728029131889,2.5144565105438232,0.9121071696281433,0.0019472608109936118,0.03125074878334999,0.05659910663962364,-0.9979058504104614
10.912675100029446,-0.0394102968275547,2.514103412628174,0.9122052192687988,0.0030332827009260654,0.031995050609111786,0.05482672154903412,-0.9979785084724426
10.91691070003435,-0.03964395821094513,2.5138611793518066,0.9125398397445679,0.0015358040109276772,0.031166691333055496,0.0553651787340641,-0.9979784488677979
10.92523470002925,-0.0401013009250164,2.513413429260254,0.9130223989486694,0.0012882596347481012,0.03127015382051468,0.05494634434580803,-0.9979987740516663
10.929281599994283,-0.040174487978219986,2.513275623321533,0.9133346676826477,-0.0003781431878451258,0.030320875346660614,0.0566813163459301,-0.997931718826294
10.933554599992931,-0.04028962552547455,2.5129661560058594,0.9135594367980957,-0.0007578585064038634,0.030181143432855606,0.057849448174238205,-0.9978687763214111
10.938104500004556,-0.040507473051548004,2.512741804122925,0.9138190150260925,-0.0007848907262086868,0.030819864943623543,0.05793128162622452,-0.9978444576263428
10.941804800007958,-0.040526632219552994,2.512434244155884,0.9139904379844666,-0.001965128816664219,0.030406463891267776,0.05924477055668831,-0.9977784156799316
10.945952000038233,-0.0405750535428524,2.51222562789917,0.9142040014266968,-0.0018708852585405111,0.030330901965498924,0.05914991721510887,-0.9977865219116211
10.950136800005566,-0.040678516030311584,2.512065887451172,0.9143980145454407,-0.0018269706051796675,0.03046766109764576,0.05936243757605553,-0.997769832611084
10.954422899987549,-0.040749818086624146,2.5118930339813232,0.9146705269813538,-0.002219638554379344,0.030192114412784576,0.05954698473215103,-0.997766375541687
10.95880030002445,-0.040790457278490067,2.511747121810913,0.9148766994476318,-0.002520488342270255,0.03021651692688465,0.05971914902329445,-0.9977546334266663
10.9627059000195,-0.04085083305835724,2.5116050243377686,0.915112316608429,-0.0025789779610931873,0.030024802312254906,0.05982859432697296,-0.9977536797523499
10.967063200019766,-0.04093455523252487,2.5113861560821533,0.9152557253837585,-0.0021725690457969904,0.030389459803700447,0.05899759382009506,-0.9977930784225464
10.971332399989478,-0.04122487083077431,2.5112338066101074,0.9156773686408997,-0.001992844045162201,0.0310536939650774,0.05907641723752022,-0.9977684020996094
10.975326900021173,-0.04129501432180405,2.5111472606658936,0.9159348607063293,-0.001818863907828927,0.031160909682512283,0.058792877942323685,-0.9977821707725525
10.979587999987416,-0.04138033837080002,2.511077880859375,0.9161959886550903,-0.001637773122638464,0.031141435727477074,0.05843372642993927,-0.9978041052818298
10.983637700031977,-0.041461896151304245,2.5110228061676025,0.9164692759513855,-0.0015611303970217705,0.03157226741313934,0.0584530308842659,-0.9977896213531494
10.987886400020216,-0.041493501514196396,2.5109944343566895,0.9166538715362549,-0.0012330639874562621,0.03127718344330788,0.058205317705869675,-0.9978138208389282
10.991381900035776,-0.041493501514196396,2.5109944343566895,0.9166538715362549,-0.0012330639874562621,0.03127718344330788,0.058205317705869675,-0.9978138208389282
10.995887500001118,-0.041593290865421295,2.51103138923645,0.9170110821723938,-0.0012083017500117421,0.031071726232767105,0.05791864171624184,-0.9978370070457458
11.000280100037344,-0.041704125702381134,2.511093854904175,0.9172074794769287,-0.0011089334730058908,0.031482212245464325,0.057754967361688614,-0.9978336691856384
11.004318299994338,-0.04174140468239784,2.511169195175171,0.9173475503921509,-0.0009815809316933155,0.031534917652606964,0.057749126106500626,-0.9978324770927429
11.008515599998645,-0.04172903671860695,2.5112802982330322,0.9174311757087708,-0.0009751521283760667,0.03116835281252861,0.05796239525079727,-0.9978316426277161
11.012559700000565,-0.041737694293260574,2.5113930702209473,0.9175097346305847,-0.0006716024945490062,0.031078141182661057,0.05803149193525314,-0.9978306889533997
11.01704810000956,-0.04174908623099327,2.511601209640503,0.917553722858429,0.0001686202158452943,0.030974797904491425,0.05764753371477127,-0.9978564381599426
11.021264000039082,-0.041736431419849396,2.511718511581421,0.9176626205444336,-5.046566730015911e-05,0.03127070143818855,0.05826425924897194,-0.9978113770484924
11.025169300031848,-0.041689082980155945,2.511899948120117,0.9176842570304871,0.00029187239124439657,0.030783429741859436,0.05794132873415947,-0.9978452920913696
11.029028500022832,-0.041689082980155945,2.511899948120117,0.9176842570304871,0.00029187239124439657,0.030783429741859436,0.05794132873415947,-0.9978452920913696
11.033910099999048,-0.04153452068567276,2.5122573375701904,0.917816162109375,-3.11830808641389e-05,0.030400093644857407,0.058554913848638535,-0.9978212118148804
11.038523900031578,-0.04151100292801857,2.5124435424804688,0.9178596138954163,5.9288853663019836e-05,0.030371040105819702,0.05882962793111801,-0.9978060126304626
11.042503300006501,-0.04143756255507469,2.5127766132354736,0.9182498455047607,-0.00045476420200429857,0.03156450763344765,0.058175425976514816,-0.9978071451187134
11.046190100023523,-0.04136769846081734,2.5130040645599365,0.9183582067489624,-0.0004808748490177095,0.031472206115722656,0.05846536159515381,-0.9977930784225464
11.050402700027917,-0.041102275252342224,2.51334810256958,0.9186061024665833,-0.0026187063194811344,0.029764575883746147,0.06041141226887703,-0.997726321220398
11.053865300025791,-0.041102275252342224,2.51334810256958,0.9186061024665833,-0.0026187063194811344,0.029764575883746147,0.06041141226887703,-0.997726321220398
11.058907400001772,-0.04095221310853958,2.514075517654419,0.9189158082008362,7.550602458650246e-05,0.029690276831388474,0.059131622314453125,-0.9978086352348328
11.063795500027481,-0.040881283581256866,2.514371395111084,0.9190025329589844,0.0003166109963785857,0.029778357595205307,0.05904829874634743,-0.9978109002113342
11.0673726000241,-0.04079754650592804,2.5147109031677246,0.9191384315490723,-0.00013049959670752287,0.03014265187084675,0.059692759066820145,-0.997761607170105
11.071865900012199,-0.04063801467418671,2.515026569366455,0.9191966652870178,-0.0005984054878354073,0.03001391515135765,0.06004893779754639,-0.9977439641952515
11.075588600011542,-0.04040272906422615,2.515327215194702,0.9191797375679016,-0.00028933928115293384,0.02972273714840412,0.06014474481344223,-0.997747004032135
11.079988699988462,-0.04025222361087799,2.515676259994507,0.919288158416748,0.0005096776294521987,0.030206989496946335,0.05923283472657204,-0.9977869987487793
11.084812099987175,-0.04019101336598396,2.516005516052246,0.9192779660224915,-0.0001421251945430413,0.03005664236843586,0.06036035344004631,-0.9977239966392517
11.088410900032613,-0.04003940150141716,2.516289234161377,0.9192611575126648,-0.00016208442684728652,0.029619162902235985,0.06045522540807724,-0.9977313876152039
11.092526799999177,-0.03973768651485443,2.516584634780884,0.9191261529922485,0.00030830714968033135,0.0291482862085104,0.06030283495783806,-0.9977543950080872
11.095988399989437,-0.039621271193027496,2.516981840133667,0.9191901087760925,-0.00013197073712944984,0.029359620064496994,0.06150084733963013,-0.9976751208305359
11.100329800043255,-0.039415597915649414,2.51731538772583,0.9191955924034119,0.001037510926835239,0.028963228687644005,0.06140509992837906,-0.9976921081542969
11.104040600010194,-0.039415597915649414,2.51731538772583,0.9191955924034119,0.001037510926835239,0.028963228687644005,0.06140509992837906,-0.9976921081542969
11.108485400036443,-0.039121709764003754,2.5179224014282227,0.919188380241394,0.00226096180267632,0.028904248028993607,0.061234284192323685,-0.9977023005485535
11.11279879999347,-0.03898328170180321,2.5183589458465576,0.9192230105400085,0.001979673048481345,0.029152587056159973,0.06085575744509697,-0.9977188110351562
11.116065100010019,-0.03898328170180321,2.5183589458465576,0.9192230105400085,0.001979673048481345,0.029152587056159973,0.06085575744509697,-0.9977188110351562
11.119379200041294,-0.03898328170180321,2.5183589458465576,0.9192230105400085,0.001979673048481345,0.029152587056159973,0.06085575744509697,-0.9977188110351562
11.122557900031097,-0.03898328170180321,2.5183589458465576,0.9192230105400085,0.001979673048481345,0.029152587056159973,0.06085575744509697,-0.9977188110351562
11.127402300015092,-0.0386197566986084,2.5190813541412354,0.919215738773346,0.003189653856679797,0.028311848640441895,0.0606326162815094,-0.9977534413337708
11.131183099991176,-0.03832435607910156,2.519846200942993,0.9191957116127014,0.004410342313349247,0.02962798997759819,0.059262990951538086,-0.9977929592132568
11.135289900004864,-0.03817068040370941,2.5201990604400635,0.9191471934318542,0.005236348137259483,0.02937866933643818,0.059059832245111465,-0.9978082776069641
11.13877910003066,-0.0379214733839035,2.5205914974212646,0.9190884828567505,0.007251398637890816,0.02806384116411209,0.058897800743579865,-0.9978431463241577
11.142186500015669,-0.03776375204324722,2.5209157466888428,0.9190508127212524,0.006821703165769577,0.027755986899137497,0.05966807156801224,-0.9978089928627014
11.146462300035637,-0.03758922219276428,2.521174907684326,0.9189284443855286,0.007712195161730051,0.027439335361123085,0.05949387699365616,-0.9978216886520386
11.150214100023732,-0.03745317831635475,2.521437168121338,0.9188276529312134,0.008042575791478157,0.02729814313352108,0.05981611832976341,-0.9978037476539612
11.154480600031093,-0.03734780475497246,2.5217745304107666,0.9187402725219727,0.007787527982145548,0.027333024889230728,0.06071063131093979,-0.9977506995201111
11.15851570002269,-0.03706803172826767,2.522048234939575,0.9184547662734985,0.007644465193152428,0.0268296729773283,0.061009254306554794,-0.9977472424507141
11.162752900039777,-0.03698281571269035,2.522282361984253,0.9183121919631958,0.006980729755014181,0.02683304250240326,0.061511069536209106,-0.997721254825592
11.16704440000467,-0.03698858246207237,2.5225648880004883,0.9182250499725342,0.006120888516306877,0.026890194043517113,0.06234142929315567,-0.9976738095283508
11.171193099988159,-0.03695741295814514,2.5229218006134033,0.9183246493339539,0.004788276273757219,0.027220994234085083,0.0627441555261612,-0.9976469278335571
11.175825899990741,-0.03696916997432709,2.5232834815979004,0.9181303381919861,0.009194780141115189,0.02783375233411789,0.059780705720186234,-0.9977810978889465
11.179403999994975,-0.036977581679821014,2.523465633392334,0.9180696606636047,0.009450905956327915,0.027961431071162224,0.05964213237166405,-0.997783362865448
11.183710800018162,-0.03692961856722832,2.5236496925354004,0.9179725646972656,0.009618928655982018,0.027995547279715538,0.059335414320230484,-0.9977990984916687
11.187900500022806,-0.03694188594818115,2.5238709449768066,0.9178880453109741,0.01066560298204422,0.02780366875231266,0.058628298342227936,-0.9978356957435608
11.191855699988082,-0.03693605586886406,2.523975372314453,0.9178524613380432,0.010742004960775375,0.027891051024198532,0.05815868452191353,-0.9978598952293396
11.195578799990471,-0.03693605586886406,2.523975372314453,0.9178524613380432,0.010742004960775375,0.027891051024198532,0.05815868452191353,-0.9978598952293396
11.202873000002,-0.03691179305315018,2.524096727371216,0.9177632331848145,0.011169850826263428,0.02782885730266571,0.05738789588212967,-0.9979015588760376
11.208164900017437,-0.036925058811903,2.5241169929504395,0.9177423119544983,0.011166942305862904,0.02815650962293148,0.0565582737326622,-0.9979397654533386
11.21325380000053,-0.036904752254486084,2.5240514278411865,0.9177417755126953,0.010684838518500328,0.028080016374588013,0.056400950998067856,-0.9979560375213623
11.217583300021943,-0.036913350224494934,2.5239877700805664,0.9177784323692322,0.010328314267098904,0.0280171986669302,0.05639554187655449,-0.9979618787765503
11.223099299997557,-0.036906298249959946,2.5239031314849854,0.9178323745727539,0.01020745187997818,0.028107326477766037,0.05610786750912666,-0.9979768395423889
11.226976600009948,-0.0369100421667099,2.5237882137298584,0.9178772568702698,0.00991970207542181,0.027912192046642303,0.056211426854133606,-0.9979793429374695
11.231398800038733,-0.036919206380844116,2.523681163787842,0.9179598093032837,0.009546147659420967,0.027844691649079323,0.056209031492471695,-0.9979850053787231
11.235201200004667,-0.03695414960384369,2.5235390663146973,0.9180870056152344,0.009732109494507313,0.027939792722463608,0.055940669029951096,-0.9979957342147827
11.239401500031818,-0.03693169727921486,2.5232503414154053,0.9182284474372864,0.007506769150495529,0.027699386700987816,0.05645688623189926,-0.9979925155639648
11.243408400041517,-0.036969803273677826,2.523176908493042,0.918449342250824,0.0053338222205638885,0.027405323460698128,0.058084532618522644,-0.9979212284088135
11.247855100024026,-0.03694850951433182,2.5230233669281006,0.9185322523117065,0.005210854113101959,0.027116645127534866,0.058239106088876724,-0.9979206919670105
11.252092200040352,-0.03694992512464523,2.5228872299194336,0.9187963604927063,0.006613947916775942,0.028609592467546463,0.05600757896900177,-0.9979984760284424
11.256692500028294,-0.03695128858089447,2.522765874862671,0.9188690185546875,0.007053461391478777,0.02828899957239628,0.05613681674003601,-0.9979973435401917
11.26053160004085,-0.036887429654598236,2.5224599838256836,0.9188991189002991,0.006421144586056471,0.027611158788204193,0.05826032534241676,-0.9978988766670227
11.264520400029141,-0.03698347881436348,2.522268056869507,0.9190585613250732,0.006454620510339737,0.028136027976870537,0.05810565501451492,-0.9978930354118347
11.2685128999874,-0.03697168827056885,2.522122621536255,0.9191772937774658,0.006369531620293856,0.027116963639855385,0.058206506073474884,-0.9979159235954285
11.272785200038925,-0.03696940466761589,2.5219337940216064,0.9192733764648438,0.0066602504812181,0.026769451797008514,0.05797295644879341,-0.9979369640350342
11.27717220003251,-0.03707907348871231,2.521763324737549,0.9194005727767944,0.006356170400977135,0.02717573754489422,0.05794960632920265,-0.9979293346405029
11.281211299996357,-0.037111490964889526,2.521589517593384,0.9194894433021545,0.006261704955250025,0.027088692411780357,0.05782948061823845,-0.9979392886161804
11.28552919998765,-0.03713596612215042,2.521425724029541,0.9195863008499146,0.006077020429074764,0.02696995623409748,0.057859163731336594,-0.9979419112205505
11.289660300011747,-0.037178169935941696,2.5212759971618652,0.9196904897689819,0.0057628583163022995,0.026830030605196953,0.05790362134575844,-0.9979450106620789
11.293716199987102,-0.03723512217402458,2.5210208892822266,0.9197636246681213,0.006571460515260696,0.027004385367035866,0.0566677488386631,-0.9980062246322632
11.297839100006968,-0.0372469499707222,2.5208628177642822,0.9198585748672485,0.006435198709368706,0.026975156739354134,0.05641568824648857,-0.998022198677063
11.30195900000399,-0.03725666552782059,2.5206615924835205,0.9199550151824951,0.005958129186183214,0.02656954899430275,0.05630124360322952,-0.9980424642562866
11.305619499995373,-0.03735611215233803,2.52042555809021,0.92007976770401,0.005438180640339851,0.026717612519860268,0.056024398654699326,-0.9980570673942566
11.309347800037358,-0.0374034121632576,2.5201854705810547,0.9201240539550781,0.004205257631838322,0.02702692151069641,0.05590848624706268,-0.9980612397193909
11.313266500015743,-0.03742587938904762,2.520008087158203,0.9201904535293579,0.003860271768644452,0.02685217186808586,0.05591864511370659,-0.9980667233467102
11.316801800043322,-0.037396300584077835,2.5197792053222656,0.9202206134796143,0.00253476994112134,0.026439988985657692,0.05640885978937149,-0.9980544447898865
11.322403800033499,-0.03739844262599945,2.519611358642578,0.9202458262443542,0.002175096422433853,0.026269804686307907,0.0563942976295948,-0.9980605244636536
11.326331200019922,-0.03740984946489334,2.5194878578186035,0.9202854037284851,0.0018654196755960584,0.026083683595061302,0.05662715807557106,-0.9980529546737671
11.329901400022209,-0.03742542117834091,2.519374132156372,0.9203121662139893,0.0017556569073349237,0.026008240878582,0.05662161484360695,-0.9980553388595581
11.333981900010258,-0.037476081401109695,2.5192174911499023,0.9203572869300842,0.001554552698507905,0.025947928428649902,0.05701048672199249,-0.9980351328849792
11.337793899991084,-0.03751174360513687,2.519130229949951,0.9203883409500122,0.0013417048612609506,0.025822706520557404,0.05719507113099098,-0.9980280995368958
11.342340400035027,-0.037552498281002045,2.5190255641937256,0.920427143573761,0.001160309766419232,0.025702612474560738,0.05722419172525406,-0.9980297684669495
11.346256499993615,-0.03762718290090561,2.518866777420044,0.9204356074333191,0.000864412693772465,0.025194620713591576,0.0581442192196846,-0.9979898929595947
11.350310600013472,-0.037740569561719894,2.518767833709717,0.9204897284507751,0.0005766419926658273,0.025158826261758804,0.058389123529195786,-0.9979767203330994
11.355311700026505,-0.037816524505615234,2.518660068511963,0.9205379486083984,0.0011283417697995901,0.024874992668628693,0.057866740971803665,-0.9980137348175049
11.358823299990036,-0.037919338792562485,2.518563985824585,0.9205875396728516,0.0013664434663951397,0.024640388786792755,0.057499900460243225,-0.998040497303009
11.363177000021096,-0.03801867738366127,2.5184593200683594,0.920478343963623,0.0009647075785323977,0.023097150027751923,0.05880123749375343,-0.9980019927024841
11.366989800008014,-0.038185004144907,2.518467426300049,0.9205031394958496,0.001145806279964745,0.0232760738581419,0.05906648933887482,-0.9979820251464844
11.371104500023648,-0.038330212235450745,2.518433094024658,0.9205201268196106,0.0011289186077192426,0.02327806130051613,0.058924682438373566,-0.9979903697967529
11.375267700001132,-0.03850475698709488,2.5184073448181152,0.9205140471458435,0.0007957054767757654,0.02338816598057747,0.059068694710731506,-0.9979795813560486
11.379282800015062,-0.038700491189956665,2.518394708633423,0.9204992651939392,0.00036988232750445604,0.0237472802400589,0.05924935266375542,-0.9979606866836548
11.383530299994163,-0.038860030472278595,2.518263578414917,0.9203515648841858,0.00293995114043355,0.02378777787089348,0.05653509125113487,-0.9981129169464111
11.387647700030357,-0.039130620658397675,2.518249273300171,0.92041015625,0.0028210997115820646,0.0234199408441782,0.05602974444627762,-0.9981504082679749
11.391213199996855,-0.039130620658397675,2.518249273300171,0.92041015625,0.0028210997115820646,0.0234199408441782,0.05602974444627762,-0.9981504082679749
11.394705799990334,-0.03934936225414276,2.5182552337646484,0.9203917384147644,0.0027654950972646475,0.023807670921087265,0.05563443899154663,-0.9981635212898254
11.39961060002679,-0.039845287799835205,2.518226385116577,0.920210063457489,0.0008659013547003269,0.024860983714461327,0.05544028431177139,-0.9981521368026733
11.404244300036225,-0.04012542590498924,2.518272876739502,0.9201915264129639,0.0009091098327189684,0.025292834267020226,0.05555104836821556,-0.9981350898742676
11.408280900039244,-0.040357112884521484,2.518369436264038,0.9201712012290955,0.0018800458637997508,0.025633729994297028,0.05530615523457527,-0.9981385469436646
11.412606800033245,-0.040657490491867065,2.5184154510498047,0.9202103614807129,0.002222263952717185,0.026190724223852158,0.05520281940698624,-0.9981291890144348
11.41698570002336,-0.04100121185183525,2.518479824066162,0.9203191995620728,0.0031930028926581144,0.026633333414793015,0.05482984334230423,-0.9981353282928467
11.42096960003255,-0.041211191564798355,2.518524169921875,0.92023766040802,0.003408352844417095,0.026242336258292198,0.054762933403253555,-0.9981486797332764
11.425181800033897,-0.04143116995692253,2.518557071685791,0.9202336668968201,0.0032806380186229944,0.026242781430482864,0.05491482838988304,-0.998140811920166
11.429292600019835,-0.04168779030442238,2.5185770988464355,0.9202268123626709,0.003166262060403824,0.026508919894695282,0.05518317222595215,-0.9981192946434021
11.433493799995631,-0.041897621005773544,2.5185842514038086,0.920223593711853,0.0033141695894300938,0.026747778058052063,0.0550178587436676,-0.9981215596199036
11.43765949999215,-0.04215488210320473,2.5185904502868652,0.9202328324317932,0.0033401374239474535,0.027194052934646606,0.05510580539703369,-0.9981045722961426
11.441750099998899,-0.04237670451402664,2.518582582473755,0.9201943874359131,0.0032274285331368446,0.02726616896688938,0.055208880454301834,-0.9980972409248352
11.446151999989524,-0.04258595407009125,2.5184946060180664,0.9201145768165588,0.004473417066037655,0.027658099308609962,0.05423588305711746,-0.9981350898742676
11.450144000002183,-0.042902130633592606,2.5183920860290527,0.9201043844223022,0.003220542799681425,0.0287990253418684,0.054704420268535614,-0.9980820417404175
11.45418649999192,-0.043162327259778976,2.518342971801758,0.9200426340103149,0.00299744657240808,0.028909342363476753,0.054759979248046875,-0.9980764389038086
11.458343900041655,-0.04337884113192558,2.518339157104492,0.9199854731559753,0.0018892473308369517,0.028699100017547607,0.055464960634708405,-0.9980462789535522
11.462628700013738,-0.04358270764350891,2.5182766914367676,0.9199506640434265,0.001924040843732655,0.02884470298886299,0.0551912747323513,-0.9980573058128357
11.46691360004479,-0.04378582537174225,2.518216371536255,0.9199048280715942,0.0018229344859719276,0.028967762365937233,0.0551152341067791,-0.998058021068573
11.470837000000756,-0.04397498443722725,2.5181338787078857,0.9198634624481201,0.0014659803127869964,0.028993260115385056,0.05519277974963188,-0.9980536699295044
11.475161100039259,-0.04413413256406784,2.5181057453155518,0.9198604226112366,0.0017726141959428787,0.029023325070738792,0.055282723158597946,-0.9980472326278687
11.47928030003095,-0.04426990821957588,2.5178637504577637,0.9196068644523621,0.0029262264724820852,0.028089575469493866,0.05494912341237068,-0.9980896711349487
11.483472799998708,-0.04460261017084122,2.5177035331726074,0.9195212125778198,0.0019722471479326487,0.028998423367738724,0.05512233078479767,-0.9980564713478088
11.487600199994631,-0.04470476880669594,2.5175907611846924,0.9195098280906677,0.001226294320076704,0.028792161494493484,0.055254194885492325,-0.9980564117431641
11.491395500022918,-0.04470476880669594,2.5175907611846924,0.9195098280906677,0.001226294320076704,0.028792161494493484,0.055254194885492325,-0.9980564117431641
11.495972300006542,-0.0448794923722744,2.517375946044922,0.9194672107696533,0.0005046096630394459,0.02879447303712368,0.05552839860320091,-0.9980417490005493
11.500321500003338,-0.044970955699682236,2.5172879695892334,0.9194130897521973,0.0003235334879718721,0.029068762436509132,0.05543920397758484,-0.9980388283729553
11.504244400013704,-0.04501672461628914,2.5172410011291504,0.9192997813224792,0.0009008818306028843,0.029463566839694977,0.055458586663007736,-0.9980257749557495
11.50844980002148,-0.04503897577524185,2.51701021194458,0.919249415397644,-0.00018798001110553741,0.02903670445084572,0.05682801827788353,-0.997961699962616
11.51251480000792,-0.045255374163389206,2.516889810562134,0.9193587303161621,-0.0006655452307313681,0.029145432636141777,0.0571143813431263,-0.9979419112205505
11.51662850001594,-0.04529321938753128,2.5167770385742188,0.9193409085273743,-0.0009092120453715324,0.02909373864531517,0.057055454701185226,-0.9979466795921326
11.521940400009044,-0.04531744495034218,2.5166404247283936,0.919325053691864,-0.0010120444931089878,0.02912643551826477,0.05688878521323204,-0.9979550838470459
11.525846900010947,-0.04530968517065048,2.5164084434509277,0.9192099571228027,-0.0006075773853808641,0.028708210214972496,0.05677126348018646,-0.9979742169380188
11.529567199992016,-0.04533189907670021,2.516296863555908,0.9192172288894653,-0.0006149496184661984,0.028863010928034782,0.05682479962706566,-0.9979667663574219
11.533573199994862,-0.045337751507759094,2.516085147857666,0.9191911816596985,-6.315582140814513e-05,0.028992192819714546,0.05588757246732712,-0.9980161190032959
11.537736700032838,-0.04538733512163162,2.5159714221954346,0.9191895723342896,-0.00020428659627214074,0.02892703376710415,0.05590031296014786,-0.9980171918869019
11.542172899993602,-0.04546450451016426,2.515838861465454,0.9192008376121521,-0.00010642732377164066,0.028979817405343056,0.055620525032281876,-0.9980313181877136
11.546099500032142,-0.045468706637620926,2.5157289505004883,0.9191882014274597,-0.00014143710723146796,0.028974907472729683,0.05555223673582077,-0.9980352520942688
11.55047720001312,-0.04550330340862274,2.515619993209839,0.9191684126853943,-0.00013465424126479775,0.02898612804710865,0.05546170473098755,-0.9980400204658508
11.554949300014414,-0.04555084928870201,2.5154452323913574,0.9190650582313538,-0.0009817498503252864,0.028655968606472015,0.05531524866819382,-0.9980571866035461
11.558620800031349,-0.04552436247467995,2.515336513519287,0.9190564155578613,-0.0007305815233848989,0.028320936486124992,0.054779984056949615,-0.9980965256690979
11.562836299999617,-0.04554329439997673,2.515181541442871,0.9190287590026855,-0.001037580892443657,0.028440700843930244,0.0549110472202301,-0.998085618019104
11.56718200002797,-0.045553747564554214,2.5150444507598877,0.9190393686294556,-0.0010721390135586262,0.028370363637804985,0.0545368492603302,-0.9981081485748291
11.571782400016673,-0.04554968327283859,2.5148940086364746,0.9190429449081421,-0.0012632382567971945,0.02839999459683895,0.054450809955596924,-0.9981117248535156
11.57521750003798,-0.04562695324420929,2.5147511959075928,0.919132649898529,-0.001423438428901136,0.028941648080945015,0.05447431653738022,-0.9980946183204651
11.579288000008091,-0.04563101381063461,2.5146236419677734,0.9191323518753052,-0.0015625514788553119,0.02898321859538555,0.054469093680381775,-0.9980935454368591
11.583677700022236,-0.04557231441140175,2.5144171714782715,0.9190695285797119,-0.0008753596339374781,0.028780654072761536,0.05313761159777641,-0.9981719851493835
11.587673900008667,-0.04557923227548599,2.514322280883789,0.9190934300422668,-0.0013000530889257789,0.028664059937000275,0.053254108875989914,-0.9981687068939209
11.592534600000363,-0.045604780316352844,2.5142345428466797,0.919137716293335,-0.001544601866044104,0.028651485219597816,0.053251128643751144,-0.9981688261032104
11.595873499987647,-0.045604780316352844,2.5142345428466797,0.919137716293335,-0.001544601866044104,0.028651485219597816,0.053251128643751144,-0.9981688261032104
11.60034290002659,-0.04558059573173523,2.5140743255615234,0.9191660284996033,-0.002147013321518898,0.028502490371465683,0.053870782256126404,-0.9981387853622437
11.604518300038762,-0.04556132107973099,2.5140044689178467,0.9191800951957703,-0.0023613644298166037,0.028358636423945427,0.05392870306968689,-0.9981392621994019
11.608483500021975,-0.04554799571633339,2.5139269828796387,0.9191896319389343,-0.0027031765785068274,0.028362466022372246,0.05401752516627312,-0.9981334805488586
11.612067100009881,-0.04554799571633339,2.5139269828796387,0.9191896319389343,-0.0027031765785068274,0.028362466022372246,0.05401752516627312,-0.9981334805488586
11.619288399990182,-0.04551508277654648,2.5137648582458496,0.9192171692848206,-0.0035615868400782347,0.028465427458286285,0.053953640162944794,-0.9981313347816467
11.622789899993222,-0.04549441486597061,2.5136804580688477,0.9192084670066833,-0.003726822091266513,0.028439980000257492,0.05385390296578407,-0.9981367588043213
11.626978299987968,-0.045486532151699066,2.5136313438415527,0.9192231893539429,-0.0037626454140990973,0.0284867063164711,0.05386551469564438,-0.9981347322463989
11.630718100001104,-0.04547857493162155,2.513582229614258,0.91920405626297,-0.003751809010282159,0.028632694855332375,0.05373391881585121,-0.9981377124786377
11.634339600044768,-0.04545038938522339,2.5135397911071777,0.9191882610321045,-0.003880518488585949,0.028709962964057922,0.05384431034326553,-0.9981290698051453
11.639842700038571,-0.0454343780875206,2.5135185718536377,0.9191782474517822,-0.003879438852891326,0.028692102059721947,0.05395584926009178,-0.9981234669685364
11.643718600040302,-0.045395128428936005,2.5135152339935303,0.9191648364067078,-0.003930959384888411,0.028629645705223083,0.05415300652384758,-0.9981144666671753
11.648316700011492,-0.045363083481788635,2.513514518737793,0.9191652536392212,-0.003809221787378192,0.028599536046385765,0.05414649099111557,-0.998116135597229
11.65197150001768,-0.04534987360239029,2.5135304927825928,0.9191651940345764,-0.003719560569152236,0.028619961813092232,0.05424157902598381,-0.9981106519699097
11.655497700034175,-0.04530848562717438,2.5135486125946045,0.9192200303077698,-0.0038459128700196743,0.02905985713005066,0.05424297973513603,-0.9980974793434143
11.659498199995141,-0.04526923596858978,2.513575792312622,0.9192281365394592,-0.0035772218834608793,0.029243743047118187,0.05411549285054207,-0.9980999827384949
11.663302100030705,-0.045263227075338364,2.51360821723938,0.9192610383033752,-0.0036383073311299086,0.02915075793862343,0.05431346967816353,-0.9980917572975159
11.66732360003516,-0.045229192823171616,2.513634443283081,0.9192776679992676,-0.0038101051468402147,0.02899100072681904,0.05453118309378624,-0.9980838298797607
11.670951100008097,-0.04518090561032295,2.5136559009552,0.9193025231361389,-0.0036624756176024675,0.029137348756194115,0.05438852310180664,-0.9980879426002502
11.675534400041215,-0.04512164741754532,2.5136961936950684,0.9193198084831238,-0.0035474561154842377,0.029095591977238655,0.054303400218486786,-0.9980942606925964
11.679574200010393,-0.04504912719130516,2.51371431350708,0.9193330407142639,-0.0036368912551552057,0.0289472583681345,0.05442407727241516,-0.9980916380882263
11.683882699988317,-0.04494387283921242,2.5137598514556885,0.9193478226661682,-0.003403221722692251,0.028951313346624374,0.054234787821769714,-0.998102605342865
11.68802380003035,-0.04486066848039627,2.513793706893921,0.9193437695503235,-0.0035966183058917522,0.028840549290180206,0.05446358770132065,-0.9980927109718323
11.692603500036057,-0.04476445913314819,2.5138156414031982,0.9193599820137024,-0.0035723496694117785,0.02881142683327198,0.054410748183727264,-0.9980965256690979
11.696326300036162,-0.04476445913314819,2.5138156414031982,0.9193599820137024,-0.0035723496694117785,0.02881142683327198,0.054410748183727264,-0.9980965256690979
11.700805200031027,-0.04455236345529556,2.5138816833496094,0.9194261431694031,-0.0034690704196691513,0.028790224343538284,0.05472328141331673,-0.9980803728103638
11.70479330001399,-0.04446333646774292,2.5139050483703613,0.9194332957267761,-0.003542258869856596,0.028666233643889427,0.05504458770155907,-0.9980660080909729
11.708772599988151,-0.044363368302583694,2.513950824737549,0.9194985628128052,-0.003477151971310377,0.028625858947634697,0.055075958371162415,-0.9980657696723938
11.713620399998035,-0.044189319014549255,2.5140278339385986,0.9195602536201477,-0.0039933170191943645,0.02863907441496849,0.055560819804668427,-0.9980365633964539
11.71730070002377,-0.044084034860134125,2.514145612716675,0.9196875095367432,-0.005028358194977045,0.02843676134943962,0.0564739890396595,-0.9979864358901978
11.721445800038055,-0.04396512731909752,2.514216899871826,0.9197348952293396,-0.005092221777886152,0.028039714321494102,0.05661803111433983,-0.9979891777038574
11.72551449999446,-0.04367934167385101,2.514479875564575,0.9201058149337769,-0.007238124031573534,0.027785398066043854,0.057459719479084015,-0.9979348182678223
11.72956410003826,-0.04357082024216652,2.5145740509033203,0.9201247096061707,-0.0075638736598193645,0.028115419670939445,0.05779077112674713,-0.9979040622711182
11.733493200037628,-0.04345761239528656,2.514714479446411,0.9202754497528076,-0.006193512585014105,0.027800865471363068,0.0578266903758049,-0.9979203343391418
11.738066199992318,-0.043299876153469086,2.5147926807403564,0.9202935099601746,-0.006044839974492788,0.02772454544901848,0.05815177410840988,-0.9979044198989868
11.74250980000943,-0.0432441383600235,2.5149002075195312,0.9203342199325562,-0.005750213284045458,0.02824970707297325,0.05783386155962944,-0.9979099631309509
11.746082200028468,-0.043060895055532455,2.5149762630462646,0.9203314185142517,-0.005564157851040363,0.028246160596609116,0.058093566447496414,-0.9978959560394287
11.750261700013652,-0.04291947931051254,2.515075922012329,0.9203367829322815,-0.005372409243136644,0.028188833966851234,0.058168381452560425,-0.9978943467140198
11.754305400012527,-0.042695965617895126,2.515255928039551,0.9203361868858337,-0.003852889873087406,0.028542425483465195,0.058331333100795746,-0.9978817701339722
11.759235400008038,-0.04252123087644577,2.515392303466797,0.9203071594238281,-0.003451233496889472,0.028323328122496605,0.05811905115842819,-0.9979017972946167
11.764773600036278,-0.04226662963628769,2.5155365467071533,0.9203417897224426,-0.004176673013716936,0.027492966502904892,0.05874769017100334,-0.997885525226593
11.768741700041573,-0.042131200432777405,2.5156280994415283,0.9203373193740845,-0.0047059934586286545,0.02759643830358982,0.058866336941719055,-0.9978733062744141
11.773772699991241,-0.042006466537714005,2.515746831893921,0.9203894734382629,-0.0045057437382638454,0.02788507752120495,0.05875592306256294,-0.9978727102279663
11.779155700001866,-0.04174092039465904,2.5161335468292236,0.9204879999160767,-0.003855462884530425,0.028162246569991112,0.05788585916161537,-0.9979185461997986
11.783424000022933,-0.04160295054316521,2.516268253326416,0.9205471873283386,-0.004093727096915245,0.02830362319946289,0.05844446271657944,-0.9978809952735901
11.787701699999161,-0.04150480404496193,2.5163888931274414,0.9205901026725769,-0.004033967386931181,0.02813216857612133,0.05853264778852463,-0.9978808760643005
11.792082800006028,-0.04139815643429756,2.5165467262268066,0.9206081032752991,-0.004034386482089758,0.02775782160460949,0.05852698162198067,-0.9978917241096497
11.7959899000125,-0.041235052049160004,2.5166773796081543,0.9205828905105591,-0.0035800973419100046,0.027330433949828148,0.058065492659807205,-0.9979321956634521
11.80043730000034,-0.04106760770082474,2.516805648803711,0.9206072092056274,-0.0034712099004536867,0.02746816724538803,0.0580236092209816,-0.9979312419891357
11.804977299994789,-0.04086680710315704,2.516963005065918,0.9205731749534607,-0.003666144795715809,0.027307763695716858,0.05828804150223732,-0.997919499874115
11.808589400025085,-0.04068804904818535,2.5170650482177734,0.9205688238143921,-0.003919541370123625,0.027252521365880966,0.05861889198422432,-0.9979007244110107
11.8129163000267,-0.04051981121301651,2.517181634902954,0.9205576181411743,-0.003740590298548341,0.027176691219210625,0.05859435722231865,-0.997904896736145
11.816810099990107,-0.040359221398830414,2.5173799991607666,0.9205492734909058,-0.003373514860868454,0.027206266298890114,0.05734865739941597,-0.9979777932167053
11.821305699995719,-0.040176767855882645,2.5175130367279053,0.9205442667007446,-0.002858454128727317,0.027209177613258362,0.0573604553937912,-0.9979786276817322
11.825270500034094,-0.039962880313396454,2.5177056789398193,0.9205126762390137,-0.0033795617055147886,0.026777103543281555,0.05843324586749077,-0.9979264736175537
11.829485099995509,-0.03978733718395233,2.5178637504577637,0.9206368327140808,-0.002153011504560709,0.026249542832374573,0.05884528532624245,-0.9979196190834045
11.833844700013287,-0.039634477347135544,2.517982006072998,0.9206957221031189,-0.0019383508479222655,0.026087507605552673,0.05868196859955788,-0.9979339838027954
11.837690900021698,-0.03936849534511566,2.5183334350585938,0.9208941459655762,-0.0031450712122023106,0.024405216798186302,0.06045597791671753,-0.9978675842285156
11.841924900014419,-0.03918825089931488,2.5184834003448486,0.9212226867675781,-0.002247662516310811,0.02509600669145584,0.05887040123343468,-0.9979475736618042
11.845942499989178,-0.039036065340042114,2.5185999870300293,0.9213172793388367,-0.0020747121889144182,0.025268571451306343,0.05888861417770386,-0.9979426264762878
11.850100700045004,-0.03892949968576431,2.518709897994995,0.921424925327301,-0.0019078637706115842,0.025376291945576668,0.058940064162015915,-0.9979372024536133
11.854526400042232,-0.038827575743198395,2.5188047885894775,0.9215596914291382,-0.0018209681147709489,0.025523336604237556,0.058646172285079956,-0.9979508519172668
11.858812700025737,-0.03866653889417648,2.518937826156616,0.921610951423645,-0.002674827817827463,0.025512779131531715,0.05943179875612259,-0.9979027509689331
11.863420900015626,-0.038526929914951324,2.519021511077881,0.9217103123664856,-0.0022600507363677025,0.02582053653895855,0.05963997170329094,-0.9978833794593811
11.867094399989583,-0.03826957195997238,2.519106864929199,0.9216993451118469,-0.0020381794311106205,0.025477705523371696,0.05938117206096649,-0.9979081153869629
11.871035300020594,-0.0381384938955307,2.5192127227783203,0.921721875667572,-0.0016012657433748245,0.02588859759271145,0.05931125581264496,-0.997902512550354
11.875584000023082,-0.03798506036400795,2.519362688064575,0.9218493103981018,-0.001179331331513822,0.0268165972083807,0.05796791985630989,-0.9979575872421265
11.879380300000776,-0.037811506539583206,2.519453525543213,0.9218868613243103,-0.0011427449062466621,0.026992950588464737,0.05785742774605751,-0.9979592561721802
11.884273300005589,-0.03765721619129181,2.5195441246032715,0.92190021276474,-0.0010612341575324535,0.026948560029268265,0.058003880083560944,-0.9979520440101624
11.887838300026488,-0.03750883787870407,2.519632577896118,0.9219186305999756,-0.00101487769279629,0.026923663914203644,0.05818084254860878,-0.9979425072669983
11.891906300035771,-0.0372924767434597,2.5197527408599854,0.9219189286231995,-0.0010610076133161783,0.026803165674209595,0.058438222855329514,-0.997930645942688
11.896423700032756,-0.03713280335068703,2.519824504852295,0.9219235777854919,-0.0017044987762346864,0.02661503106355667,0.058809082955121994,-0.9979129433631897
11.900564800016582,-0.037048883736133575,2.5199320316314697,0.9219804406166077,-0.0016662636771798134,0.02662874571979046,0.058881182223558426,-0.9979084730148315
11.905287600005977,-0.03694980591535568,2.520050048828125,0.9220404624938965,-0.0016417233273386955,0.026577172800898552,0.059064678847789764,-0.9978989362716675
11.908976900042035,-0.03682403638958931,2.5201416015625,0.9221095442771912,-0.0016533591551706195,0.026653820648789406,0.0593382865190506,-0.9978806972503662
11.913056900026277,-0.03673452138900757,2.5202627182006836,0.9221556782722473,-0.0015660360222682357,0.02652578428387642,0.05914038419723511,-0.9978959560394287
11.918824399996083,-0.03649976849555969,2.520432233810425,0.9222783446311951,-0.00019859014719258994,0.025364521890878677,0.05896337330341339,-0.9979379177093506
11.923142799991183,-0.03639181703329086,2.520521402359009,0.9223284721374512,-0.00023792475985828787,0.025208253413438797,0.05919301137328148,-0.997928261756897
11.926998100010678,-0.03629055991768837,2.52060604095459,0.9223678112030029,-0.00024179527827072889,0.025078995153307915,0.05949511379003525,-0.9979135394096375
11.930830100027379,-0.036109767854213715,2.5206854343414307,0.922394871711731,-0.0003610619460232556,0.025044823065400124,0.05963040515780449,-0.9979062080383301
11.934829300036654,-0.03594771772623062,2.520803213119507,0.9223558902740479,-7.235697557916865e-05,0.024493152275681496,0.05918363854289055,-0.997946560382843
11.938706899993122,-0.03584670275449753,2.5209851264953613,0.9225320816040039,-0.002076841192319989,0.024172689765691757,0.06091807782649994,-0.997847855091095
11.942435600038152,-0.03572534769773483,2.5210626125335693,0.9225606918334961,-0.0018943175673484802,0.02407878264784813,0.060894470661878586,-0.9978519678115845
11.946187500027008,-0.035514894872903824,2.521237373352051,0.9225907921791077,-0.0032176265958696604,0.023330416530370712,0.062143731862306595,-0.9977893233299255
11.95035130000906,-0.0354500338435173,2.5213656425476074,0.9227413535118103,-0.002004278590902686,0.02359001338481903,0.06207737326622009,-0.9977905750274658
11.954375700035598,-0.03534511476755142,2.5214478969573975,0.9227797389030457,-0.0018683028174564242,0.023538272827863693,0.06213703751564026,-0.9977883100509644
11.958600800018758,-0.03519957512617111,2.521545886993408,0.9228320121765137,-0.0018172699492424726,0.02354951947927475,0.06226794794201851,-0.9977800250053406
11.962647700041998,-0.03505432605743408,2.521738290786743,0.9229665398597717,-0.001992860808968544,0.024410491809248924,0.061707329005002975,-0.9977937936782837
11.967953499988653,-0.03495302423834801,2.5218358039855957,0.9230352640151978,-0.0020374893210828304,0.024356599897146225,0.06175827234983444,-0.9977918863296509
11.971424999996088,-0.03483404964208603,2.5219099521636963,0.9230754375457764,-0.0020558275282382965,0.02436637133359909,0.061906348913908005,-0.9977824091911316
11.977268500020728,-0.03473042696714401,2.5219719409942627,0.923139750957489,-0.002097195480018854,0.024256788194179535,0.06195134297013283,-0.9977821707725525
11.981291400035843,-0.03461701050400734,2.522063732147217,0.9232059717178345,-0.0016355197876691818,0.024279730394482613,0.062043532729148865,-0.9977768063545227
11.987334800011013,-0.03433627635240555,2.5221288204193115,0.9233118891716003,-0.0017398338532075286,0.02417379431426525,0.06244741752743721,-0.997753918170929
11.991681200044695,-0.03415725380182266,2.522150993347168,0.9233739972114563,-0.0019346706103533506,0.024320095777511597,0.06262317299842834,-0.9977390766143799
11.995977899990976,-0.03396487981081009,2.522233009338379,0.9234058856964111,-0.0026711814571172,0.024099649861454964,0.06331691145896912,-0.9976988434791565
12.000474200001918,-0.03379778563976288,2.5222513675689697,0.9234461188316345,-0.0024804293643683195,0.02403448522090912,0.06321927160024643,-0.9977071285247803
12.004430800036062,-0.03357947617769241,2.5222935676574707,0.9234487414360046,-0.002082424471154809,0.023286648094654083,0.06280116736888885,-0.9977522492408752
12.008731700014323,-0.033381201326847076,2.5223283767700195,0.9234811663627625,-0.0020904759876430035,0.02329838089644909,0.06309731304645538,-0.9977332353591919
12.01302230003057,-0.03318953141570091,2.5223796367645264,0.9235045313835144,-0.001968736993148923,0.023246923461556435,0.062956303358078,-0.9977436065673828
12.017182899988256,-0.032952114939689636,2.522531747817993,0.9235574007034302,-0.0005854254122823477,0.02270330861210823,0.06307835131883621,-0.9977501630783081
12.021279600041453,-0.03277987986803055,2.5226097106933594,0.9236177206039429,-0.00017633057723287493,0.022602273151278496,0.06284873187541962,-0.9977670907974243
12.025183500023559,-0.03250502049922943,2.522688627243042,0.9235935807228088,-0.00013400925672613084,0.02278287149965763,0.06303473562002182,-0.9977512955665588
12.029443500039633,-0.03226543217897415,2.5227508544921875,0.9235756993293762,5.520491686183959e-05,0.022679397836327553,0.06316106021404266,-0.99774569272995
12.033569600025658,-0.03213578462600708,2.5228941440582275,0.9236993193626404,0.00030590526876039803,0.02311394363641739,0.06222931295633316,-0.9977941513061523
12.037819700024556,-0.03195932134985924,2.522953987121582,0.9237284660339355,0.0006218638154678047,0.02298344299197197,0.06213830038905144,-0.9978026747703552
12.041992500016931,-0.031651563942432404,2.523031711578369,0.9238578677177429,0.00012122710177209228,0.022325346246361732,0.06286722421646118,-0.9977721571922302
12.045990100014023,-0.03153484687209129,2.523099422454834,0.9238969683647156,-0.0006349128088913858,0.022167131304740906,0.0637277364730835,-0.9977208971977234
12.050304000033066,-0.03133140131831169,2.5230777263641357,0.92388916015625,-0.00011801438085967675,0.02225002460181713,0.06317339837551117,-0.9977545142173767
12.054279000032693,-0.031100399792194366,2.523075819015503,0.9239017367362976,8.752207213547081e-05,0.022126417607069016,0.0631798729300499,-0.9977568984031677
12.058535900025163,-0.030966486781835556,2.5230774879455566,0.9239826798439026,0.00011555067612789571,0.022444583475589752,0.06360377371311188,-0.9977228045463562
12.063906900002621,-0.03077898547053337,2.5230467319488525,0.9239706993103027,2.4149794626282528e-05,0.02210352197289467,0.06366824358701706,-0.9977263808250427
12.067832600034308,-0.030395694077014923,2.523074150085449,0.9238976240158081,-0.00012533586414065212,0.02111596055328846,0.06389175355434418,-0.997733473777771
12.07163230003789,-0.03019735962152481,2.523033857345581,0.9239196181297302,-0.0005991259822621942,0.021008819341659546,0.06400428712368011,-0.9977282881736755
12.075464599998668,-0.03000435046851635,2.5230183601379395,0.9239040017127991,-0.0007085828110575676,0.020797444507479668,0.06416227668523788,-0.9977225661277771
12.079423799994402,-0.029718294739723206,2.523047924041748,0.9238703846931458,-0.0005084098083898425,0.020078562200069427,0.0643201544880867,-0.9977272152900696
12.083727999997791,-0.029510729014873505,2.523165702819824,0.9240012168884277,-0.0003708804433699697,0.020963728427886963,0.06300967931747437,-0.997792661190033
12.088422500004526,-0.029313283041119576,2.5231378078460693,0.9239963889122009,-0.0010489922715350986,0.020673472434282303,0.06290240585803986,-0.9978050589561462
12.09214379999321,-0.02909630909562111,2.5231473445892334,0.9240307807922363,-0.001165525522083044,0.020376667380332947,0.0630544051527977,-0.9978013634681702
12.096080699993763,-0.028898807242512703,2.5231549739837646,0.9240381121635437,-0.0012038254644721746,0.020189864560961723,0.06310395896434784,-0.9978020787239075
12.100200999993831,-0.028733227401971817,2.5231399536132812,0.9240068197250366,-0.00125299917999655,0.02029137872159481,0.06342482566833496,-0.9977795481681824
12.104603699990548,-0.028576340526342392,2.523162841796875,0.9240142107009888,-0.0006393449148163199,0.02037668228149414,0.06410405039787292,-0.9977350234985352
12.1098953000037,-0.028351452201604843,2.5232584476470947,0.9241494536399841,0.0009228773415088654,0.020192734897136688,0.06413153558969498,-0.9977366924285889
12.113603200006764,-0.028115948662161827,2.523240327835083,0.9241551160812378,0.0009262894163839519,0.020341835916042328,0.06405660510063171,-0.9977384805679321
12.117128200014122,-0.0278931874781847,2.523261070251465,0.92417973279953,-1.3909399967815261e-05,0.020210694521665573,0.06502766162157059,-0.997678816318512
12.121095000009518,-0.027660362422466278,2.523252487182617,0.9241697788238525,0.00020771764684468508,0.020149746909737587,0.06510112434625626,-0.9976752400398254
12.125158800045028,-0.027412792667746544,2.523212432861328,0.9241153597831726,0.00026746615185402334,0.020022595301270485,0.06500812619924545,-0.9976838827133179
12.129212900006678,-0.027219068259000778,2.523167848587036,0.9240881204605103,0.0002457041700836271,0.01983889937400818,0.06515423208475113,-0.9976779818534851
12.132762000022922,-0.027219068259000778,2.523167848587036,0.9240881204605103,0.0002457041700836271,0.01983889937400818,0.06515423208475113,-0.9976779818534851
12.136319899989758,-0.02686334028840065,2.523153066635132,0.924068033695221,-6.883342962282768e-07,0.01938638649880886,0.06533513963222504,-0.9976751208305359
12.141532200039364,-0.026298483833670616,2.5230343341827393,0.9238989353179932,0.00033000257099047303,0.01906006410717964,0.06494216620922089,-0.9977070093154907
12.146182800002862,-0.026067636907100677,2.5230109691619873,0.9238557815551758,0.0006709135486744344,0.01892933063209057,0.0646895244717598,-0.9977256655693054
12.149685200012755,-0.026067636907100677,2.5230109691619873,0.9238557815551758,0.0006709135486744344,0.01892933063209057,0.0646895244717598,-0.9977256655693054
12.153300800011493,-0.025861481204628944,2.5229995250701904,0.9238488674163818,0.000726257567293942,0.018884066492319107,0.0646284744143486,-0.9977304339408875
12.156749000016134,-0.02569613978266716,2.5229837894439697,0.923819899559021,0.0008367192931473255,0.01884428597986698,0.06457798182964325,-0.9977344274520874
12.160528600041289,-0.025520047172904015,2.522969961166382,0.923760712146759,0.0007429315592162311,0.018482264131307602,0.0648045763373375,-0.9977266192436218
12.164525600033812,-0.025298884138464928,2.5229692459106445,0.9237249493598938,0.0017654304392635822,0.018490470945835114,0.0642312616109848,-0.9977622032165527
12.169489499996416,-0.025135507807135582,2.5229287147521973,0.9237030148506165,0.002747936872765422,0.018615715205669403,0.06340380012989044,-0.9978105425834656
12.173359100008383,-0.025135507807135582,2.5229287147521973,0.9237030148506165,0.002747936872765422,0.018615715205669403,0.06340380012989044,-0.9978105425834656
12.180030599993188,-0.024594929069280624,2.5229732990264893,0.9236263632774353,-0.0005365271354094148,0.017597762867808342,0.06589589267969131,-0.9976711869239807
12.18494040000951,-0.02447904273867607,2.5229544639587402,0.9235436916351318,-0.0006093091215007007,0.017709078267216682,0.0659199133515358,-0.9976676106452942
12.188790299987886,-0.02428985759615898,2.522928476333618,0.9234817624092102,-0.00025402801111340523,0.01725689508020878,0.06566246598958969,-0.9976927042007446
12.192688000039198,-0.02428985759615898,2.522928476333618,0.9234817624092102,-0.00025402801111340523,0.01725689508020878,0.06566246598958969,-0.9976927042007446
12.197731700027362,-0.024164214730262756,2.5229110717773438,0.9233373403549194,-0.0006874593091197312,0.017592653632164,0.06605802476406097,-0.9976605176925659
12.20234379998874,-0.023907434195280075,2.5228631496429443,0.9231988191604614,-0.0014962805435061455,0.017426811158657074,0.06607118993997574,-0.9976615905761719
12.206190800003242,-0.02382706291973591,2.522874116897583,0.9231550693511963,-0.0018233886221423745,0.017794780433177948,0.066460520029068,-0.9976287484169006
12.21046450000722,-0.023739546537399292,2.522887706756592,0.923123300075531,-0.001830801833420992,0.01795865222811699,0.06646468490362167,-0.9976255297660828
12.215344600030221,-0.02367747575044632,2.522907257080078,0.923048198223114,-0.0018800476100295782,0.017905615270137787,0.06655531376600266,-0.9976202845573425
12.219652600004338,-0.023596977815032005,2.522951602935791,0.9230241775512695,-0.0018795838113874197,0.018141744658350945,0.0664784386754036,-0.9976212382316589
12.224809700041078,-0.023416053503751755,2.5230228900909424,0.9229192733764648,-0.002304357709363103,0.017509154975414276,0.06674006581306458,-0.9976141452789307
12.22930330003146,-0.023446429520845413,2.5230424404144287,0.9228729009628296,-0.002354405587539077,0.01821809820830822,0.06686767935752869,-0.9975927472114563
12.233869699994102,-0.02328621968626976,2.5230941772460938,0.9227536916732788,-0.0017736294539645314,0.017555631697177887,0.06681106239557266,-0.9976096153259277
12.23788999998942,-0.0232399795204401,2.523085832595825,0.9227078557014465,-0.001685081864707172,0.01780630648136139,0.06662765145301819,-0.9976176619529724
12.241923500027042,-0.023191023617982864,2.5230016708374023,0.9225010275840759,0.00021735737391281873,0.01807473972439766,0.06492579728364944,-0.9977264404296875
12.246122100041248,-0.02311471849679947,2.5230560302734375,0.9225692749023438,-0.0015806014416739345,0.017854968085885048,0.06633850187063217,-0.9976361393928528
12.25034259998938,-0.023042898625135422,2.5230443477630615,0.9224883317947388,-0.0016944354865700006,0.017812984064221382,0.06635861843824387,-0.9976353645324707
12.254247800039593,-0.022995613515377045,2.5230672359466553,0.9224274754524231,-0.0022865845821797848,0.01804075762629509,0.06671685725450516,-0.9976062774658203
12.257709100027569,-0.022995613515377045,2.5230672359466553,0.9224274754524231,-0.0022865845821797848,0.01804075762629509,0.06671685725450516,-0.9976062774658203
12.262669300020207,-0.022755786776542664,2.5230116844177246,0.922196090221405,-0.002419508993625641,0.01775253936648369,0.06616311520338058,-0.9976479411125183
12.266994300007354,-0.022778330370783806,2.5230157375335693,0.922165036201477,-0.0026688005309551954,0.017790531739592552,0.06643634289503098,-0.9976285099983215
12.272879199997988,-0.022777432575821877,2.52303409576416,0.9221525192260742,-0.0026203016750514507,0.017873158678412437,0.06638382375240326,-0.9976307153701782
12.276615899987519,-0.022762181237339973,2.5230724811553955,0.9221436977386475,-0.0028594431933015585,0.01776200346648693,0.06675068289041519,-0.9976074695587158
12.280428200028837,-0.022772489115595818,2.523099660873413,0.9221669435501099,-0.00310066738165915,0.01813942939043045,0.0670766681432724,-0.9975780844688416
12.2839211000246,-0.022790130227804184,2.5231242179870605,0.9221803545951843,-0.003156098769977689,0.018116042017936707,0.06735655665397644,-0.9975595474243164
12.28811720001977,-0.022797496989369392,2.523157835006714,0.9221798777580261,-0.0034537918400019407,0.0183574128895998,0.06751441955566406,-0.9975435137748718
12.292158700001892,-0.02282445877790451,2.5231544971466064,0.9222184419631958,-0.0031571430154144764,0.018292659893631935,0.06741364300251007,-0.9975524544715881
12.296255099994596,-0.0228925421833992,2.523193120956421,0.922294557094574,-0.0025479241739958525,0.01849324069917202,0.06760212033987045,-0.9975377321243286
12.300406399997883,-0.022896450012922287,2.523185968399048,0.9223451614379883,-0.002579800086095929,0.018615297973155975,0.06761778891086578,-0.9975342750549316
12.305022799992003,-0.0229274183511734,2.523179531097412,0.9224180579185486,-0.003298731055110693,0.018418144434690475,0.06819240003824234,-0.9974967837333679
12.308729100041091,-0.022918839007616043,2.523176670074463,0.9224525690078735,-0.0033418061211705208,0.018435923382639885,0.06833451986312866,-0.9974865913391113
12.31330280000111,-0.022762423381209373,2.523078441619873,0.9223448634147644,-0.0036587100476026535,0.018351120874285698,0.06792665272951126,-0.9975148439407349
12.317214400041848,-0.022653743624687195,2.523076295852661,0.9223516583442688,-0.003765258239582181,0.018285192549228668,0.0680692195892334,-0.9975059628486633
12.322775600012392,-0.022629788145422935,2.5230822563171387,0.9223763346672058,-0.003936483059078455,0.0182229895144701,0.06818724423646927,-0.9974983334541321
12.327038999996148,-0.022604215890169144,2.5230929851531982,0.9224193096160889,-0.004190933890640736,0.018195023760199547,0.0683559700846672,-0.9974862337112427
12.331117900030222,-0.02269458957016468,2.523160696029663,0.922589898109436,-0.0033842658158391714,0.018992777913808823,0.06847577542066574,-0.9974662065505981
12.335473700019065,-0.022718219086527824,2.5232174396514893,0.9226223230361938,-0.003960419911891222,0.018481019884347916,0.06918228417634964,-0.9974249601364136
12.339995699992869,-0.02275015413761139,2.523259401321411,0.9226917028427124,-0.0039430707693099976,0.018480971455574036,0.06929586827754974,-0.9974172115325928
12.343691600020975,-0.022779054939746857,2.5233027935028076,0.9227619171142578,-0.004091824870556593,0.01869703270494938,0.0695023462176323,-0.9973981380462646
12.34791170002427,-0.02279791049659252,2.5233373641967773,0.9228391647338867,-0.0036375606432557106,0.018453339114785194,0.0693589523434639,-0.9974144697189331
12.352030300011393,-0.022840365767478943,2.5233919620513916,0.9229052662849426,-0.003708007512614131,0.01850082352757454,0.0696307122707367,-0.9973944425582886
12.356384499988053,-0.022868897765874863,2.523437261581421,0.92295241355896,-0.0034187373239547014,0.018616963177919388,0.06947802007198334,-0.9974039196968079
12.3607878999901,-0.022893810644745827,2.523486375808716,0.9229679107666016,-0.0035420700442045927,0.018668046221137047,0.06971187144517899,-0.9973861575126648
12.36712060001446,-0.022944089025259018,2.523644208908081,0.9230419397354126,-0.004129594191908836,0.019018545746803284,0.07047993689775467,-0.9973233342170715
12.37103640002897,-0.022925853729248047,2.5236706733703613,0.9230544567108154,-0.0032873875461518764,0.01886584796011448,0.06981413066387177,-0.9973762035369873
12.375414000009187,-0.022955674678087234,2.5237765312194824,0.9230712056159973,-0.004001246299594641,0.019125694409012794,0.070269875228405,-0.9973366856575012
12.379307900031563,-0.022966641932725906,2.5238568782806396,0.9230887293815613,-0.004031146876513958,0.019157063215970993,0.07026159763336182,-0.9973365664482117
12.383523500000592,-0.022966397926211357,2.523895740509033,0.9230872988700867,-0.0033042230643332005,0.018866823986172676,0.06969105452299118,-0.9973847270011902
12.387816300033592,-0.023058529943227768,2.524000644683838,0.9231550693511963,-0.0035974043421447277,0.018972523510456085,0.0700884610414505,-0.9973539113998413
12.391850000014529,-0.023134930059313774,2.5241453647613525,0.9232326745986938,-0.003074880223721266,0.019230162724852562,0.0703321322798729,-0.9973335266113281
12.396784000040498,-0.023191820830106735,2.524334669113159,0.9233148097991943,-0.0027749876026064157,0.019401563331484795,0.06888323277235031,-0.9974322319030762
12.400624400004745,-0.023266222327947617,2.5244462490081787,0.9233716726303101,-0.002721173921599984,0.019394494593143463,0.06873609125614166,-0.9974426031112671
12.404548900027294,-0.023304983973503113,2.5246479511260986,0.9234471917152405,-0.0031415594276040792,0.019721416756510735,0.06851927936077118,-0.9974499344825745
12.408636500011198,-0.023334607481956482,2.524777412414551,0.9235433340072632,-0.0037206343840807676,0.019554419443011284,0.06913495063781738,-0.9974086880683899
12.41292140004225,-0.023525141179561615,2.524869441986084,0.923629641532898,-0.003727742936462164,0.02005603164434433,0.06920097023248672,-0.9973942041397095
12.417196299997158,-0.023471465334296227,2.5249648094177246,0.923673689365387,-0.003678666427731514,0.01944824494421482,0.06919242441654205,-0.9974070191383362
12.421039500040933,-0.023564064875245094,2.5250463485717773,0.923748791217804,-0.003710851538926363,0.020092960447072983,0.06923738121986389,-0.9973909258842468
12.425428599992301,-0.02348819188773632,2.52510404586792,0.9237765669822693,-0.0036052484065294266,0.019493069499731064,0.06937766820192337,-0.9973934888839722
12.429630500031635,-0.02349911816418171,2.5251636505126953,0.9238000512123108,-0.0036956616677343845,0.019489925354719162,0.06945792585611343,-0.997387707233429
12.434079600032419,-0.02342454344034195,2.5252292156219482,0.9238429665565491,-0.003428533673286438,0.019814863801002502,0.06924102455377579,-0.9973973035812378
12.438293699990027,-0.02341284789144993,2.525341510772705,0.9239262342453003,-0.0025429371744394302,0.019832700490951538,0.06903884559869766,-0.9974135756492615
12.44182120001642,-0.02342524379491806,2.5253913402557373,0.9239762425422668,-0.002585729816928506,0.019823666661977768,0.06892129778862,-0.9974217414855957
12.450631899992004,-0.023425789549946785,2.525538921356201,0.9241873025894165,-0.003937712404876947,0.019668517634272575,0.07000772655010223,-0.9973447918891907
12.454381700023077,-0.023469451814889908,2.5255320072174072,0.9242570996284485,-0.002712951973080635,0.02004554308950901,0.06902192533016205,-0.997409999370575
12.458874700008892,-0.02346622757613659,2.5256268978118896,0.9243608117103577,-0.003912715241312981,0.019711380824446678,0.07000573724508286,-0.9973441362380981
12.462595299992245,-0.023451147601008415,2.52578067779541,0.9245507121086121,-0.00357414991594851,0.020556140691041946,0.0684979110956192,-0.9974331259727478
12.4668595000403,-0.023484330624341965,2.5258500576019287,0.9246496558189392,-0.003582816105335951,0.020672086626291275,0.06830310821533203,-0.9974440336227417
12.471011699992232,-0.023490523919463158,2.5259010791778564,0.9247360825538635,-0.0037754313088953495,0.020644310861825943,0.06839758157730103,-0.9974373579025269
12.47523129999172,-0.02349943295121193,2.5259664058685303,0.9248382449150085,-0.003952887840569019,0.020596418529748917,0.06834220886230469,-0.9974415302276611
12.47946410003351,-0.02349095791578293,2.526026964187622,0.9249142408370972,-0.0038552989717572927,0.020557783544063568,0.0683172270655632,-0.9974443912506104
12.483393900038209,-0.023459142073988914,2.5261523723602295,0.9250784516334534,-0.0022754359524697065,0.02002890594303608,0.06808885931968689,-0.9974756836891174
12.487680800026283,-0.02344616875052452,2.526203155517578,0.9251397848129272,-0.0021039899438619614,0.020000578835606575,0.06795649975538254,-0.9974856376647949
12.491964100045152,-0.023404845967888832,2.5262420177459717,0.9252608418464661,-0.001997933257371187,0.020376237109303474,0.06792914122343063,-0.9974800944328308
12.495975500030909,-0.02340024523437023,2.5262677669525146,0.9253254532814026,-0.0019538216292858124,0.02038170024752617,0.06781168282032013,-0.9974880218505859
12.500417200033553,-0.023384612053632736,2.5263171195983887,0.9254174828529358,-0.0017918468220159411,0.020488861948251724,0.06756692379713058,-0.9975027441978455
12.50446850003209,-0.023364337161183357,2.526360034942627,0.9255011081695557,-0.00170877855271101,0.02039082534611225,0.06748849153518677,-0.9975101947784424
12.508813799999189,-0.023393826559185982,2.526362657546997,0.9256490468978882,-0.0011491418117657304,0.020276173949241638,0.06706711649894714,-0.9975417852401733
12.513229200034402,-0.023448262363672256,2.5264124870300293,0.9257584810256958,-0.0010457191383466125,0.02033989503979683,0.0667966976761818,-0.9975587129592896
12.51694200001657,-0.02346501126885414,2.5264410972595215,0.925881028175354,-0.0008401185623370111,0.020277170464396477,0.06671851128339767,-0.997565507888794
12.521669900044799,-0.023481495678424835,2.5264692306518555,0.9260207414627075,-0.0008055980433709919,0.020288173109292984,0.06688825786113739,-0.9975538849830627
12.525300100038294,-0.023544106632471085,2.526498794555664,0.9261616468429565,-0.0010498366318643093,0.020063050091266632,0.06705503910779953,-0.9975469708442688
12.529447400011122,-0.023608166724443436,2.5265400409698486,0.9262793660163879,-0.0010583241237327456,0.020062493160367012,0.06711030006408691,-0.9975433349609375
12.5341123000253,-0.023628804832696915,2.526592254638672,0.9264140129089355,-0.0012076861457899213,0.019973622635006905,0.06722863763570786,-0.9975368976593018
12.53968149999855,-0.02367093786597252,2.526625156402588,0.9265322089195251,-0.001234968425706029,0.019885314628481865,0.06737261265516281,-0.9975289702415466
12.544144000043161,-0.02369982749223709,2.526663303375244,0.9266341328620911,-0.0012237216578796506,0.019874129444360733,0.06737985461950302,-0.9975287318229675
12.547930000000633,-0.023757105693221092,2.526808977127075,0.9269296526908875,-0.0038562396075576544,0.0197382140904665,0.06965262442827225,-0.9973686337471008
12.551957999996375,-0.023772278800606728,2.526756525039673,0.9269614815711975,-0.002418000251054764,0.019752606749534607,0.0684528574347496,-0.9974558353424072
12.556235200027004,-0.023823216557502747,2.5267159938812256,0.9270502924919128,-0.0031264079734683037,0.02009819634258747,0.06843983381986618,-0.9974479675292969
12.560363000025973,-0.023820871487259865,2.5267868041992188,0.927176296710968,-0.0023307139053940773,0.01981496252119541,0.06848762929439545,-0.997452437877655
12.56396629998926,-0.023839596658945084,2.5268170833587646,0.9272849559783936,-0.0024222955107688904,0.019818395376205444,0.06877578049898148,-0.9974324107170105
12.567681000044104,-0.02388588897883892,2.526834487915039,0.9273937344551086,-0.002581652021035552,0.019759926944971085,0.06890790164470673,-0.9974240064620972
12.57164510001894,-0.023924995213747025,2.52687931060791,0.9275157451629639,-0.002543325535953045,0.019725153222680092,0.0690363347530365,-0.9974159002304077
12.575700899993535,-0.02396649867296219,2.5269081592559814,0.9276291728019714,-0.00260865967720747,0.019770547747612,0.06924145668745041,-0.9974006414413452
12.579418600013014,-0.024009522050619125,2.5269289016723633,0.9276955723762512,-0.0034633756149560213,0.0197405144572258,0.06958553194999695,-0.9973746538162231
12.583823100023437,-0.024055762216448784,2.527029037475586,0.9278251528739929,-0.0027667393442243338,0.019597355276346207,0.06972513347864151,-0.9973698854446411
12.587661900033709,-0.024131454527378082,2.5270488262176514,0.9278882145881653,-0.0036218392197042704,0.019645536318421364,0.0699167475104332,-0.9973528385162354
12.592527900007553,-0.024239767342805862,2.527149200439453,0.9280534982681274,-0.0031206579878926277,0.019902264699339867,0.07004248350858688,-0.9973406195640564
12.596525400003884,-0.024212442338466644,2.5272979736328125,0.9281384944915771,-0.004289851523935795,0.019301125779747963,0.07113339751958847,-0.9972708225250244
12.600344500038773,-0.024315377697348595,2.527346134185791,0.9282596707344055,-0.0022282637655735016,0.01975671388208866,0.06995003670454025,-0.9973523616790771
12.604580000042915,-0.024363018572330475,2.5273993015289307,0.9283595085144043,-0.0021744456607848406,0.01981060393154621,0.0700342133641243,-0.997345507144928
12.608520200010389,-0.024393707513809204,2.5274436473846436,0.928457498550415,-0.002008782932534814,0.019871970638632774,0.07000407576560974,-0.9973467588424683
12.613394299987704,-0.024448152631521225,2.527491569519043,0.9285580515861511,-0.0022391127422451973,0.01967410184442997,0.07009594887495041,-0.9973437190055847
12.617061500030104,-0.024412445724010468,2.527585983276367,0.9286462068557739,-0.0032997068483382463,0.019159473478794098,0.07099411636590958,-0.9972873330116272
12.621095900016371,-0.024453289806842804,2.5276031494140625,0.9287320971488953,-0.003088348777964711,0.018845392391085625,0.07090044021606445,-0.9973005652427673
12.625852300028782,-0.024472156539559364,2.527618646621704,0.9288833141326904,-0.0028781737200915813,0.018539126962423325,0.07062047719955444,-0.9973268508911133
12.629668800043873,-0.024482853710651398,2.5276408195495605,0.9289812445640564,-0.0027161804027855396,0.01846763677895069,0.07048708945512772,-0.9973379969596863
12.633703400031663,-0.024507839232683182,2.5276565551757812,0.929068922996521,-0.0024271714501082897,0.018469730392098427,0.07023026794195175,-0.9973568916320801
12.637819399998989,-0.0246418509632349,2.5275778770446777,0.929172694683075,-0.00161466165445745,0.01919015683233738,0.06919021904468536,-0.9974176287651062
12.641807300038636,-0.02467419020831585,2.5275979042053223,0.9292808771133423,-0.001482694991864264,0.01919691637158394,0.06922060251235962,-0.9974155426025391
12.646311399992555,-0.024675626307725906,2.527707815170288,0.9294810891151428,-0.001115951919928193,0.02017105557024479,0.0677173063158989,-0.9975000023841858
12.6501023999881,-0.02465057000517845,2.52779483795166,0.9296122789382935,0.00042257970198988914,0.019440071657299995,0.06739970296621323,-0.9975365996360779
12.654369700001553,-0.024698929861187935,2.5278263092041016,0.9297099113464355,0.0003857774136122316,0.019495023414492607,0.06745417416095734,-0.9975318908691406
12.658748899993952,-0.02470381371676922,2.5278327465057373,0.9297859072685242,0.0006641818326897919,0.019344748929142952,0.06725247204303741,-0.9975482821464539
12.662686199997552,-0.02476692944765091,2.5277693271636963,0.9298099875450134,-0.00021163886412978172,0.0194123312830925,0.06718989461660385,-0.9975513815879822
12.667311099998187,-0.024797704070806503,2.5277602672576904,0.9298950433731079,-0.00021679617930203676,0.01941237971186638,0.06711094081401825,-0.9975566864013672
12.67103379999753,-0.02483433298766613,2.527736186981201,0.9299560189247131,-0.00019487283134367317,0.01933063007891178,0.06704047322273254,-0.9975630044937134
12.675416700018104,-0.024870874360203743,2.527703046798706,0.9300097823143005,-0.00012059824075549841,0.01917397975921631,0.06692584604024887,-0.9975736737251282
12.679943900031503,-0.02489839307963848,2.5275933742523193,0.9300628304481506,-0.0002568749478086829,0.01896500028669834,0.0677468404173851,-0.9975222945213318
12.683528100023977,-0.025025468319654465,2.52752685546875,0.9301789999008179,1.4229793123377021e-05,0.01908539980649948,0.06718477606773376,-0.9975579977035522
12.687745600007474,-0.02507297694683075,2.527442216873169,0.9302644729614258,6.9239035838108975e-06,0.01899547129869461,0.06712087243795395,-0.9975640773773193
12.691758900007699,-0.025008656084537506,2.5273845195770264,0.9303213953971863,-0.0001373661361867562,0.019002996385097504,0.06714100390672684,-0.9975625276565552
12.696327699988615,-0.025091417133808136,2.527217149734497,0.9304816126823425,-0.0007043512305244803,0.018870072439312935,0.0668228268623352,-0.9975862503051758
12.700320600008126,-0.025123190134763718,2.5270867347717285,0.9305753707885742,-0.0007278485572896898,0.018906237557530403,0.06679993122816086,-0.9975869655609131
12.704425600008108,-0.025153597816824913,2.526958465576172,0.9307206869125366,-0.000794711522758007,0.0191517136991024,0.06691131740808487,-0.9975748658180237
12.708865499997046,-0.02516242302954197,2.526826858520508,0.9308462142944336,-0.0005623552715405822,0.019198644906282425,0.06665871292352676,-0.9975910186767578
12.712641899997834,-0.025221960619091988,2.526648759841919,0.9309753179550171,-0.0003007821214850992,0.019036944955587387,0.06666795164346695,-0.9975935816764832
12.717070000013337,-0.025264006108045578,2.526503562927246,0.9310932159423828,-0.0001821275072870776,0.019001828506588936,0.06664087623357773,-0.9975960850715637
12.722994600015227,-0.02521543949842453,2.5263423919677734,0.9312121868133545,-0.00019973289454355836,0.01901855878531933,0.06684745103120804,-0.997581958770752
12.727340100042056,-0.025303781032562256,2.526116371154785,0.9313468933105469,0.0007488503470085561,0.019352611154317856,0.06597437709569931,-0.9976333379745483
12.731349600013345,-0.02540808729827404,2.525968313217163,0.9314519166946411,0.0006742248078808188,0.019264262169599533,0.06606999784708023,-0.9976288676261902
12.73563720000675,-0.025430526584386826,2.5257651805877686,0.9315202832221985,0.0002685916260816157,0.019138159230351448,0.06706461310386658,-0.9975650310516357
12.739297199994326,-0.025482099503278732,2.525573968887329,0.9316500425338745,0.0001924889365909621,0.01882978156208992,0.06716801971197128,-0.9975639581680298
12.742966299992986,-0.025524728000164032,2.525432825088501,0.9317212700843811,0.00013639408280141652,0.01879199407994747,0.06710269302129745,-0.9975691437721252
12.746456500026397,-0.025469733402132988,2.525224447250366,0.9317281246185303,0.0016332147642970085,0.018954509869217873,0.06558295339345932,-0.9976658225059509
12.750878799997736,-0.025632357224822044,2.524919033050537,0.9318962097167969,0.0006035348633304238,0.01954491063952446,0.06510476022958755,-0.9976868629455566
12.75427989999298,-0.025672446936368942,2.5247533321380615,0.9319392442703247,0.00045935684465803206,0.01953086070716381,0.06517406553030014,-0.9976826906204224
12.758494900015648,-0.02573610469698906,2.524568796157837,0.9319799542427063,0.0003747465380001813,0.020021498203277588,0.06503642350435257,-0.9976819753646851
12.762816400034353,-0.0256947074085474,2.5243513584136963,0.9320850372314453,-0.0004181996046099812,0.01936076581478119,0.06507843732833862,-0.9976922273635864
12.767109900014475,-0.02578170783817768,2.5241193771362305,0.9321564435958862,-0.001232828595675528,0.019564682617783546,0.0650387853384018,-0.9976902008056641
12.771208000020124,-0.0257502980530262,2.523850917816162,0.9321680665016174,-0.0018079482251778245,0.018292749300599098,0.0664542019367218,-0.9976202249526978
12.775142600003164,-0.02578180655837059,2.523664951324463,0.9322768449783325,-0.0018265366088598967,0.01841297373175621,0.06627735495567322,-0.9976296424865723
12.779486900020856,-0.025841405615210533,2.523428201675415,0.9324139356613159,-0.0015620192280039191,0.018517548218369484,0.06617598980665207,-0.9976348876953125
12.784287800022867,-0.02587079629302025,2.523233652114868,0.9325049519538879,-0.0015310450689867139,0.018675344064831734,0.06625312566757202,-0.9976269602775574
12.787941300019156,-0.02592301368713379,2.523073673248291,0.9326019287109375,-0.001208192785270512,0.018767479807138443,0.06547468900680542,-0.9976770281791687
12.792242299998179,-0.025971630588173866,2.5228967666625977,0.9326719641685486,-0.0011250091483816504,0.018741387873888016,0.0653109923005104,-0.9976882934570312
12.796343200025149,-0.02603977359831333,2.5226714611053467,0.9327244758605957,-0.0003348151803947985,0.018905475735664368,0.06435861438512802,-0.9977477192878723
12.800611799990293,-0.02615787833929062,2.522484064102173,0.9327929019927979,-0.00014847105194348842,0.019500961527228355,0.06407656520605087,-0.9977543950080872
12.804474600008689,-0.026218010112643242,2.52231502532959,0.9328491687774658,-0.00033589452505111694,0.0194846261292696,0.06406115740537643,-0.9977557063102722
12.808549300010782,-0.02625327929854393,2.52215576171875,0.932906448841095,-0.0004988136352039874,0.019656099379062653,0.06394273042678833,-0.9977599382400513
12.813025700044818,-0.026274552568793297,2.521991491317749,0.9329476952552795,-0.0009214938618242741,0.019674023613333702,0.06422144174575806,-0.9977413415908813
12.817035000014585,-0.026274552568793297,2.521991491317749,0.9329476952552795,-0.0009214938618242741,0.019674023613333702,0.06422144174575806,-0.9977413415908813
12.82126120000612,-0.026294922456145287,2.521824836730957,0.9329893589019775,-0.0010126192355528474,0.019638046622276306,0.06414325535297394,-0.997747004032135
12.825280599994585,-0.026341650635004044,2.5214133262634277,0.9330117106437683,-0.001397093408741057,0.01981504075229168,0.06329070031642914,-0.9977974891662598
12.830031600024085,-0.02627560682594776,2.5212488174438477,0.9331400990486145,-0.0017505575669929385,0.01967894844710827,0.06324149668216705,-0.9978026747703552
12.833667200000491,-0.026314347982406616,2.5211007595062256,0.9331938624382019,-0.001978047890588641,0.01995508372783661,0.063072569668293,-0.9978074431419373
12.837628700013738,-0.026352515444159508,2.5209639072418213,0.9333081245422363,-0.0020986958406865597,0.020320193842053413,0.0628950372338295,-0.9978111386299133
12.841274700011127,-0.026352515444159508,2.5209639072418213,0.9333081245422363,-0.0020986958406865597,0.020320193842053413,0.0628950372338295,-0.9978111386299133
12.844756500038784,-0.026354607194662094,2.5208499431610107,0.9333913326263428,-0.0019260842818766832,0.020306406542658806,0.06264691054821014,-0.9978273510932922
12.849985100037884,-0.026296690106391907,2.5204596519470215,0.9334972500801086,-0.0017896140925586224,0.020212385803461075,0.06244828552007675,-0.9978419542312622
12.854412199987564,-0.026294220238924026,2.52036714553833,0.9335718154907227,-0.00180397171061486,0.020147932693362236,0.06248335540294647,-0.9978410005569458
12.85863120004069,-0.02629191055893898,2.5202982425689697,0.9336495995521545,-0.001962608192116022,0.02011740952730179,0.06254738569259644,-0.9978373646736145
12.863143199996557,-0.026308149099349976,2.5202364921569824,0.9337191581726074,-0.002028886927291751,0.020077364519238472,0.06262294948101044,-0.9978333115577698
12.866953900025692,-0.0262952521443367,2.5201241970062256,0.9336998462677002,-0.0023489869199693203,0.019285496324300766,0.06374336779117584,-0.9977772235870361
12.87151000002632,-0.026352740824222565,2.520127534866333,0.933809220790863,-0.0029490969609469175,0.018977463245391846,0.06441343575716019,-0.9977384805679321
12.875650900008623,-0.026387348771095276,2.520103693008423,0.9338880181312561,-0.0025538213085383177,0.019040130078792572,0.06417016685009003,-0.9977540373802185
12.879379599995445,-0.026387736201286316,2.5200839042663574,0.933938205242157,-0.0024832729250192642,0.01924005150794983,0.06418140977621078,-0.9977497458457947
12.883802400028799,-0.0263978224247694,2.5201191902160645,0.9339293241500854,-0.00212480197660625,0.01901349052786827,0.06394335627555847,-0.9977701902389526
12.887831600033678,-0.026429951190948486,2.520167350769043,0.9339637756347656,-0.002148137427866459,0.019108111038804054,0.0638413280248642,-0.9977747797966003
12.89184870000463,-0.02645236998796463,2.520207643508911,0.9339445233345032,-0.0020052881445735693,0.01911957934498787,0.06392938643693924,-0.9977692365646362
12.896374200005084,-0.026501595973968506,2.520294189453125,0.9339961409568787,-0.0019332322990521789,0.01921732723712921,0.06396915018558502,-0.9977649450302124
12.900131100032013,-0.026543069630861282,2.520350456237793,0.9340115189552307,-0.0014744132058694959,0.019309386610984802,0.06376846879720688,-0.9977768063545227
12.904822500015143,-0.026600662618875504,2.520442247390747,0.9340401291847229,-0.0013685990124940872,0.01930420659482479,0.06378146260976791,-0.997776210308075
12.908348700031638,-0.026600662618875504,2.520442247390747,0.9340401291847229,-0.0013685990124940872,0.01930420659482479,0.06378146260976791,-0.997776210308075
12.912510099995416,-0.02674444392323494,2.5208120346069336,0.9341765642166138,-0.00053703150479123,0.02044142223894596,0.062059659510850906,-0.9978629946708679
12.91698219999671,-0.026870865374803543,2.520915985107422,0.9343015551567078,-0.001039499999023974,0.02029421180486679,0.06249099224805832,-0.9978386759757996
12.921111100004055,-0.026925107464194298,2.5209968090057373,0.9343364238739014,-0.0009208901319652796,0.020315442234277725,0.062356676906347275,-0.9978467226028442
12.927437700040173,-0.026968102902173996,2.5210654735565186,0.9343693256378174,-0.0009011106449179351,0.020338213071227074,0.0624532476067543,-0.9978402853012085
12.931587300030515,-0.027003295719623566,2.5211446285247803,0.9343923926353455,-0.0007626956212334335,0.020460015162825584,0.062334489077329636,-0.9978452920913696
12.935803500004113,-0.027084453031420708,2.521209478378296,0.9344582557678223,-0.00010205844591837376,0.020465409383177757,0.06191108748316765,-0.9978718757629395
12.939752600039355,-0.027087990194559097,2.521317958831787,0.9344589710235596,-0.0004536509804893285,0.02056656964123249,0.062145840376615524,-0.9978551268577576
12.943739400012419,-0.027110230177640915,2.5214054584503174,0.9344539046287537,-0.00018841848941519856,0.02059153839945793,0.06202905997633934,-0.997861921787262
12.948062799987383,-0.027134455740451813,2.521500587463379,0.9344565272331238,-0.00012968451483175159,0.020661018788814545,0.06195525452494621,-0.9978651404380798
12.952324100013357,-0.02718021161854267,2.5215847492218018,0.934445321559906,8.73364697326906e-05,0.02064652368426323,0.06177568808197975,-0.9978765249252319
12.95830900000874,-0.02723732404410839,2.521744728088379,0.9344346523284912,0.00026727429940365255,0.020646559074521065,0.061710696667432785,-0.9978804588317871
12.962976500042714,-0.027297409251332283,2.5218915939331055,0.93458092212677,-0.0014540075790137053,0.020329250022768974,0.06333886831998825,-0.9977839589118958
12.967176200007088,-0.027337951585650444,2.5218358039855957,0.9344819188117981,0.0002636580029502511,0.020425498485565186,0.061603762209415436,-0.9978916049003601
12.971531299990602,-0.027380669489502907,2.5218935012817383,0.9344398379325867,0.000509837525896728,0.020134609192609787,0.0611148364841938,-0.9979275465011597
12.97515640000347,-0.02745344117283821,2.5219027996063232,0.9345070123672485,0.0006898625870235264,0.020514555275440216,0.06122670695185661,-0.9979128241539001
12.979470700025558,-0.027512677013874054,2.5219037532806396,0.9345276355743408,0.000791762606240809,0.02049557864665985,0.061038561165332794,-0.9979246854782104
12.983391400019173,-0.027555294334888458,2.5219366550445557,0.9345100522041321,0.0010649982141330838,0.020172052085399628,0.06056583672761917,-0.9979598522186279
12.988016000017524,-0.027601465582847595,2.521919012069702,0.9345656633377075,0.0009906309423968196,0.02043825201690197,0.06073181703686714,-0.9979444146156311
12.992600099998526,-0.027656566351652145,2.521914005279541,0.9345923662185669,0.0009053334360942245,0.0204874649643898,0.0607084222137928,-0.9979448914527893
12.996375099988654,-0.027702998369932175,2.5219125747680664,0.9346106648445129,0.0009805252775549889,0.020319495350122452,0.06065576896071434,-0.9979514479637146
13.000380100042094,-0.027762576937675476,2.5218987464904785,0.9345943927764893,0.0008760360069572926,0.020184259861707687,0.060682568699121475,-0.9979526996612549
13.004289800010156,-0.02778911590576172,2.521897792816162,0.9346142411231995,0.0010536039480939507,0.02043459564447403,0.06059538200497627,-0.9979526996612549
13.008726200030651,-0.027847424149513245,2.521895170211792,0.9346026182174683,0.0010962272062897682,0.02021515741944313,0.06062310189008713,-0.9979554414749146
13.013986200036015,-0.027886390686035156,2.521878719329834,0.9346194863319397,0.0011179300490766764,0.02016475237905979,0.06077097728848457,-0.9979473948478699
13.017927600012626,-0.027922164648771286,2.521854877471924,0.9346156716346741,0.001226468593813479,0.020154625177383423,0.06076822057366371,-0.997947633266449
13.021518299996387,-0.027988124638795853,2.52184796333313,0.9346387386322021,0.0010088281705975533,0.020191607996821404,0.06100582703948021,-0.9979326725006104
13.025395900011063,-0.02801612578332424,2.5218372344970703,0.9346441626548767,0.0011251021642237902,0.020180553197860718,0.061007510870695114,-0.9979326725006104
13.029596300038975,-0.028062667697668076,2.5217981338500977,0.9346498847007751,0.00108123361133039,0.02019425854086876,0.061068080365657806,-0.9979287385940552
13.033694999990985,-0.028087088838219643,2.5217642784118652,0.9346753358840942,0.001146081369370222,0.020191065967082977,0.0610726997256279,-0.9979285001754761
13.03825510002207,-0.028147682547569275,2.5217366218566895,0.9347036480903625,0.001013023080304265,0.020190127193927765,0.06129391863942146,-0.9979150891304016
13.042084500018973,-0.028162037953734398,2.5216808319091797,0.9347051382064819,0.0012979196617379785,0.02008167654275894,0.06117956340312958,-0.9979239702224731
13.046118700003717,-0.028200369328260422,2.5216267108917236,0.9347031712532043,0.0012393500655889511,0.020011039450764656,0.061105042695999146,-0.9979299306869507
13.050297100038733,-0.028219332918524742,2.521580457687378,0.9346914887428284,0.0013642411213368177,0.019994448870420456,0.060973335057497025,-0.9979382157325745
13.054647200042382,-0.0283060260117054,2.5215084552764893,0.9347352385520935,0.0018571441760286689,0.0199102982878685,0.06049593910574913,-0.9979681372642517
13.058764700021129,-0.028341319411993027,2.521477699279785,0.9347450137138367,0.002120452467352152,0.01992170140147209,0.060290414839982986,-0.9979798197746277
13.06235339998966,-0.028341319411993027,2.521477699279785,0.9347450137138367,0.002120452467352152,0.01992170140147209,0.060290414839982986,-0.9979798197746277
13.066389399988111,-0.028341319411993027,2.521477699279785,0.9347450137138367,0.002120452467352152,0.01992170140147209,0.060290414839982986,-0.9979798197746277
13.070178900030442,-0.028341319411993027,2.521477699279785,0.9347450137138367,0.002120452467352152,0.01992170140147209,0.060290414839982986,-0.9979798197746277
13.07361810002476,-0.028341319411993027,2.521477699279785,0.9347450137138367,0.002120452467352152,0.01992170140147209,0.060290414839982986,-0.9979798197746277
13.07850350002991,-0.02839987725019455,2.5213539600372314,0.9347590208053589,0.002117484575137496,0.019917916506528854,0.060355208814144135,-0.9979760050773621
13.082055300008506,-0.02839987725019455,2.5213539600372314,0.9347590208053589,0.002117484575137496,0.019917916506528854,0.060355208814144135,-0.9979760050773621
13.08549030002905,-0.02839987725019455,2.5213539600372314,0.9347590208053589,0.002117484575137496,0.019917916506528854,0.060355208814144135,-0.9979760050773621
13.090230000030715,-0.028493132442235947,2.5210964679718018,0.9346246719360352,0.0017945633735507727,0.01904401369392872,0.06116504594683647,-0.9979444146156311
13.095859799999744,-0.028608571738004684,2.520874500274658,0.9345032572746277,0.0017495446372777224,0.018739698454737663,0.06094066798686981,-0.9979639053344727
13.100281700026244,-0.02860160917043686,2.5208423137664795,0.9344425201416016,0.0015554216224700212,0.018690286204218864,0.06099434569478035,-0.9979618787765503
13.104502400034107,-0.028606440871953964,2.520814895629883,0.9343597888946533,0.0016506013926118612,0.018549561500549316,0.061034128069877625,-0.9979619979858398
13.108498100016732,-0.028659896925091743,2.52075457572937,0.9342474341392517,0.0026507871225476265,0.018420102074742317,0.060055069625377655,-0.9980216026306152
13.112915400008205,-0.028674291446805,2.5207974910736084,0.9341573715209961,0.0014177371049299836,0.01822073571383953,0.06109156832098961,-0.9979648590087891
13.117168100026902,-0.028685055673122406,2.520785331726074,0.9340036511421204,0.0015442818403244019,0.018022531643509865,0.061065923422575,-0.9979698061943054
13.12104920001002,-0.02873648889362812,2.520781993865967,0.9338542222976685,0.0016053459839895368,0.017947355285286903,0.06085414066910744,-0.9979840517044067
13.125548999989405,-0.028815483674407005,2.5207834243774414,0.9337437152862549,0.0015858120750635862,0.01790430210530758,0.060917697846889496,-0.9979810118675232
13.12973750004312,-0.028931623324751854,2.5206685066223145,0.9335299730300903,0.002478020964190364,0.017043642699718475,0.06069978326559067,-0.9980074763298035
13.133367100032046,-0.028931623324751854,2.5206685066223145,0.9335299730300903,0.002478020964190364,0.017043642699718475,0.06069978326559067,-0.9980074763298035
13.138513999991119,-0.029167748987674713,2.520547389984131,0.9332225918769836,0.001555554918013513,0.016963960602879524,0.060392193496227264,-0.9980294108390808
13.142790100013372,-0.029352907091379166,2.5205001831054688,0.9331596493721008,0.001651813741773367,0.016896190121769905,0.06002609059214592,-0.9980524778366089
13.146695400006138,-0.02948097512125969,2.520429849624634,0.9330733418464661,0.00168324273545295,0.01678846962749958,0.05976235494017601,-0.9980700612068176
13.15041400003247,-0.02962671034038067,2.5203733444213867,0.9330132603645325,0.001774527016095817,0.016780389472842216,0.05936037376523018,-0.9980940222740173
13.15456420002738,-0.029734037816524506,2.520284652709961,0.9329480528831482,0.001887469319626689,0.016676930710673332,0.05892037972807884,-0.9981216788291931
13.158683200017549,-0.029883552342653275,2.520183801651001,0.932850182056427,0.0019359259167686105,0.016982311382889748,0.05866888538002968,-0.9981312155723572
13.162925400014501,-0.030007634311914444,2.520078659057617,0.9327784776687622,0.002010923344641924,0.016751686111092567,0.05865088477730751,-0.998136043548584
13.167225300043356,-0.030093474313616753,2.519975185394287,0.9327343702316284,0.0020614827517420053,0.0167721975594759,0.058454543352127075,-0.9981470108032227
13.17102700000396,-0.03016507253050804,2.519848346710205,0.932768702507019,0.001504011219367385,0.01633448898792267,0.05820025876164436,-0.9981701374053955
13.175261399999727,-0.030407272279262543,2.5195815563201904,0.9327268600463867,0.00274389679543674,0.01725783571600914,0.0580018013715744,-0.9981635808944702
13.179394600039814,-0.03051856718957424,2.5194268226623535,0.9327143430709839,0.0027164476923644543,0.016847752034664154,0.0578247494995594,-0.9981808662414551
13.183467300026678,-0.030581729486584663,2.5192654132843018,0.9327371716499329,0.002982518868520856,0.016452815383672714,0.057440102100372314,-0.9982089996337891
13.187977900030091,-0.030595768243074417,2.5189781188964844,0.9328986406326294,0.002335482044145465,0.015975026413798332,0.05732865631580353,-0.9982247948646545
13.191803399997298,-0.030672620981931686,2.5187151432037354,0.9330173134803772,0.0020552827045321465,0.015965240076184273,0.0576675720512867,-0.9982061386108398
13.196331000013743,-0.03076302818953991,2.5184426307678223,0.9332714676856995,0.001315944129601121,0.015896055847406387,0.05838660150766373,-0.9981666803359985
13.200331200030632,-0.03091270476579666,2.5181353092193604,0.9335687756538391,0.0005364107782952487,0.015830576419830322,0.058788880705833435,-0.9981447458267212
13.20433320000302,-0.03099140152335167,2.517848253250122,0.9338341951370239,0.00038604732253588736,0.016432279720902443,0.05892182141542435,-0.998127281665802
13.20869360002689,-0.03094678744673729,2.5175068378448486,0.9339929223060608,-3.7788446206832305e-05,0.016123255714774132,0.058555811643600464,-0.9981539845466614
13.212862299988046,-0.030964579433202744,2.517134428024292,0.9342408180236816,0.0008942085551097989,0.015441234223544598,0.05738750845193863,-0.9982321858406067
13.217052099993452,-0.03093312308192253,2.5167460441589355,0.9343783855438232,-9.221208892995492e-05,0.013997804373502731,0.05817906931042671,-0.9982079863548279
13.221071700041648,-0.030938945710659027,2.5164661407470703,0.9345466494560242,-0.0011034439085051417,0.013677074573934078,0.058432336896657944,-0.9981971383094788
13.2252002999885,-0.03099137358367443,2.5161495208740234,0.9346919059753418,0.00015263145905919373,0.01402607187628746,0.05734555050730705,-0.9982559084892273
13.229095000016969,-0.03099137358367443,2.5161495208740234,0.9346919059753418,0.00015263145905919373,0.01402607187628746,0.05734555050730705,-0.9982559084892273
13.23351490002824,-0.031020481139421463,2.515683174133301,0.935023307800293,-0.000874929188285023,0.013551037758588791,0.05790061503648758,-0.9982300400733948
13.237858000036795,-0.031208816915750504,2.5154531002044678,0.9352174997329712,-0.001692864578217268,0.014237196184694767,0.05785718187689781,-0.9982219338417053
13.242046900035348,-0.03123464249074459,2.5153350830078125,0.93556147813797,-0.0008706924854777753,0.013719392009079456,0.057941608130931854,-0.9982253909111023
13.246775100007653,-0.031223241239786148,2.515119791030884,0.9357078671455383,-0.0010797373251989484,0.013138102367520332,0.0590350404381752,-0.9981689453125
13.250773600011598,-0.031223241239786148,2.515119791030884,0.9357078671455383,-0.0010797373251989484,0.013138102367520332,0.0590350404381752,-0.9981689453125
13.254200500028674,-0.031223241239786148,2.515119791030884,0.9357078671455383,-0.0010797373251989484,0.013138102367520332,0.0590350404381752,-0.9981689453125
13.259127299999818,-0.03146908059716225,2.514759063720703,0.9363564848899841,-0.0010886827949434519,0.0125071806833148,0.05880197882652283,-0.998190701007843
13.2632411000086,-0.03156406059861183,2.514665126800537,0.9366315603256226,-0.0007353028049692512,0.012354620732367039,0.058804504573345184,-0.9981928467750549
13.266998500039335,-0.03164341673254967,2.514596700668335,0.9368413090705872,-0.0006584389484487474,0.012340526096522808,0.058855924755334854,-0.9981899857521057
13.271693199989386,-0.03160622715950012,2.514549732208252,0.9369773864746094,-0.0004874955047853291,0.011677131988108158,0.05878648906946182,-0.9982022047042847
13.27668489998905,-0.03170674294233322,2.5145325660705566,0.9370905756950378,-0.000439646391896531,0.012057293206453323,0.05885402113199234,-0.9981936812400818
13.28025599999819,-0.03163541853427887,2.514495849609375,0.9371582269668579,0.0007363992626778781,0.011283311061561108,0.057978883385658264,-0.9982538223266602
13.284002700005658,-0.03163541853427887,2.514495849609375,0.9371582269668579,0.0007363992626778781,0.011283311061561108,0.057978883385658264,-0.9982538223266602
13.288068299996667,-0.03164159506559372,2.514599323272705,0.9373183250427246,0.0010470611741766334,0.01045128982514143,0.05803745239973068,-0.9982592463493347
13.292036700004246,-0.031653791666030884,2.5147085189819336,0.9373975992202759,0.00021422034478746355,0.010135595686733723,0.05882555991411209,-0.9982168078422546
13.295991600025445,-0.031700775027275085,2.514761447906494,0.93743896484375,0.0015218546614050865,0.01016446202993393,0.05797430872917175,-0.9982652068138123
13.29950020002434,-0.031700775027275085,2.514761447906494,0.93743896484375,0.0015218546614050865,0.01016446202993393,0.05797430872917175,-0.9982652068138123
13.303701199998613,-0.031819574534893036,2.515069007873535,0.9375409483909607,0.0005738299805670977,0.0097563611343503,0.059105999767780304,-0.9982039332389832
13.308492100040894,-0.03191974386572838,2.5152230262756348,0.9375534653663635,0.0008761481149122119,0.009665303863584995,0.05907698720693588,-0.9982062578201294
13.312738000007812,-0.03209235519170761,2.5154054164886475,0.9375649690628052,0.0009572899434715509,0.010089556686580181,0.059128496795892715,-0.998198926448822
13.316777900035959,-0.032168127596378326,2.5156426429748535,0.9375495314598083,0.0011399734066799283,0.009865263476967812,0.05851440131664276,-0.9982372522354126
13.3211275000358,-0.03227759152650833,2.5159332752227783,0.9375589489936829,0.001146921655163169,0.009918855503201485,0.057782504707574844,-0.998279333114624
13.325350200000685,-0.03239361569285393,2.5161356925964355,0.9375620484352112,0.0012695947661995888,0.009817801415920258,0.0576685406267643,-0.998286783695221
13.32948260003468,-0.03250281140208244,2.5163445472717285,0.937602698802948,0.0014566959580406547,0.00978551059961319,0.0576166994869709,-0.9982897639274597
13.332916299987119,-0.03250281140208244,2.5163445472717285,0.937602698802948,0.0014566959580406547,0.00978551059961319,0.0576166994869709,-0.9982897639274597
13.337185900018085,-0.03281374275684357,2.516733169555664,0.9377344846725464,0.00163058761972934,0.009884435683488846,0.05699549615383148,-0.9983242154121399
13.341623799991794,-0.03300897032022476,2.5169930458068848,0.9378643035888672,0.0006124204955995083,0.009793962351977825,0.05747166648507118,-0.9982989430427551
13.346552600036375,-0.03314319998025894,2.517259359359741,0.9379626512527466,0.001408577198162675,0.010024652816355228,0.05726192519068718,-0.9983079433441162
13.350542800035328,-0.03331013768911362,2.517538547515869,0.938042938709259,0.0018965012859553099,0.009862150065600872,0.05652770400047302,-0.9983505010604858
13.354646600026172,-0.03344453498721123,2.517791509628296,0.9380934238433838,0.002215285785496235,0.009388637728989124,0.05613759905099869,-0.9983764886856079
13.358677400043234,-0.03358355909585953,2.518083095550537,0.9381887912750244,0.002914149546995759,0.009211394935846329,0.05623484402894974,-0.9983708262443542
13.362854700011667,-0.03374234586954117,2.5183908939361572,0.9382888078689575,0.003604045370593667,0.009114058688282967,0.05611385032534599,-0.9983762502670288
13.367293199989945,-0.033847223967313766,2.5186493396759033,0.938338041305542,0.0035888697020709515,0.009013746865093708,0.05619901046156883,-0.998372495174408
13.371162499999627,-0.03405594453215599,2.5189433097839355,0.9384772181510925,0.0026323478668928146,0.008867308497428894,0.05725156143307686,-0.9983170032501221
13.375516900036018,-0.03423543646931648,2.5192506313323975,0.9385464191436768,0.002987230196595192,0.008652635850012302,0.05751954764127731,-0.9983024597167969
13.379493100044783,-0.03443894162774086,2.519580364227295,0.938552975654602,0.004044636618345976,0.008792624808847904,0.057285815477371216,-0.998310923576355
13.386181300040334,-0.03458324447274208,2.5199429988861084,0.9386427402496338,0.004429637920111418,0.009093863889575005,0.05657234042882919,-0.998347282409668
13.391659100016113,-0.03499889373779297,2.520807981491089,0.9386847615242004,0.005430602468550205,0.008914448320865631,0.056558310985565186,-0.9983447790145874
13.396471200045198,-0.03516934812068939,2.5212719440460205,0.9386261701583862,0.0047028521075844765,0.008092373609542847,0.05708716809749603,-0.9983254075050354
13.400382700026967,-0.03535933792591095,2.5216526985168457,0.9386487007141113,0.005230477545410395,0.008180283941328526,0.0569230355322361,-0.9983313679695129
13.404512400040403,-0.03556892275810242,2.5219593048095703,0.9386372566223145,0.005473083816468716,0.008191613480448723,0.056829050183296204,-0.9983353018760681
13.408747900044546,-0.035736341029405594,2.522321939468384,0.938610315322876,0.005885739345103502,0.008387076668441296,0.05654629319906235,-0.9983474016189575
13.413832599995658,-0.035969555377960205,2.5226638317108154,0.9385684132575989,0.006126753054559231,0.008416709490120411,0.056729983538389206,-0.9983353018760681
13.417481000011321,-0.03616701439023018,2.523026704788208,0.9385209083557129,0.007078393362462521,0.008252773433923721,0.056591641157865524,-0.9983382225036621
13.421041900001,-0.03645720332860947,2.5234851837158203,0.9383807182312012,0.007944569922983646,0.008951634168624878,0.05698632076382637,-0.9983032941818237
13.425428199989256,-0.03682974353432655,2.5240421295166016,0.9383566975593567,0.00850740447640419,0.00959857739508152,0.057867422699928284,-0.9982419013977051
13.429547500039916,-0.03712456300854683,2.5244884490966797,0.9382814764976501,0.009272119961678982,0.00959745328873396,0.05749010667204857,-0.9982568621635437
13.43372760002967,-0.037441715598106384,2.5249366760253906,0.9383176565170288,0.007893214002251625,0.0095724668353796,0.05857718363404274,-0.9982057809829712
13.438055900041945,-0.03775951638817787,2.5254197120666504,0.9383121728897095,0.00893416814506054,0.00998769886791706,0.05572216585278511,-0.9983564615249634
13.441752400016412,-0.03799661248922348,2.525728464126587,0.9382342100143433,0.009302500635385513,0.010019537061452866,0.05547242611646652,-0.99836665391922
13.446248600026593,-0.03828151524066925,2.5260629653930664,0.9381507039070129,0.009167971089482307,0.010012837126851082,0.05559704080224037,-0.9983610510826111
13.450360300019383,-0.03850580379366875,2.526432514190674,0.938030481338501,0.01031969953328371,0.01016737800091505,0.0552043579518795,-0.9983699917793274
13.454337600036524,-0.03869357705116272,2.526801347732544,0.9378174543380737,0.01008185651153326,0.009215067140758038,0.055693116039037704,-0.9983545541763306
13.459059400018305,-0.03899688646197319,2.5271828174591064,0.9377145767211914,0.00935268308967352,0.009167813695967197,0.056844279170036316,-0.9982971549034119
13.462686200044118,-0.039185792207717896,2.5275840759277344,0.9375909566879272,0.010279734618961811,0.0090645058080554,0.056252673268318176,-0.9983225464820862
13.467021099990234,-0.03945305198431015,2.527792453765869,0.9373111724853516,0.012303453870117664,0.009686758741736412,0.05497903749346733,-0.9983647465705872
13.471106600016356,-0.03969386965036392,2.5280494689941406,0.9371885657310486,0.012615940533578396,0.009958626702427864,0.05489356070756912,-0.9983628392219543
13.47517799999332,-0.03989875316619873,2.5282435417175293,0.9371039271354675,0.012970120646059513,0.009982009418308735,0.054874271154403687,-0.9983591437339783
13.47938289999729,-0.04017132520675659,2.528294324874878,0.9370259046554565,0.011169811710715294,0.010543718002736568,0.0551377572119236,-0.9983606934547424
13.48384530004114,-0.040375322103500366,2.5285167694091797,0.9370014071464539,0.011843545362353325,0.010429516434669495,0.05522827059030533,-0.9983490705490112
13.4877488000202,-0.040555354207754135,2.5287415981292725,0.9369761943817139,0.012804549187421799,0.010489766485989094,0.055320367217063904,-0.9983314871788025
13.492030900029931,-0.04083574563264847,2.5288381576538086,0.9368604421615601,0.012924207374453545,0.009279965423047543,0.056672319769859314,-0.9982661008834839
13.49602970003616,-0.041031379252672195,2.5290660858154297,0.9368680715560913,0.01342405378818512,0.009218229912221432,0.05703524500131607,-0.9982393980026245
13.500175199995283,-0.04126701131463051,2.529366970062256,0.9368855953216553,0.012675393372774124,0.008961163461208344,0.0569511279463768,-0.998256266117096
13.504416600044351,-0.041426338255405426,2.5295393466949463,0.9368402361869812,0.012567351572215557,0.008563789539039135,0.05715514346957207,-0.9982494711875916
13.508844800002407,-0.041617363691329956,2.529726505279541,0.9368277788162231,0.012277776375412941,0.008325967937707901,0.05698584020137787,-0.9982648491859436
13.513317100005224,-0.04177608713507652,2.529883623123169,0.9367994666099548,0.012127104215323925,0.00820466410368681,0.05709465220570564,-0.9982613921165466
13.516912500024773,-0.04191618412733078,2.5300509929656982,0.93672776222229,0.011903936043381691,0.007688324898481369,0.05718132108449936,-0.9982632994651794
13.521223400020972,-0.04211338981986046,2.530242919921875,0.9367300271987915,0.010804382152855396,0.0076781040988862514,0.05811119079589844,-0.9982221722602844
13.525303700007498,-0.042291779071092606,2.5303685665130615,0.9367125034332275,0.010833865031599998,0.00807467382401228,0.05806345120072365,-0.9982214570045471
13.529771200031973,-0.04237055778503418,2.5305144786834717,0.9365858435630798,0.010579525493085384,0.007575576659291983,0.05818064510822296,-0.9982213377952576
13.53364129998954,-0.04254402592778206,2.5306084156036377,0.9365432262420654,0.010814269073307514,0.007671937812119722,0.057810019701719284,-0.9982396364212036
13.537735900026746,-0.04281497374176979,2.530687093734741,0.9365371465682983,0.010944277979433537,0.007936889305710793,0.057481300085783005,-0.9982550740242004
13.542188799998257,-0.04293855279684067,2.5308029651641846,0.9365342259407043,0.011256570927798748,0.008356998674571514,0.05668065696954727,-0.998293936252594
13.546365200018045,-0.04316963255405426,2.530930519104004,0.9364895224571228,0.012318144552409649,0.009037782438099384,0.05631640926003456,-0.9982960820198059
13.550871699990239,-0.04339856654405594,2.5310218334198,0.9364562630653381,0.012753602117300034,0.00931930635124445,0.05601062253117561,-0.9983052015304565
13.555273700039834,-0.043587587773799896,2.531095027923584,0.936396598815918,0.013156150467693806,0.009507612325251102,0.05571093037724495,-0.9983149766921997
13.559338200022466,-0.043846480548381805,2.5312066078186035,0.9363793730735779,0.013981534168124199,0.009945865720510483,0.05532170087099075,-0.9983212351799011
13.562990900012664,-0.04405253380537033,2.531252145767212,0.936282217502594,0.01434298139065504,0.00990982074290514,0.05534851923584938,-0.9983148574829102
13.567026100005023,-0.04424591362476349,2.5312857627868652,0.9361804127693176,0.01473601907491684,0.009670753963291645,0.05512649565935135,-0.9983238577842712
13.571160699997563,-0.044574882835149765,2.5311975479125977,0.9360288977622986,0.016419630497694016,0.010233036242425442,0.053460560739040375,-0.998382568359375
13.575617199996486,-0.04483731836080551,2.531257390975952,0.9358552098274231,0.014954015612602234,0.009598496370017529,0.0548987090587616,-0.9983338117599487
13.57940809999127,-0.04504074156284332,2.5312421321868896,0.9357030987739563,0.015010736882686615,0.009692905470728874,0.054784685373306274,-0.9983383417129517
13.585614400042687,-0.04524023085832596,2.5310912132263184,0.9354645609855652,0.013643107376992702,0.009998509660363197,0.055868543684482574,-0.9982948899269104
13.589484700001776,-0.04540552571415901,2.5310328006744385,0.935287356376648,0.013616679236292839,0.009751008823513985,0.05585688725113869,-0.9982983469963074
13.593586800037883,-0.04562559351325035,2.5308237075805664,0.9350764155387878,0.014435199089348316,0.009178712032735348,0.05595054849982262,-0.9982870221138
13.597841600014362,-0.045752815902233124,2.530710458755493,0.9350279569625854,0.014429566450417042,0.00930563174188137,0.05567989870905876,-0.998301088809967
13.603000600007363,-0.04587686434388161,2.530547618865967,0.934972882270813,0.0145370839163661,0.009263725019991398,0.05560837686061859,-0.9983038902282715
13.607396100007463,-0.045974165201187134,2.530324935913086,0.9349362254142761,0.015514517202973366,0.009500185959041119,0.05454043298959732,-0.9983459115028381
13.612635800032876,-0.0462038628757,2.529907464981079,0.9349319934844971,0.015161714516580105,0.010181327350437641,0.05417710170149803,-0.9983643889427185
13.61749570001848,-0.0462597981095314,2.5296590328216553,0.9349517822265625,0.01501675508916378,0.01021577138453722,0.05437631532549858,-0.9983553290367126
13.621247400005814,-0.04636605456471443,2.5293469429016113,0.9350134134292603,0.01427918765693903,0.010482212528586388,0.05426943302154541,-0.9983692765235901
13.625299600011203,-0.0463314950466156,2.5291085243225098,0.9349528551101685,0.014586096629500389,0.009824967011809349,0.0540001206099987,-0.998386025428772
13.629427400010172,-0.04633437097072601,2.5287647247314453,0.9349502921104431,0.013593161478638649,0.00971312541514635,0.05472287908196449,-0.9983618855476379
13.63309489999665,-0.04633437097072601,2.5287647247314453,0.9349502921104431,0.013593161478638649,0.00971312541514635,0.05472287908196449,-0.9983618855476379
13.637119700026233,-0.04645085334777832,2.527946949005127,0.9349976778030396,0.012047679163515568,0.010121157392859459,0.0541166216135025,-0.998410701751709
13.641556999995373,-0.04643314331769943,2.527617931365967,0.9350276589393616,0.01161955762654543,0.010151827707886696,0.05402043089270592,-0.9984205961227417
13.64632870000787,-0.04638800770044327,2.5271642208099365,0.9351136088371277,0.010929248295724392,0.009653298184275627,0.05387575179338455,-0.9984411597251892
13.650224500044715,-0.04634886607527733,2.5267159938812256,0.9350898265838623,0.011881384998559952,0.009755773469805717,0.05255580693483353,-0.9984996914863586
13.654492900008336,-0.046289995312690735,2.526280164718628,0.9350749254226685,0.011677771806716919,0.009012273512780666,0.05313686653971672,-0.998478353023529
13.658918500004802,-0.046193331480026245,2.525887966156006,0.935095489025116,0.011998878791928291,0.008978231810033321,0.05279665067791939,-0.9984928369522095
13.662699200038332,-0.04614082723855972,2.5254690647125244,0.9351168274879456,0.011754489503800869,0.008549189195036888,0.052646782249212265,-0.9985074400901794
13.66688219999196,-0.04606539011001587,2.5249595642089844,0.9351096749305725,0.01199069432914257,0.008776611648499966,0.0517834909260273,-0.9985478520393372
13.670910599990748,-0.04593750834465027,2.524437665939331,0.9351216554641724,0.010548234917223454,0.008484899997711182,0.05229455232620239,-0.9985399842262268
13.676080100005493,-0.0458594411611557,2.524007558822632,0.9351552724838257,0.009326903149485588,0.008075850084424019,0.05236980691552162,-0.9985515475273132
13.68074159999378,-0.04574728012084961,2.5235395431518555,0.9351849555969238,0.009715117514133453,0.007821331731975079,0.05267105624079704,-0.998534083366394
13.68423030001577,-0.045589953660964966,2.5231289863586426,0.9352893829345703,0.008891179226338863,0.007053736597299576,0.05287124216556549,-0.9985368251800537
13.687908000021707,-0.045544154942035675,2.5227296352386475,0.9353830814361572,0.008351169526576996,0.007338950410485268,0.05325739458203316,-0.9985190033912659
13.691972100001294,-0.045579101890325546,2.5222742557525635,0.9354567527770996,0.009513279423117638,0.007583367172628641,0.051793865859508514,-0.9985836744308472
13.696204000036232,-0.04549054428935051,2.5217373371124268,0.9354637265205383,0.00883319042623043,0.0068420772440731525,0.05256415531039238,-0.9985551238059998
13.700777699996252,-0.04537908360362053,2.521254539489746,0.9355571269989014,0.007969532161951065,0.006662315689027309,0.05224403738975525,-0.9985803365707397
13.704946500016376,-0.04510939121246338,2.5206217765808105,0.9355688691139221,0.007930900901556015,0.00635163439437747,0.050713032484054565,-0.9986615777015686
13.70871580002131,-0.04497947543859482,2.5201478004455566,0.9355729222297668,0.007542166858911514,0.006357437931001186,0.05097928270697594,-0.9986509680747986
13.712954999995418,-0.04483421891927719,2.519724130630493,0.9355970025062561,0.007257102057337761,0.006095770746469498,0.051313214004039764,-0.9986376166343689
13.71719390002545,-0.04467974230647087,2.519325017929077,0.9356730580329895,0.006374848075211048,0.006167438346892595,0.05172961205244064,-0.9986218214035034
13.721690400037915,-0.0445556715130806,2.5188238620758057,0.9357290863990784,0.006198258139193058,0.006301494315266609,0.05267190933227539,-0.998572826385498
13.725449900026433,-0.04441440477967262,2.5184412002563477,0.935766875743866,0.005601438228040934,0.006111172493547201,0.05284806340932846,-0.9985681772232056
13.730374500039034,-0.0442163459956646,2.517979860305786,0.9357890486717224,0.004587053321301937,0.005675492808222771,0.052923817187547684,-0.9985718727111816
13.734965700015891,-0.044054388999938965,2.517463445663452,0.9357984662055969,0.0038437063340097666,0.005704941693693399,0.05235669016838074,-0.9986048340797424
13.741693100018892,-0.0436314195394516,2.516611337661743,0.9356711506843567,0.004282754845917225,0.005296893417835236,0.05217348411679268,-0.9986147880554199
13.745963699999265,-0.04345852881669998,2.516267776489258,0.935685932636261,0.004269816912710667,0.004873144906014204,0.05227033048868179,-0.9986120462417603
13.750472100044135,-0.043339088559150696,2.515932559967041,0.9356899261474609,0.0041138487868011,0.004685222636908293,0.05221541225910187,-0.9986164569854736
13.75521370000206,-0.04318736866116524,2.5156006813049316,0.9357010722160339,0.0038989735767245293,0.003946369513869286,0.05245674401521683,-0.9986078143119812
13.75895039999159,-0.043041110038757324,2.515232563018799,0.9357091188430786,0.0029484692495316267,0.003462027059867978,0.052475832402706146,-0.9986119270324707
13.763260900042951,-0.04287397488951683,2.514899492263794,0.93570476770401,0.00251031294465065,0.0031523394864052534,0.05222940072417259,-0.9986270666122437
13.766933400009293,-0.04268955439329147,2.5145530700683594,0.9357011318206787,0.0014891215832903981,0.002756596077233553,0.052231352776288986,-0.998630166053772
13.771473100001458,-0.04259174317121506,2.5141146183013916,0.9356858730316162,0.0015439569251611829,0.0029806310776621103,0.0520046092569828,-0.9986411929130554
13.775183000019751,-0.04242762550711632,2.5138299465179443,0.9356952905654907,0.0012282328680157661,0.0028505322989076376,0.051989391446113586,-0.9986428618431091
13.779400900006294,-0.04222520440816879,2.5135040283203125,0.9356565475463867,0.002347774337977171,0.0029122706037014723,0.05089607089757919,-0.99869704246521
13.783692300028633,-0.042085085064172745,2.513185977935791,0.935701310634613,0.0018283245153725147,0.0033071902580559254,0.050792764872312546,-0.9987020492553711
13.787730400043074,-0.04186826944351196,2.512920618057251,0.935624361038208,0.0018630443373695016,0.0028476049192249775,0.05096278712153435,-0.9986948370933533
13.791987800039351,-0.04170335829257965,2.5126774311065674,0.9356011152267456,0.0018987272633239627,0.0027800966054201126,0.05091476812958717,-0.9986973404884338
13.796180000004824,-0.04162861034274101,2.5123682022094727,0.9356124401092529,0.0029199528507888317,0.0030826691072434187,0.049787212163209915,-0.9987508058547974
13.800600100017618,-0.04143127053976059,2.512040376663208,0.9355629682540894,0.0011802385561168194,0.0027939104475080967,0.05005979910492897,-0.9987416863441467
13.806700200017076,-0.04128662496805191,2.5118114948272705,0.935566246509552,0.0010440550977364182,0.002918268321081996,0.049965787678956985,-0.9987461566925049
13.811291599995457,-0.041144952178001404,2.5115966796875,0.9355700016021729,0.0009396712412126362,0.0028001877944916487,0.049793802201747894,-0.9987552165985107
13.81699960003607,-0.040814511477947235,2.5112099647521973,0.935549795627594,0.0004940488724969327,0.003058960661292076,0.04945654422044754,-0.9987714886665344
13.821093400008976,-0.040660470724105835,2.511061906814575,0.9355303645133972,0.0004802409966941923,0.0032673904206603765,0.049464479088783264,-0.9987704157829285
13.825334199995268,-0.040525611490011215,2.5109264850616455,0.9354836344718933,0.0006322773988358676,0.0033640568144619465,0.04928871616721153,-0.998778760433197
13.829389700025786,-0.04035558924078941,2.510786771774292,0.9353965520858765,0.0008282422786578536,0.0033047408796846867,0.049531806260347366,-0.9987667798995972
13.833628699998371,-0.040213216096162796,2.51065993309021,0.9353207349777222,0.0009397291578352451,0.0031852920074015856,0.04962906986474991,-0.9987622499465942
13.837603199994192,-0.03997449204325676,2.510408878326416,0.9351906776428223,0.0024040755815804005,0.002551082754507661,0.04910654574632645,-0.9987874627113342
13.842189299990423,-0.03979700058698654,2.5102834701538086,0.9351109266281128,0.002668121363967657,0.002826420124620199,0.049030851572752,-0.9987897276878357
13.8464110000059,-0.03952588886022568,2.510202407836914,0.93501216173172,0.002279749372974038,0.00317483302205801,0.04956402629613876,-0.9987633228302002
13.850413300038781,-0.03926215320825577,2.510075092315674,0.9348745346069336,0.003127510193735361,0.002851082244887948,0.048803675919771194,-0.9987994432449341
13.854552900011186,-0.03915685787796974,2.5100064277648926,0.9348463416099548,0.003271303838118911,0.002926943125203252,0.04855171591043472,-0.9988110065460205
13.858314800017979,-0.03915685787796974,2.5100064277648926,0.9348463416099548,0.003271303838118911,0.002926943125203252,0.04855171591043472,-0.9988110065460205
13.86707259999821,-0.038682762533426285,2.509721040725708,0.9347617030143738,0.0029264120385050774,0.0028400865849107504,0.04904330149292946,-0.9987884163856506
13.871034100011457,-0.03846609219908714,2.5096664428710938,0.9348313808441162,0.003387977834790945,0.0021166817750781775,0.04894126579165459,-0.9987937211990356
13.875480499991681,-0.03828612342476845,2.509570837020874,0.9348657727241516,0.003510648850351572,0.002061808481812477,0.048607513308525085,-0.9988096952438354
13.879739800002426,-0.03817486763000488,2.509493112564087,0.9348991513252258,0.0030157258734107018,0.00187481171451509,0.04902634397149086,-0.9987911581993103
13.884248799993657,-0.03798013553023338,2.50942325592041,0.9348884224891663,0.002754232147708535,0.001739416504278779,0.04907190054655075,-0.9987899661064148
13.888045800034888,-0.03776085376739502,2.5093281269073486,0.9348795413970947,0.0021979433950036764,0.0013513086596503854,0.04913241043686867,-0.9987890124320984
13.892011000018101,-0.03753015398979187,2.509429693222046,0.9350049495697021,0.00038707992644049227,0.0014650557423010468,0.04999012500047684,-0.9987485408782959
13.896702199999709,-0.03730024769902229,2.509428024291992,0.9350274801254272,0.00047452159924432635,0.0020345281809568405,0.049670055508613586,-0.9987635612487793
13.904685500019696,-0.03672352805733681,2.5094568729400635,0.9348326921463013,0.0012682500528171659,0.001501627266407013,0.04900575056672096,-0.9987965822219849
13.908847599988803,-0.03646950423717499,2.509434938430786,0.9347774982452393,0.0011068868916481733,0.0018797435332089663,0.04884596914052963,-0.998803973197937
13.9126496000099,-0.036168813705444336,2.509442090988159,0.9347352981567383,0.0009711614111438394,0.0010846753139048815,0.048151563853025436,-0.9988389611244202
13.917053500015754,-0.03591853380203247,2.509411334991455,0.934670627117157,0.0010578158544376493,0.001061590970493853,0.04853610321879387,-0.9988203644752502
13.920963300042786,-0.035605911165475845,2.5093939304351807,0.9346449971199036,0.0009468115749768913,0.0011691079707816243,0.04877983033657074,-0.9988085031509399
13.925411600037478,-0.03537629917263985,2.509357213973999,0.9346180558204651,0.0022556548938155174,0.0009448483469896019,0.04699135571718216,-0.9988923072814941
13.930037599988282,-0.03516168147325516,2.509354829788208,0.9346361756324768,0.0022309930063784122,0.0012423692969605327,0.047135621309280396,-0.9988853335380554
13.93349860003218,-0.03516168147325516,2.509354829788208,0.9346361756324768,0.0022309930063784122,0.0012423692969605327,0.047135621309280396,-0.9988853335380554
13.937880799989216,-0.03477299213409424,2.5093367099761963,0.9345639944076538,0.0027228298131376505,0.0011789690470322967,0.04654788225889206,-0.9989117383956909
13.941926100000273,-0.03459816053509712,2.5093343257904053,0.9345314502716064,0.0028553283773362637,0.0011274551507085562,0.04640863835811615,-0.998917818069458
13.94681049999781,-0.034390922635793686,2.5093417167663574,0.9344577193260193,0.0033604672644287348,0.0008773403242230415,0.045829880982637405,-0.9989432692527771
13.951257600041572,-0.034184761345386505,2.509310007095337,0.934427797794342,0.0035963328555226326,0.0006779042887501419,0.0456349179148674,-0.9989515542984009
13.955088499991689,-0.03402353823184967,2.5092997550964355,0.9343670606613159,0.0038920894730836153,0.0011758847394958138,0.04539016634225845,-0.9989610910415649
13.959317000000738,-0.03402353823184967,2.5092997550964355,0.9343670606613159,0.0038920894730836153,0.0011758847394958138,0.04539016634225845,-0.9989610910415649
13.96525660000043,-0.03361713886260986,2.509263515472412,0.9343169927597046,0.004221697803586721,0.0009592283749952912,0.04513592645525932,-0.9989714622497559
13.9696513999952,-0.03344014659523964,2.5092310905456543,0.9342963695526123,0.004043313674628735,0.0010292779188603163,0.04532726854085922,-0.998963475227356
13.97378340002615,-0.03321610391139984,2.509160280227661,0.9341963529586792,0.0036482634022831917,0.0008133616647683084,0.04599909856915474,-0.9989345669746399
13.979508200020064,-0.032759927213191986,2.50898814201355,0.934062123298645,0.0030157756991684437,0.00021510048827622086,0.047523513436317444,-0.9988656044006348
13.984085300005972,-0.032571397721767426,2.508913516998291,0.934033989906311,0.0022509261034429073,-0.00029791827546432614,0.04742926359176636,-0.9988721013069153
13.987808500009123,-0.03243831545114517,2.5089292526245117,0.9339979290962219,0.0027271683793514967,0.0004543025861494243,0.04749683290719986,-0.9988676309585571
13.99191660003271,-0.032281432300806046,2.508934259414673,0.9338971972465515,0.002607380272820592,0.00018013881344813854,0.04742598906159401,-0.998871386051178
13.996163600008003,-0.032114893198013306,2.5089714527130127,0.9338423013687134,0.0017760390182957053,-0.00014135921082925051,0.048021722584962845,-0.9988447427749634
14.000324100023136,-0.031995877623558044,2.5089352130889893,0.933785080909729,0.001433800091035664,-0.00043239706428721547,0.048298150300979614,-0.9988319277763367
14.004838599998038,-0.03181450814008713,2.508936643600464,0.9337384700775146,0.0015656183240935206,-0.0005956819513812661,0.04817803204059601,-0.998837411403656
14.009090200008359,-0.03171685338020325,2.508920669555664,0.9336881637573242,0.0014693556586280465,-0.0004993081674911082,0.04804716259241104,-0.9988439083099365
14.01281210000161,-0.03162163496017456,2.5089666843414307,0.9336913824081421,0.001493061427026987,-0.0005839166115038097,0.04686877876520157,-0.9988998174667358
14.016992399992887,-0.03149762377142906,2.508885383605957,0.9336040019989014,0.000698255724273622,-0.0007151542813517153,0.047731734812259674,-0.9988597631454468
14.021335199999157,-0.03139609843492508,2.5089492797851562,0.9335662722587585,0.0003193314769305289,-0.0007965083350427449,0.04690944403409958,-0.9988988637924194
14.025158200005535,-0.03131482005119324,2.508936643600464,0.933520495891571,0.00018115654529538006,-0.0009051632368937135,0.046834394335746765,-0.9989023208618164
14.029597999993712,-0.0312238447368145,2.508920192718506,0.9334669709205627,-7.275137704709778e-06,-0.0010137688368558884,0.04687993973493576,-0.9989000558853149
14.034503900038544,-0.03114759735763073,2.5089175701141357,0.93342125415802,0.00010566798300715163,-0.00097792805172503,0.04669656604528427,-0.9989086389541626
14.038201800023671,-0.031065069139003754,2.5089240074157715,0.933367908000946,-0.00010761823796201497,-0.0011019902303814888,0.046716202050447464,-0.9989075660705566
14.047055400034878,-0.03095528483390808,2.5089550018310547,0.9332279562950134,-0.00033910764614120126,-0.0008914140635170043,0.04695703461766243,-0.9988964796066284
14.05075500003295,-0.03095528483390808,2.5089550018310547,0.9332279562950134,-0.00033910764614120126,-0.0008914140635170043,0.04695703461766243,-0.9988964796066284
14.055924999993294,-0.030835552141070366,2.509082078933716,0.9331429600715637,0.0002496216038707644,-0.0005973700317554176,0.046955861151218414,-0.9988968372344971
14.059694900002796,-0.030778195708990097,2.5091400146484375,0.9330853223800659,0.0002679421450011432,-0.00047570953029207885,0.04706232249736786,-0.9988918900489807
14.064612400019541,-0.030711859464645386,2.509209156036377,0.9330257177352905,0.00018506159540265799,-0.00046765172737650573,0.04723728820681572,-0.9988836646080017
14.069269000028726,-0.03066006302833557,2.5092926025390625,0.9329456090927124,0.00038320739986374974,-0.0003227426786907017,0.04714389145374298,-0.9988879561424255
14.07342410000274,-0.0305896308273077,2.5093700885772705,0.9328766465187073,0.0004705143510363996,-0.00037207931745797396,0.04716145992279053,-0.9988871216773987
14.078253799991217,-0.030505213886499405,2.5095014572143555,0.9327822327613831,-0.0005936130764894187,-0.00022481683117803186,0.04815923422574997,-0.9988395571708679
14.083776200015564,-0.03030022792518139,2.509730100631714,0.9324837327003479,0.0006289379671216011,0.00022100814385339618,0.047714974731206894,-0.9988608360290527
14.087681000004523,-0.030229715630412102,2.509813070297241,0.9323461651802063,0.0006823795265518129,0.00022163373068906367,0.04768938571214676,-0.9988620281219482
14.093871999997646,-0.030117632821202278,2.509963035583496,0.932277262210846,0.00102424924261868,0.0008678035228513181,0.046519212424755096,-0.998916506767273
14.097900099994149,-0.03003671020269394,2.5100862979888916,0.9321426153182983,0.0010026642121374607,0.0007854801951907575,0.046357523649930954,-0.998924195766449
14.102401899988763,-0.0300128236413002,2.510216474533081,0.9319919347763062,0.0008637883584015071,0.0009128415258601308,0.04652080684900284,-0.998916506767273
14.107009000028484,-0.029964521527290344,2.510376214981079,0.9317752122879028,0.0012504588812589645,0.0005880905664525926,0.04575987532734871,-0.9989515542984009
14.111538099998143,-0.029869064688682556,2.51056170463562,0.9316130876541138,0.0017580213025212288,0.0006649858551099896,0.04559634253382683,-0.9989582300186157
14.115031199995428,-0.029842818155884743,2.510690212249756,0.9314004182815552,0.001923821633681655,0.00013352441601455212,0.04528610408306122,-0.9989721775054932
14.11916870001005,-0.02981760911643505,2.5108442306518555,0.9312762022018433,0.0022808723151683807,-0.00014079995162319392,0.04473596066236496,-0.9989963173866272
14.123614899988752,-0.029780209064483643,2.511033058166504,0.9311880469322205,0.003326675621792674,-0.00019746898033190519,0.044326528906822205,-0.9990116357803345
14.128232099988963,-0.029789064079523087,2.511155843734741,0.9310717582702637,0.0034888824447989464,-0.00024876525276340544,0.04411366954445839,-0.9990204572677612
14.132196000020485,-0.029811851680278778,2.5112802982330322,0.9309747219085693,0.0038458406925201416,-0.00010960143117699772,0.04368436709046364,-0.9990379810333252
14.137186900014058,-0.029705394059419632,2.5116186141967773,0.930736780166626,0.0033501756843179464,-0.0004883875953964889,0.04465661197900772,-0.9989966750144958
14.141630700032692,-0.029674939811229706,2.5117790699005127,0.9306114912033081,0.004040963482111692,-0.0005825582193210721,0.04429985210299492,-0.9990099668502808
14.146521500020754,-0.029628045856952667,2.5119171142578125,0.9304667711257935,0.004300721921026707,-0.0004864475631620735,0.043879445642232895,-0.9990274906158447
14.150480800017249,-0.029543843120336533,2.5120279788970947,0.9303424954414368,0.004184655845165253,-0.0007003754726611078,0.043817948549985886,-0.999030590057373
14.154475099989213,-0.029464242979884148,2.5121471881866455,0.9301533102989197,0.004389158450067043,-0.0007089577266015112,0.04351384565234184,-0.9990429282188416
14.158753500028979,-0.02936401218175888,2.512279748916626,0.9300172328948975,0.004591393284499645,-0.0008498139213770628,0.04345232993364334,-0.9990445971488953
14.162730400043074,-0.029309198260307312,2.5124123096466064,0.9298458099365234,0.004785800818353891,-0.00037527698441408575,0.043507058173418045,-0.9990416169166565
14.167442700010724,-0.02933267317712307,2.5127241611480713,0.9296906590461731,0.0048696789890527725,0.0011165696196258068,0.04148265719413757,-0.9991267323493958
14.171551100036595,-0.02928204834461212,2.512967824935913,0.9295235276222229,0.0031767713371664286,0.000462347234133631,0.04318290576338768,-0.9990620017051697
14.17565819999436,-0.02918316423892975,2.5131163597106934,0.9293971061706543,0.0030926282051950693,0.00047011321294121444,0.04331941530108452,-0.9990563988685608
14.180832400044892,-0.029105205088853836,2.513278007507324,0.9292742013931274,0.002857369603589177,0.0005907957092858851,0.04352232441306114,-0.9990481734275818
14.18422689998988,-0.029033411294221878,2.5134427547454834,0.9291693568229675,0.0027517625130712986,0.0005607255734503269,0.043803274631500244,-0.9990363121032715
14.187954200024251,-0.02892264351248741,2.513594150543213,0.9290322661399841,0.002936868229880929,0.0007075775065459311,0.04375123232603073,-0.9990378618240356
14.191826900001615,-0.02875613421201706,2.5138561725616455,0.9288654923439026,0.0035990080796182156,0.0003487879585009068,0.04408393055200577,-0.9990212917327881
14.19624359998852,-0.028668658807873726,2.514024019241333,0.9287323951721191,0.003721560351550579,0.00037037121364846826,0.04406994581222534,-0.9990215301513672
14.202207800000906,-0.02856554463505745,2.514150619506836,0.9285537600517273,0.003658678149804473,0.000440027128206566,0.04416738077998161,-0.9990173578262329
14.206523000029847,-0.02846708707511425,2.514237642288208,0.9282165765762329,0.003738880855962634,-0.0002589647192507982,0.04532885551452637,-0.9989651441574097
14.210560400038958,-0.028233148157596588,2.5144381523132324,0.9280562400817871,0.0025629159063100815,-0.001455996185541153,0.046857453882694244,-0.9988973140716553
14.215005200006999,-0.028163474053144455,2.514589786529541,0.9277725219726562,0.0034996189642697573,-0.0010103912791237235,0.04677648842334747,-0.9988987445831299
14.218901599990204,-0.028215333819389343,2.514622926712036,0.927488386631012,0.006085562519729137,0.0006020091823302209,0.044681958854198456,-0.9989826083183289
14.223083199991379,-0.02811424434185028,2.5147557258605957,0.9272562861442566,0.006593255791813135,0.0007746635237708688,0.044334638863801956,-0.998994767665863
14.227750900026876,-0.02797497995197773,2.5149028301239014,0.9269058704376221,0.006626028101891279,0.0007346008787862957,0.04440714418888092,-0.9989913105964661
14.233496900007594,-0.027720659971237183,2.515406608581543,0.926270067691803,0.006882413290441036,0.0013705106684938073,0.04423582926392555,-0.9989965558052063
14.238670799997635,-0.02764492854475975,2.5155744552612305,0.9259704947471619,0.0068879881873726845,0.001506767119280994,0.04450829327106476,-0.998984158039093
14.242412900028285,-0.027578875422477722,2.5156939029693604,0.9255337119102478,0.005599151831120253,0.0019696983508765697,0.04452313855290413,-0.9989907145500183
14.247036800021306,-0.02752576395869255,2.515953302383423,0.9252480268478394,0.007501646876335144,0.0022872542031109333,0.044073548167943954,-0.9989975094795227
14.250957600015681,-0.02739463932812214,2.516139030456543,0.9248931407928467,0.008103870786726475,0.0017194770043715835,0.043531663715839386,-0.9990177154541016
14.25438200001372,-0.02730385586619377,2.5162785053253174,0.9245567321777344,0.008406438864767551,0.0015963366022333503,0.04315854236483574,-0.999031662940979
14.259291500027757,-0.0272067803889513,2.516392707824707,0.9242265820503235,0.009240932762622833,0.0017103857826441526,0.043132707476615906,-0.9990252256393433
14.263905900006648,-0.027111750096082687,2.516482353210449,0.9239363074302673,0.009364835917949677,0.0015920116566121578,0.04327157884836197,-0.9990181922912598
14.267744500015397,-0.026968203485012054,2.5165939331054688,0.9236775636672974,0.008904805406928062,0.0010305311297997832,0.04370710998773575,-0.9990041851997375
14.271706000028644,-0.027038130909204483,2.5167362689971924,0.92332524061203,0.008889165706932545,0.0024495357647538185,0.04300861433148384,-0.9990321397781372
14.275171499990392,-0.02694043517112732,2.516768217086792,0.922878623008728,0.009318736381828785,0.0026392631698399782,0.04259759560227394,-0.9990454316139221
14.279488700034562,-0.02687075547873974,2.5168163776397705,0.9224876165390015,0.009357220493257046,0.002805574331432581,0.04245059937238693,-0.9990507960319519
14.283613400009926,-0.02678627520799637,2.516777753829956,0.9219153523445129,0.01186335738748312,0.00346887088380754,0.04039786383509636,-0.999107301235199
14.288135899987537,-0.02665312960743904,2.516765832901001,0.9213231205940247,0.011496208608150482,0.0021620457991957664,0.04167751595377922,-0.9990626573562622
14.292077100020833,-0.026574037969112396,2.516862392425537,0.9209386110305786,0.009816616773605347,0.002518207998946309,0.04278488829731941,-0.9990329742431641
14.296005300013348,-0.02646985463798046,2.5169107913970947,0.9205037355422974,0.009225106798112392,0.003529089270159602,0.041835490614175797,-0.999075710773468
14.300274900044315,-0.026346098631620407,2.51694393157959,0.9201711416244507,0.009240996092557907,0.003354518674314022,0.04207826405763626,-0.9990659356117249
14.304543700010981,-0.02629229985177517,2.5169618129730225,0.9198685884475708,0.009450145065784454,0.0036143269389867783,0.041980449110269547,-0.9990672469139099
14.310191900003701,-0.026223458349704742,2.5170154571533203,0.9195510149002075,0.010195017792284489,0.0038895034231245518,0.041668642312288284,-0.9990719556808472
14.313833700027317,-0.026144037023186684,2.517000675201416,0.9192709922790527,0.01044632401317358,0.0041870675049722195,0.041340768337249756,-0.9990817308425903
14.317635399987921,-0.02606830559670925,2.5169742107391357,0.9189803004264832,0.010571298189461231,0.0044654859229922295,0.04119383171200752,-0.9990853071212769
14.321471200033557,-0.025947485119104385,2.516946315765381,0.9186136722564697,0.01066519320011139,0.005159769672900438,0.040973447263240814,-0.9990900754928589
14.325796700024512,-0.025823235511779785,2.516923189163208,0.9182515740394592,0.010650798678398132,0.004869683180004358,0.0407656654715538,-0.9991000890731812
14.329499599989504,-0.02572708949446678,2.5168874263763428,0.9178750514984131,0.010396253317594528,0.0048894574865698814,0.040681835263967514,-0.9991061091423035
14.333865699998569,-0.025686467066407204,2.5168814659118652,0.9175238013267517,0.010579393245279789,0.005433500744402409,0.04093069210648537,-0.9990912675857544
14.337784500035923,-0.0255971048027277,2.516806125640869,0.9171686172485352,0.010167676955461502,0.005706816911697388,0.041252534836530685,-0.9990807771682739
14.342267600004561,-0.02541385591030121,2.516716718673706,0.9167512059211731,0.009390769526362419,0.005259329453110695,0.04160883277654648,-0.9990760087966919
14.346586400002707,-0.0253194160759449,2.5165822505950928,0.9163181185722351,0.010757789947092533,0.005972547922283411,0.04047489911317825,-0.9991048574447632
14.350852200004738,-0.02525581605732441,2.516507387161255,0.9160175919532776,0.010875417850911617,0.0064962515607476234,0.04050363227725029,-0.9990991353988647
14.354544900008477,-0.025146838277578354,2.5163073539733887,0.9156655073165894,0.009396802634000778,0.006800696719437838,0.04060707986354828,-0.9991079568862915
14.358506700024009,-0.025028333067893982,2.5161221027374268,0.9152693152427673,0.009243281558156013,0.005606719292700291,0.041952814906835556,-0.9990611672401428
14.362753900000826,-0.024956975132226944,2.515984058380127,0.9151151180267334,0.009464125148952007,0.005931493826210499,0.042013853788375854,-0.9990546107292175
14.367379100003745,-0.02486378327012062,2.515831708908081,0.9149606823921204,0.009493322111666203,0.00617876835167408,0.04214263707399368,-0.9990474581718445
14.371116800000891,-0.024770796298980713,2.5156972408294678,0.9148154258728027,0.009346039965748787,0.006280191242694855,0.042316973209381104,-0.9990407824516296
14.375634299998637,-0.02465086616575718,2.5155603885650635,0.9146432876586914,0.009347227402031422,0.0061546568758785725,0.04230815917253494,-0.9990419745445251
14.379428000014741,-0.02446795627474785,2.515430450439453,0.9144541621208191,0.009023013524711132,0.006075982935726643,0.04260604456067085,-0.999032735824585
14.383668800001033,-0.02437279000878334,2.5152134895324707,0.9143267273902893,0.008566130883991718,0.006269702687859535,0.04388102516531944,-0.9989804625511169
14.387964900000952,-0.024147894233465195,2.51497745513916,0.9141750335693359,0.008217095397412777,0.00607195682823658,0.044985488057136536,-0.9989354014396667
14.391974200028926,-0.02403968572616577,2.514843463897705,0.9140641093254089,0.008181748911738396,0.0062121800146996975,0.044992923736572266,-0.9989345669746399
14.39653540001018,-0.02393925189971924,2.514728307723999,0.9139530658721924,0.007904052734375,0.006209187209606171,0.045100919902324677,-0.9989319443702698
14.400848100020085,-0.023833174258470535,2.514573097229004,0.9138517379760742,0.007592672016471624,0.006268063560128212,0.04514491930603981,-0.9989319443702698
14.404673899989575,-0.02371395006775856,2.5144500732421875,0.9137940406799316,0.0075537883676588535,0.0067087579518556595,0.04514720290899277,-0.9989293217658997
14.408744500018656,-0.0235968716442585,2.514265775680542,0.9136935472488403,0.006567311007529497,0.006677990313619375,0.0451931469142437,-0.9989344477653503
14.412859500036575,-0.023489177227020264,2.514099359512329,0.9136319160461426,0.005861444398760796,0.006662461441010237,0.045362696051597595,-0.9989312291145325
14.417070900031831,-0.02334943599998951,2.5139272212982178,0.9135779142379761,0.004829315934330225,0.006333660800009966,0.04546459764242172,-0.9989342093467712
14.421052900026552,-0.02327663078904152,2.513759136199951,0.9135150909423828,0.003944585099816322,0.006499099545180798,0.04544345661997795,-0.9989380240440369
14.425202000013087,-0.023082293570041656,2.5136592388153076,0.9134499430656433,0.0034236356150358915,0.006440475583076477,0.04566770792007446,-0.998930037021637
14.429828000022098,-0.022987190634012222,2.513570547103882,0.9134247303009033,0.0031197473872452974,0.0063785407692193985,0.04571034759283066,-0.9989295601844788
14.436161999998149,-0.022914476692676544,2.5134940147399902,0.913422167301178,0.002909309696406126,0.006397332530468702,0.04563818499445915,-0.9989333748817444
14.441250600037165,-0.02271725982427597,2.5133612155914307,0.9134275913238525,0.002509155310690403,0.005747563671320677,0.04580486938357353,-0.9989307522773743
14.447071600006893,-0.02267633005976677,2.513298511505127,0.9134424328804016,0.0023083279374986887,0.005776992067694664,0.04560653120279312,-0.9989401698112488
14.450565900013316,-0.02257317677140236,2.5131890773773193,0.9134567379951477,0.0031994213350117207,0.005913468077778816,0.04475162550806999,-0.9989755153656006
14.454450300021563,-0.022517163306474686,2.5130980014801025,0.9134747982025146,0.002917497418820858,0.0053186877630651,0.045550618320703506,-0.9989436268806458
14.458882200007793,-0.022485703229904175,2.513014554977417,0.9135401844978333,0.00303835840895772,0.005097994580864906,0.04527445137500763,-0.9989570379257202
14.46266600000672,-0.02246510051190853,2.5129776000976562,0.9135901927947998,0.002853436628356576,0.005203310865908861,0.04514862596988678,-0.9989626407623291
14.466887400019914,-0.022449199110269547,2.512986183166504,0.9136664271354675,0.002742122858762741,0.0052285147830843925,0.04520164057612419,-0.9989604949951172
14.471281500009354,-0.022429268807172775,2.5130038261413574,0.9137110114097595,0.002442869357764721,0.005213418509811163,0.04532911628484726,-0.9989556074142456
14.478142900043167,-0.022432731464505196,2.5130443572998047,0.9137451648712158,0.0024110344238579273,0.005281999707221985,0.04527614265680313,-0.998957633972168
14.483286600036081,-0.022472813725471497,2.5132646560668945,0.9138222932815552,0.0007596714422106743,0.004920030478388071,0.04690486937761307,-0.9988869428634644
14.487681700033136,-0.02249748259782791,2.51344633102417,0.9138542413711548,0.00023636316473130137,0.0055102198384702206,0.046747349202632904,-0.9988915324211121
14.492132499988656,-0.022538073360919952,2.51361346244812,0.9138564467430115,4.4360589527059346e-05,0.005446008872240782,0.04722975566983223,-0.9988692402839661
14.496604899992235,-0.02257324941456318,2.5137858390808105,0.9138768911361694,-1.5285640984075144e-05,0.005616071633994579,0.047535497695207596,-0.9988538026809692
14.500008700008038,-0.02257324941456318,2.5137858390808105,0.9138768911361694,-1.5285640984075144e-05,0.005616071633994579,0.047535497695207596,-0.9988538026809692
14.504403099999763,-0.022737018764019012,2.5142314434051514,0.9139443039894104,-4.306884511606768e-05,0.006048489827662706,0.0487050898373127,-0.9987949132919312
14.508860400004778,-0.022779326885938644,2.514488458633423,0.9140055775642395,0.0007665085722692311,0.00598380109295249,0.04907361790537834,-0.9987769722938538
14.512829500017688,-0.02285795658826828,2.51469349861145,0.9140670895576477,0.0005737810861319304,0.006168564315885305,0.049533434212207794,-0.9987533092498779
14.516894400003366,-0.02297925390303135,2.5150725841522217,0.9142965078353882,0.00030681886710226536,0.007920115254819393,0.04924517497420311,-0.9987553358078003
14.52120300004026,-0.023054197430610657,2.5152740478515625,0.9143797755241394,0.0004959446378052235,0.008305207826197147,0.04930855333805084,-0.9987490177154541
14.525293200043961,-0.023078247904777527,2.5155248641967773,0.9144183397293091,0.0012275215703994036,0.008334136568009853,0.04930549114942551,-0.9987483024597168
14.530306200031191,-0.023145873099565506,2.51585054397583,0.9144880771636963,0.0021868408657610416,0.008622052147984505,0.04820849373936653,-0.9987977743148804
14.534834099991713,-0.023172905668616295,2.516099214553833,0.9145375490188599,0.0021977147553116083,0.008672241121530533,0.048397794365882874,-0.998788058757782
14.538458299997728,-0.023215925320982933,2.5164268016815186,0.9145863652229309,0.001133461482822895,0.008559705689549446,0.049372345209121704,-0.9987431764602661
14.542448199994396,-0.02327077090740204,2.5167150497436523,0.9145836234092712,0.0011795450700446963,0.008530068211257458,0.04941709339618683,-0.998741090297699
14.546405600034632,-0.023381303995847702,2.517024517059326,0.9146257638931274,0.0011248633963987231,0.008700894191861153,0.04895276576280594,-0.9987626075744629
14.55052250000881,-0.02340029366314411,2.5173287391662598,0.9146165251731873,0.0010754496324807405,0.008679786697030067,0.04890671372413635,-0.9987651109695435
14.554566800012253,-0.023385897278785706,2.517765998840332,0.9146938920021057,-0.00138069037348032,0.007664849050343037,0.0513521283864975,-0.9986502528190613
14.558698900043964,-0.023444555699825287,2.5180957317352295,0.9146973490715027,-0.0010813656263053417,0.007850081659853458,0.051558174192905426,-0.9986385703086853
14.563549800019246,-0.023613153025507927,2.518306016921997,0.9146106243133545,0.0006712819449603558,0.008685075677931309,0.050423167645931244,-0.9986899495124817
14.567040599999018,-0.02359013259410858,2.518770456314087,0.9147063493728638,-0.0005245621432550251,0.00793125294148922,0.052463557571172714,-0.9985912442207336
14.5711099000182,-0.02366098389029503,2.5191619396209717,0.9148105382919312,0.0006716588395647705,0.009205643087625504,0.05139385908842087,-0.9986358284950256
14.575344300013967,-0.023714276030659676,2.519430637359619,0.9147788882255554,0.0007891861023381352,0.008867365308105946,0.05132995918393135,-0.9986421465873718
14.57940690004034,-0.023605773225426674,2.5198099613189697,0.9147794246673584,0.0006173736182972789,0.0072460658848285675,0.0526413656771183,-0.9985870122909546
14.583791300014127,-0.023645924404263496,2.520078420639038,0.9147877097129822,0.0011352719739079475,0.008295763283967972,0.05271698534488678,-0.9985743761062622
14.588024299999233,-0.02362591214478016,2.52030348777771,0.9147140979766846,0.0014937652740627527,0.008182913064956665,0.052730366587638855,-0.9985741376876831
14.592088700039312,-0.023555388674139977,2.520551919937134,0.9146102070808411,0.0017306390218436718,0.0073295398615300655,0.05286481976509094,-0.9985733032226562
14.596687100012787,-0.023506874218583107,2.5208184719085693,0.91453617811203,0.001368628116324544,0.0074136946350336075,0.05350036919116974,-0.9985394477844238
14.60020970000187,-0.023520153015851974,2.5210697650909424,0.9145033359527588,0.0015173266874626279,0.00750688835978508,0.05262758582830429,-0.9985848665237427
14.60474909999175,-0.023504547774791718,2.521271228790283,0.9144294261932373,0.0015387326711788774,0.007492006290704012,0.05274425819516182,-0.9985787868499756
14.608596400008537,-0.023464849218726158,2.5214452743530273,0.9143717288970947,0.0015730583108961582,0.007564747706055641,0.052876316010951996,-0.9985711574554443
14.612833500024863,-0.02353646047413349,2.521617889404297,0.9142929315567017,0.0015537780709564686,0.008142269216477871,0.05303003266453743,-0.9985585808753967
14.617182000016328,-0.023428717628121376,2.521760940551758,0.9143058061599731,0.001521474332548678,0.00786215253174305,0.05326256528496742,-0.9985484480857849
14.621025200001895,-0.023467859253287315,2.521946668624878,0.9142355918884277,0.0013416716828942299,0.008526724763214588,0.05322369188070297,-0.9985452890396118
14.625531800033059,-0.023466099053621292,2.5221641063690186,0.9141676425933838,0.0010905052768066525,0.008815920911729336,0.05403749272227287,-0.9984993934631348
14.629296900006011,-0.02344292402267456,2.5223233699798584,0.9141128659248352,0.0015521663008257747,0.009060287848114967,0.05414847284555435,-0.998490571975708
14.633815000008326,-0.02340199053287506,2.5224461555480957,0.9140436053276062,0.0015015044482424855,0.009174516424536705,0.05437752604484558,-0.9984771609306335
14.637867000012193,-0.023370474576950073,2.522584915161133,0.9139622449874878,0.0014689250383526087,0.009752484038472176,0.05439360812306404,-0.9984708428382874
14.642301000014413,-0.02332732267677784,2.5227198600769043,0.9138351082801819,0.0009452122612856328,0.01020708866417408,0.054935093969106674,-0.9984373450279236
14.646333600045182,-0.02322770655155182,2.5228323936462402,0.9136995673179626,0.0010625459253787994,0.010281425900757313,0.054981984198093414,-0.9984338879585266
14.650194699992426,-0.02313823811709881,2.5229907035827637,0.9135251045227051,0.0019951483700424433,0.010582241229712963,0.054894059896469116,-0.9984341263771057
14.654328900040127,-0.022910673171281815,2.523148775100708,0.9134447574615479,0.000672882713843137,0.009152006357908249,0.056112952530384064,-0.9983822703361511
14.658464000036474,-0.022802164778113365,2.5231966972351074,0.9133411049842834,0.0005777619080618024,0.009172298945486546,0.05597073584794998,-0.9983901977539062
14.66283809999004,-0.022756872698664665,2.523289442062378,0.9133333563804626,0.0004673296643886715,0.01029959786683321,0.054817792028188705,-0.9984431862831116
14.667350400006399,-0.022677266970276833,2.5233075618743896,0.9132671356201172,0.0005161738372407854,0.010517989285290241,0.05469829589128494,-0.9984474778175354
14.671347199997399,-0.022592728957533836,2.52327823638916,0.9132096171379089,0.0003329687751829624,0.010654786601662636,0.05442583188414574,-0.9984608888626099
14.675631900026929,-0.02266681380569935,2.5231451988220215,0.9130295515060425,0.0026473470497876406,0.012324164621531963,0.05199543014168739,-0.9985678195953369
14.67953890003264,-0.02247634157538414,2.5232481956481934,0.9131767749786377,0.00018950195226352662,0.011078154668211937,0.0538049191236496,-0.998490035533905
14.68384320003679,-0.022521881386637688,2.523056745529175,0.9130017161369324,0.002014467492699623,0.012500790879130363,0.05160537362098694,-0.9985873103141785
14.688760499993805,-0.02246132679283619,2.5230040550231934,0.9129846096038818,0.0018889926141127944,0.012559538707137108,0.05134384706616402,-0.9986003041267395
14.69343939999817,-0.0222768671810627,2.52306866645813,0.9131172895431519,-0.0004890597774647176,0.011240636929869652,0.05311983451247215,-0.9985247254371643
14.697758700000122,-0.02218824438750744,2.52301025390625,0.9131423234939575,-0.0008906297734938562,0.011285705491900444,0.052915312349796295,-0.9985349178314209
14.704394600004889,-0.02183673158288002,2.522756338119507,0.9131255745887756,0.0001604203280294314,0.011036654002964497,0.052122049033641815,-0.998579740524292
14.709737299999688,-0.021702926605939865,2.5226433277130127,0.9131351709365845,-2.481043520674575e-05,0.01097058691084385,0.05200807377696037,-0.9985864162445068
14.713564400037285,-0.02157585881650448,2.5224709510803223,0.9131561517715454,-0.000942440121434629,0.010803906247019768,0.052024390548467636,-0.9985870122909546
14.717066899989732,-0.021432172507047653,2.5222997665405273,0.913253664970398,-0.0018229723209515214,0.010711723938584328,0.052379999309778214,-0.9985681772232056
14.721159500011709,-0.02128102257847786,2.5221381187438965,0.9133159518241882,-0.002050161361694336,0.010571992956101894,0.05227389559149742,-0.9985747337341309
14.725535600038711,-0.021136574447155,2.5219085216522217,0.9133313894271851,-0.0010611925972625613,0.010784742422401905,0.05124494060873985,-0.9986273646354675
14.729528399999253,-0.021011440083384514,2.5216968059539795,0.9133711457252502,-0.001981471199542284,0.009932313114404678,0.0526922233402729,-0.9985594153404236
14.733550100005232,-0.02087130770087242,2.5215461254119873,0.9135611653327942,-0.0014125520829111338,0.009482352994382381,0.05232268199324608,-0.9985842704772949
14.737918400031049,-0.02074754424393177,2.521383047103882,0.9137700200080872,-0.0018669530982151628,0.01013978198170662,0.052750397473573685,-0.998554527759552
14.74215240002377,-0.020551705732941628,2.5212223529815674,0.9138965010643005,-0.0027985330671072006,0.009714651852846146,0.052999239414930344,-0.998543381690979
14.746059300028719,-0.02040054276585579,2.5210912227630615,0.9140263199806213,-0.0033432133495807648,0.009678689762949944,0.05328299105167389,-0.9985270500183105
14.750872000004165,-0.02026296779513359,2.520967960357666,0.9141726493835449,-0.004215679131448269,0.009403553791344166,0.053866125643253326,-0.9984949827194214
14.755460200016387,-0.019993960857391357,2.5208773612976074,0.9142345190048218,-0.004522913135588169,0.009112026542425156,0.05407312139868736,-0.9984851479530334
14.759050199994817,-0.01984100416302681,2.520717144012451,0.9143783450126648,-0.004973969422280788,0.009158712811768055,0.05534795671701431,-0.9984127283096313
14.76281690003816,-0.019696611911058426,2.5206260681152344,0.9144976139068604,-0.00516194012016058,0.009052670560777187,0.055776868015527725,-0.9983888864517212
14.76685820001876,-0.019567884504795074,2.520551919937134,0.9146230816841125,-0.005334480199962854,0.009010931476950645,0.055695027112960815,-0.9983929991722107
14.771225100033917,-0.019405590370297432,2.520594835281372,0.9148492217063904,-0.005130861885845661,0.010089456103742123,0.05437668785452843,-0.9984564185142517
14.775472700013779,-0.019220544025301933,2.520573377609253,0.9149857759475708,-0.005254371091723442,0.009503241628408432,0.054329764097929,-0.9984639883041382
14.779604999988806,-0.019082028418779373,2.5205295085906982,0.9150614738464355,-0.005850602872669697,0.009450254961848259,0.05520971864461899,-0.9984129667282104
14.783566900005098,-0.018910549581050873,2.520484685897827,0.9151116013526917,-0.004760648123919964,0.009539168328046799,0.05423564091324806,-0.9984713196754456
14.787696400017012,-0.01880868896842003,2.5205607414245605,0.9151456952095032,-0.0044947280548512936,0.00966610200703144,0.054294388741254807,-0.9984681010246277
14.791966299992055,-0.0187161173671484,2.520659923553467,0.9151387810707092,-0.004715831018984318,0.00947724748402834,0.05455167219042778,-0.9984548091888428
14.796429700043518,-0.018682973459362984,2.5208394527435303,0.9151506423950195,-0.00602908618748188,0.009093714877963066,0.0558064728975296,-0.998382031917572
14.800403500034008,-0.01857105828821659,2.5211689472198486,0.9152847528457642,-0.0077058798633515835,0.008279872126877308,0.05642319470643997,-0.9983429312705994
14.804462500032969,-0.018456503748893738,2.5214478969573975,0.9153235554695129,-0.009234217926859856,0.007215189281851053,0.05744962766766548,-0.9982796311378479
14.80889039998874,-0.018442874774336815,2.521653413772583,0.9152913093566895,-0.009352688677608967,0.007038900628685951,0.057280104607343674,-0.9982895255088806
14.81303320004372,-0.018388649448752403,2.5220019817352295,0.9153225421905518,-0.008518396876752377,0.00793756078928709,0.0563829131424427,-0.9983413815498352
14.816887599998154,-0.01831839419901371,2.5222277641296387,0.9152677059173584,-0.008164143189787865,0.007758575491607189,0.056003388017416,-0.9983671307563782
14.821634299994912,-0.01829644851386547,2.522412061691284,0.9152290225028992,-0.008143494836986065,0.00778541574254632,0.055893879383802414,-0.9983731508255005
14.825571599998511,-0.01826423406600952,2.522603988647461,0.9151943325996399,-0.008026073686778545,0.007697246037423611,0.05592227727174759,-0.99837327003479
14.829392000043299,-0.018207430839538574,2.5228817462921143,0.9151280522346497,-0.007511426229029894,0.008029748685657978,0.05621101334691048,-0.998358428478241
14.833902499987744,-0.01814097911119461,2.523094654083252,0.9149908423423767,-0.007110615260899067,0.0071728830225765705,0.055905696004629135,-0.998384952545166
14.83769640000537,-0.018112920224666595,2.5233850479125977,0.9149055480957031,-0.005572781898081303,0.0072661819867789745,0.055941976606845856,-0.9983921051025391
14.84220529999584,-0.018052684143185616,2.523599147796631,0.9148013591766357,-0.005300142802298069,0.007499152794480324,0.05615847930312157,-0.9983797073364258
14.846274000010453,-0.017998378723859787,2.523797035217285,0.9146665334701538,-0.0040997290052473545,0.007821157574653625,0.05607791617512703,-0.998387336730957
14.850385700003244,-0.018003245815634727,2.5239791870117188,0.9145871996879578,-0.003937614616006613,0.00801501702517271,0.056237395852804184,-0.9983775615692139
14.854598300007638,-0.0180006455630064,2.524162769317627,0.9145168662071228,-0.0037318202666938305,0.008366493508219719,0.05628681555390358,-0.9983726143836975
14.858782700030133,-0.018016723915934563,2.5243277549743652,0.9144675731658936,-0.003503383370116353,0.008646925911307335,0.056412968784570694,-0.9983639121055603
14.86332390003372,-0.018099430948495865,2.524517059326172,0.9144083857536316,-0.00388413667678833,0.00911134947091341,0.05689661577343941,-0.9983310103416443
14.867293399991468,-0.018127884715795517,2.524683713912964,0.914397120475769,-0.004039366263896227,0.009340733289718628,0.057188522070646286,-0.9983115196228027
14.871085199993104,-0.01818116195499897,2.524848699569702,0.9143935441970825,-0.00412341533228755,0.009532064199447632,0.05735958740115166,-0.9982995390892029
14.875119800039101,-0.01818116195499897,2.524848699569702,0.9143935441970825,-0.00412341533228755,0.009532064199447632,0.05735958740115166,-0.9982995390892029
14.87957660004031,-0.01817912608385086,2.525300979614258,0.9144737124443054,-0.004845170769840479,0.008826656267046928,0.058681122958660126,-0.9982260465621948
14.883728799992241,-0.018276851624250412,2.52549409866333,0.9144468307495117,-0.005931419786065817,0.009108657948672771,0.059615474194288254,-0.9981622695922852
14.888022000028286,-0.018384862691164017,2.525667190551758,0.9144597053527832,-0.006391591392457485,0.009309926070272923,0.06010039150714874,-0.9981284737586975
14.892057700024452,-0.018421795219182968,2.525876522064209,0.9144818782806396,-0.006297753658145666,0.009331783279776573,0.05886318162083626,-0.9982025623321533
14.89664630003972,-0.018547099083662033,2.526049852371216,0.9144405126571655,-0.0065186708234250546,0.009937899187207222,0.05883173272013664,-0.9981971383094788
14.900159600016195,-0.01857837848365307,2.526294708251953,0.9145081639289856,-0.00598773080855608,0.010478690266609192,0.05771859735250473,-0.998259961605072
14.904510500025935,-0.01870586723089218,2.5264346599578857,0.9145300388336182,-0.005827566143125296,0.010977422818541527,0.05727607011795044,-0.9982810020446777
14.908774700015783,-0.018773552030324936,2.5265579223632812,0.9145387411117554,-0.005968913901597261,0.010931823402643204,0.057494208216667175,-0.9982681274414062
14.913141100027133,-0.018844163045287132,2.526705503463745,0.91455078125,-0.005379837937653065,0.011169861070811749,0.05727606639266014,-0.9982813596725464
14.917098000005353,-0.018961958587169647,2.52681565284729,0.9145525097846985,-0.005393442697823048,0.01167321763932705,0.05731412023305893,-0.9982733726501465
14.921145200030878,-0.019044671207666397,2.526947259902954,0.9145553112030029,-0.005779209081083536,0.01200967188924551,0.05768629163503647,-0.9982458353042603
14.925301800016314,-0.019060079008340836,2.5270192623138428,0.914624035358429,-0.005159943830221891,0.011976122856140137,0.05730271711945534,-0.9982717037200928
14.929532500042114,-0.01914970576763153,2.5271613597869873,0.9146949052810669,-0.005324164871126413,0.012610730715095997,0.05796539783477783,-0.9982247948646545
14.933525800006464,-0.01915467157959938,2.527269124984741,0.91472327709198,-0.005472580436617136,0.012392549775540829,0.05834075063467026,-0.9982048273086548
14.938194299989846,-0.019140679389238358,2.5273499488830566,0.9147839546203613,-0.005591985769569874,0.012464208528399467,0.05866454914212227,-0.9981842637062073
14.941851300012786,-0.019124386832118034,2.5274319648742676,0.9148558378219604,-0.005711104720830917,0.012357564643025398,0.05919962748885155,-0.9981533885002136
14.946229099994525,-0.019099509343504906,2.52750301361084,0.9149479269981384,-0.005827960092574358,0.012421312741935253,0.05947751924395561,-0.9981353282928467
14.95037420000881,-0.019075101241469383,2.527559518814087,0.9150080680847168,-0.0059881387278437614,0.012528407387435436,0.05981695279479027,-0.9981127977371216
14.954391600040253,-0.019013870507478714,2.52761173248291,0.9150837063789368,-0.006150153465569019,0.012551716528832912,0.06006442382931709,-0.9980966448783875
14.958748600038234,-0.018911203369498253,2.5276708602905273,0.9152026772499084,-0.0062172189354896545,0.012105032801628113,0.060473985970020294,-0.9980770349502563
14.96267939999234,-0.01891126111149788,2.527716636657715,0.9152774214744568,-0.006284963805228472,0.012522084638476372,0.060754481703042984,-0.9980543851852417
14.967252100002952,-0.01878395304083824,2.527749538421631,0.915381133556366,-0.00634736055508256,0.012162845581769943,0.06093256548047066,-0.9980475902557373
14.971512900025118,-0.018702663481235504,2.5278074741363525,0.9154645204544067,-0.006565774325281382,0.012106034904718399,0.061253905296325684,-0.9980272650718689
14.975216999999247,-0.01864837296307087,2.527841091156006,0.9155209064483643,-0.006562117952853441,0.01209768746048212,0.061413079500198364,-0.9980175495147705
14.98053629999049,-0.018599791452288628,2.527945041656494,0.9157122373580933,-0.00562627986073494,0.011971257627010345,0.061473194509744644,-0.998021125793457
14.984337600006256,-0.018543198704719543,2.528005361557007,0.9157840013504028,-0.005846257321536541,0.011974924243986607,0.061741746962070465,-0.9980031847953796
14.988704800023697,-0.018464669585227966,2.5280587673187256,0.9158076047897339,-0.005817290395498276,0.011821439489722252,0.06165437772870064,-0.9980106949806213
14.992245900037233,-0.018364377319812775,2.5281193256378174,0.9158624410629272,-0.0058045038022100925,0.011959993280470371,0.06161767244338989,-0.9980113506317139
14.996145100041758,-0.018283115699887276,2.5281713008880615,0.9159148335456848,-0.0058326562866568565,0.01186410617083311,0.06171833351254463,-0.9980060458183289
15.000294300029054,-0.018194204196333885,2.528221845626831,0.9159578680992126,-0.0058120135217905045,0.011834817938506603,0.061624035239219666,-0.9980124235153198
15.004225899989251,-0.018082061782479286,2.5282742977142334,0.915968656539917,-0.005589547101408243,0.011591714806854725,0.061207644641399384,-0.998042106628418
15.008754200011026,-0.017987415194511414,2.528306484222412,0.9160250425338745,-0.005420609377324581,0.011620785109698772,0.06099474057555199,-0.9980558156967163
15.012906800024211,-0.017866864800453186,2.528284788131714,0.9160587787628174,-0.005663624498993158,0.011529096402227879,0.06077985465526581,-0.9980685114860535
15.017304000037257,-0.017734047025442123,2.528287649154663,0.9161185622215271,-0.0056733181700110435,0.011364094913005829,0.06070226430892944,-0.9980751276016235
15.02152470004512,-0.017594676464796066,2.5282907485961914,0.9161745309829712,-0.005535494070500135,0.011258048936724663,0.0604669563472271,-0.9980913996696472
15.025181900011376,-0.017471257597208023,2.528292179107666,0.9162178635597229,-0.0054831854067742825,0.011178744025528431,0.060335516929626465,-0.9981004595756531
15.029534800036345,-0.017189085483551025,2.528311014175415,0.9163971543312073,-0.0058815088123083115,0.012714329175651073,0.059833161532878876,-0.9981101155281067
15.033772599999793,-0.01703035831451416,2.528312921524048,0.9164419174194336,-0.005758431274443865,0.012754445895552635,0.059690527617931366,-0.9981188178062439
15.037783600040711,-0.01686061918735504,2.528266668319702,0.9164847135543823,-0.006525576114654541,0.012621313333511353,0.05963599681854248,-0.998119056224823
15.042814399988856,-0.01670607179403305,2.528261423110962,0.9165053367614746,-0.006905215792357922,0.012635969556868076,0.059840500354766846,-0.9981040954589844
15.04683720000321,-0.016521058976650238,2.5282721519470215,0.9165149331092834,-0.006818061228841543,0.012719779275357723,0.0597236230969429,-0.9981106519699097
15.050547000020742,-0.016521058976650238,2.5282721519470215,0.9165149331092834,-0.006818061228841543,0.012719779275357723,0.0597236230969429,-0.9981106519699097
15.054825700004585,-0.016367636620998383,2.5282790660858154,0.9165042638778687,-0.006718785502016544,0.01275443285703659,0.05971800908446312,-0.9981112480163574
15.060469900025055,-0.016367636620998383,2.5282790660858154,0.9165042638778687,-0.006718785502016544,0.01275443285703659,0.05971800908446312,-0.9981112480163574
15.064293900039047,-0.01605341024696827,2.5282719135284424,0.9164742231369019,-0.006696073804050684,0.01255657710134983,0.059967245906591415,-0.9980989098548889
15.0684995999909,-0.015701111406087875,2.5282952785491943,0.9165257811546326,-0.007089836522936821,0.012276019901037216,0.060392122715711594,-0.9980740547180176
15.072907400026452,-0.015553944744169712,2.5282649993896484,0.9165452122688293,-0.007007289677858353,0.01213226281106472,0.060200296342372894,-0.9980880618095398
15.077171000011731,-0.015439184382557869,2.5282397270202637,0.9166114926338196,-0.007068804930895567,0.01199557539075613,0.060077399015426636,-0.9980966448783875
15.081367200007662,-0.015384492464363575,2.528212785720825,0.916655421257019,-0.006926886737346649,0.012132390402257442,0.059732381254434586,-0.9981167316436768
15.085451600025408,-0.015336415730416775,2.528181791305542,0.9166945219039917,-0.006878370884805918,0.012242875061929226,0.05940571054816246,-0.9981352090835571
15.089631900016684,-0.01525335106998682,2.528167486190796,0.9167617559432983,-0.006880021188408136,0.012194179929792881,0.05907585844397545,-0.9981552958488464
15.094386100012343,-0.015243933536112309,2.5281426906585693,0.9168215394020081,-0.006893743295222521,0.012364431284368038,0.058752965182065964,-0.9981721639633179
15.098891300032847,-0.015219766646623611,2.5281126499176025,0.9168716669082642,-0.0068826316855847836,0.01249769702553749,0.05823712795972824,-0.9982008934020996
15.105219900025986,-0.015169201418757439,2.5280683040618896,0.9170007109642029,-0.007272886112332344,0.013033660128712654,0.05786177143454552,-0.9982130527496338
15.109268100000918,-0.0151688102632761,2.5280354022979736,0.9170729517936707,-0.007239100523293018,0.013315854594111443,0.05758301541209221,-0.998225748538971
15.113054600020405,-0.015123097226023674,2.5280098915100098,0.9171376824378967,-0.0071602268144488335,0.013085334561765194,0.057380322366952896,-0.9982409477233887
15.117226100002881,-0.015122488141059875,2.527970552444458,0.9172587394714355,-0.007091448176652193,0.013443918898701668,0.057338468730449677,-0.9982391595840454
15.121801800036337,-0.015099016949534416,2.5279271602630615,0.9173718690872192,-0.007068413309752941,0.01367343869060278,0.057198941707611084,-0.9982441663742065
15.12573989998782,-0.01506778784096241,2.527876377105713,0.917483389377594,-0.007291916757822037,0.013692791573703289,0.05731156840920448,-0.998235821723938
15.130425500043202,-0.015066401101648808,2.527813196182251,0.9176438450813293,-0.007105735130608082,0.014129186049103737,0.057210907340049744,-0.998236894607544
15.135050699987914,-0.01504124328494072,2.527771234512329,0.9177545309066772,-0.007330100983381271,0.014088034629821777,0.05743803828954697,-0.9982227683067322
15.140106900013052,-0.014986803755164146,2.5277202129364014,0.9178641438484192,-0.007440369576215744,0.014176370576024055,0.057558365166187286,-0.9982137680053711
15.146396800002549,-0.014861180447041988,2.5276622772216797,0.9182716012001038,-0.00606323778629303,0.013724385760724545,0.05741982161998749,-0.9982373714447021
15.150376800040249,-0.014801902696490288,2.527688503265381,0.9185829162597656,-0.00573966046795249,0.015082289464771748,0.05631612241268158,-0.9982826113700867
15.154586400021799,-0.01475527323782444,2.527653217315674,0.9187698364257812,-0.005643660668283701,0.015147103928029537,0.056380897760391235,-0.9982784986495972
15.158705400011968,-0.014683287590742111,2.5276126861572266,0.918940007686615,-0.0053258417174220085,0.015304980799555779,0.05639396235346794,-0.9982770681381226
15.16273690003436,-0.014620744623243809,2.5275719165802,0.9191012382507324,-0.005402958486229181,0.015430096536874771,0.05669331178069115,-0.9982578158378601
15.167102700041141,-0.014477614313364029,2.527540922164917,0.9193033576011658,-0.005335581488907337,0.016126355156302452,0.05669442564249039,-0.9982470273971558
15.171538299997337,-0.014396140351891518,2.5274784564971924,0.9194678068161011,-0.0055662221275269985,0.016406534239649773,0.05707870051264763,-0.9982194304466248
15.175412600045092,-0.014346104115247726,2.5274667739868164,0.9195834398269653,-0.005470380652695894,0.016610968858003616,0.057018134742975235,-0.9982200264930725
15.179680200002622,-0.0142693892121315,2.5274288654327393,0.919671893119812,-0.006159243639558554,0.01658635400235653,0.05708976835012436,-0.9982123374938965
15.183552400034387,-0.014226612634956837,2.5274229049682617,0.9197741746902466,-0.006310893688350916,0.01646258682012558,0.057261671870946884,-0.9982035160064697
15.187907700019423,-0.014158912003040314,2.527371406555176,0.9198641180992126,-0.006942386738955975,0.016166022047400475,0.057086605578660965,-0.9982142448425293
15.191941299999598,-0.014147554524242878,2.5273993015289307,0.9199175238609314,-0.006692558526992798,0.0165418554097414,0.057006631046533585,-0.9982143640518188
15.19675649999408,-0.01406300812959671,2.527381658554077,0.9199533462524414,-0.006772552151232958,0.016163276508450508,0.05710215866565704,-0.998214602470398
15.200361600029282,-0.014047962613403797,2.527534008026123,0.9200707674026489,-0.007642778102308512,0.0160917267203331,0.058453693985939026,-0.9981311559677124
15.204415399988648,-0.014029121026396751,2.5275189876556396,0.9201257228851318,-0.008063221350312233,0.016149859875440598,0.058481473475694656,-0.9981252551078796
15.209208599990234,-0.013969799503684044,2.5275683403015137,0.9201541543006897,-0.007321478333324194,0.016132259741425514,0.058509696274995804,-0.998129665851593
15.213148000009824,-0.013943684287369251,2.5275731086730957,0.9201874732971191,-0.0070468708872795105,0.016216343268752098,0.05833982303738594,-0.9981402158737183
15.217006999999285,-0.013864976353943348,2.527543306350708,0.9202834367752075,-0.007247301749885082,0.01602325402200222,0.058238040655851364,-0.9981478452682495
15.221839500009082,-0.013798044063150883,2.5275166034698486,0.9203156232833862,-0.006982923019677401,0.016062602400779724,0.05808618664741516,-0.9981579184532166
15.225391599989962,-0.013695703819394112,2.527458667755127,0.9203208684921265,-0.007143775466829538,0.016030989587306976,0.0585087426006794,-0.9981326460838318
15.22957339999266,-0.01355006918311119,2.5274291038513184,0.9203360676765442,-0.006770714186131954,0.016156703233718872,0.058245785534381866,-0.9981485605239868
15.233031700016,-0.01355006918311119,2.5274291038513184,0.9203360676765442,-0.006770714186131954,0.016156703233718872,0.058245785534381866,-0.9981485605239868
15.237507599988021,-0.013354450464248657,2.5273630619049072,0.9203121662139893,-0.006508044898509979,0.01618017815053463,0.05825373902916908,-0.9981495141983032
15.242230600037146,-0.013231285847723484,2.5273542404174805,0.9202472567558289,-0.006071162410080433,0.016237463802099228,0.05831723287701607,-0.9981476068496704
15.24607819999801,-0.013104256242513657,2.527301549911499,0.9202187657356262,-0.0064149233512580395,0.01619584485888481,0.05822206288576126,-0.9981517195701599
15.254227299999911,-0.012786054983735085,2.527251958847046,0.9201357960700989,-0.005660839844495058,0.016039704903960228,0.05816569924354553,-0.9981620907783508
15.25874640000984,-0.012657783925533295,2.527157783508301,0.9200476408004761,-0.0048900474794209,0.01683734357357025,0.058556899428367615,-0.9981301426887512
15.26287020003656,-0.012601254507899284,2.5271620750427246,0.9200150370597839,-0.005305307451635599,0.017153548076748848,0.05941266566514969,-0.9980720281600952
15.266876800043974,-0.01249709166586399,2.5271658897399902,0.9199965000152588,-0.005470692180097103,0.017286598682403564,0.059705447405576706,-0.9980514049530029
15.271252900012769,-0.0123617984354496,2.527151346206665,0.9199474453926086,-0.0054375408217310905,0.017356978729367256,0.05990186706185341,-0.9980385899543762
15.276353600027505,-0.012269001454114914,2.5271389484405518,0.9199220538139343,-0.005414188373833895,0.017481300979852676,0.06008205935359001,-0.99802565574646
15.279967900016345,-0.012269001454114914,2.5271389484405518,0.9199220538139343,-0.005414188373833895,0.017481300979852676,0.06008205935359001,-0.99802565574646
15.28392050002003,-0.012079711072146893,2.527097225189209,0.9198554158210754,-0.005046042148023844,0.01782505214214325,0.06006446108222008,-0.9980225563049316
15.287858600029722,-0.011877904646098614,2.5270469188690186,0.9198384284973145,-0.005036224145442247,0.017769059166312218,0.0602429136633873,-0.998012900352478
15.292083800013643,-0.011810380034148693,2.527012825012207,0.9197792410850525,-0.0048784296959638596,0.017933396622538567,0.06035920977592468,-0.9980037808418274
15.296145800035447,-0.011675254441797733,2.527045726776123,0.9196456074714661,-0.004163187462836504,0.018091727048158646,0.0601043701171875,-0.9980194568634033
15.300418400031049,-0.011564835906028748,2.5270559787750244,0.9195394515991211,-0.003947497811168432,0.018116315826773643,0.05990196019411087,-0.9980320334434509
15.305193900014274,-0.011452270671725273,2.5271103382110596,0.9193919897079468,-0.004279066808521748,0.018307358026504517,0.06053639203310013,-0.9979889392852783
15.309012799989432,-0.011306677013635635,2.5271406173706055,0.9191808104515076,-0.0033888001926243305,0.01852479763329029,0.059717677533626556,-0.9980376362800598
15.312889599998016,-0.011116167530417442,2.5271801948547363,0.9189660549163818,-0.0035725203342735767,0.01817929558455944,0.059590667486190796,-0.9980509281158447
15.31690700002946,-0.01099019031971693,2.527252674102783,0.9187960028648376,-0.003134814091026783,0.01773838698863983,0.05959079787135124,-0.998060405254364
15.321308800019324,-0.010824223980307579,2.5273354053497314,0.918651282787323,-0.002875749720260501,0.017747126519680023,0.0596284456551075,-0.9980587363243103
15.327362100011669,-0.010745908133685589,2.5275051593780518,0.9185238480567932,-0.002204576740041375,0.018165526911616325,0.0587964691221714,-0.9981022477149963
15.33136100001866,-0.01063707284629345,2.5277390480041504,0.9184054732322693,-0.000941755308303982,0.01856958493590355,0.05941378325223923,-0.9980602860450745
15.335817500017583,-0.010371366515755653,2.5279271602630615,0.918200671672821,-0.0014108471805229783,0.01761845499277115,0.06075805425643921,-0.9979960322380066
15.339895400044043,-0.010169081389904022,2.5281360149383545,0.9179999828338623,-6.548991950694472e-05,0.017722327262163162,0.061248913407325745,-0.9979651570320129
15.343979199999012,-0.009926775470376015,2.528308391571045,0.9178506135940552,0.0005795444594696164,0.01759747974574566,0.06148778274655342,-0.9979525804519653
15.348648200044408,-0.009724088944494724,2.528468370437622,0.9176564812660217,0.0010500794742256403,0.017826786264777184,0.061814483255147934,-0.9979279041290283
15.352595800010022,-0.009495253674685955,2.528613805770874,0.9174554944038391,0.0014122372958809137,0.017895380035042763,0.06214059889316559,-0.997905969619751
15.356788700039033,-0.0093160942196846,2.5288283824920654,0.9172215461730957,0.0021785753779113293,0.018674714490771294,0.06255130469799042,-0.9978646636009216
15.360525700030848,-0.009097105823457241,2.5289928913116455,0.9169339537620544,0.002530321478843689,0.020111380144953728,0.06250539422035217,-0.9978388547897339
15.364651500014588,-0.008878115564584732,2.5291824340820312,0.9167066812515259,0.002659001387655735,0.020039433613419533,0.06306059658527374,-0.9978049397468567
15.368900700006634,-0.008596115745604038,2.5294837951660156,0.9165422320365906,0.004110684618353844,0.020201386883854866,0.06197994574904442,-0.9978644847869873
15.373336300021037,-0.008352839387953281,2.5296599864959717,0.9163181185722351,0.004011279437690973,0.020166192203760147,0.06253904104232788,-0.9978306889533997
15.377254699997138,-0.008115616627037525,2.5298337936401367,0.9160996079444885,0.004172049928456545,0.020325681194663048,0.06288164854049683,-0.9978052973747253
15.381321599998046,-0.007919205352663994,2.5300490856170654,0.9158610701560974,0.0046044401824474335,0.02068445272743702,0.06387932598590851,-0.9977326393127441
15.385367700015195,-0.007667145226150751,2.5303032398223877,0.9156259298324585,0.0033100948203355074,0.019504353404045105,0.0652594044804573,-0.9976722598075867
15.389546399994288,-0.00746756000444293,2.5304412841796875,0.9153949618339539,0.0038449058774858713,0.019483307376503944,0.06516941636800766,-0.9976766705513
15.393753100011963,-0.007279042154550552,2.5305702686309814,0.9151897430419922,0.004001157358288765,0.01941789872944355,0.06542443484067917,-0.9976605176925659
15.398408600012772,-0.007198976818472147,2.5307652950286865,0.9150084853172302,0.002945460844784975,0.019560296088457108,0.06658990681171417,-0.9975844025611877
15.402836100023706,-0.006970223039388657,2.530855178833008,0.91474848985672,0.002956945914775133,0.01978214830160141,0.06655990332365036,-0.997581958770752
15.40737920004176,-0.006896494887769222,2.530985116958618,0.9145528078079224,0.0022697134409099817,0.020447978749871254,0.06737395375967026,-0.9975156784057617
15.412627900019288,-0.006644056178629398,2.531034231185913,0.9141045808792114,0.0038727023638784885,0.0209147147834301,0.06621221452951431,-0.9975788593292236
15.417177000024822,-0.006466606631875038,2.5310556888580322,0.9139385223388672,0.004050430841743946,0.020389774814248085,0.06627077609300613,-0.9975851774215698
15.421122100029606,-0.006355253979563713,2.5310781002044678,0.9138223528862,0.0038206716999411583,0.020374160259962082,0.06655782461166382,-0.9975672960281372
15.42537449998781,-0.00627297256141901,2.5310587882995605,0.9136986136436462,0.0036216259468346834,0.02022356353700161,0.06679470837116241,-0.9975551962852478
15.429679099994246,-0.00619242899119854,2.531026840209961,0.9135835766792297,0.0036329198628664017,0.020169509574770927,0.06701449304819107,-0.9975415468215942
15.433567200030666,-0.006036416161805391,2.5310020446777344,0.9134839177131653,0.0034450844395905733,0.02020275592803955,0.0672006756067276,-0.9975289702415466
15.43792699999176,-0.005956076085567474,2.5309455394744873,0.9133853912353516,0.0031129620037972927,0.020127002149820328,0.06752938777208328,-0.9975094795227051
15.442596500040963,-0.005808602552860975,2.530843734741211,0.9132120013237,0.004969402216374874,0.020548127591609955,0.06629709899425507,-0.9975759387016296
15.446446800022386,-0.005737416446208954,2.5307514667510986,0.913116455078125,0.004798594396561384,0.02058197744190693,0.0664890930056572,-0.997563362121582
15.450383600022178,-0.0056306165643036366,2.530635356903076,0.9130234718322754,0.00482387887313962,0.02044973522424698,0.06661975383758545,-0.9975571632385254
15.454407400044147,-0.005560143850743771,2.530491828918457,0.9129623770713806,0.0046890960074961185,0.020528556779026985,0.06722681224346161,-0.9975155591964722
15.458808000024874,-0.005447288043797016,2.5303139686584473,0.91287761926651,0.004747726488858461,0.02062941901385784,0.06760577857494354,-0.9974875450134277
15.462757300003432,-0.005329614505171776,2.530094861984253,0.9128286242485046,0.004210472572594881,0.02045363001525402,0.06793845444917679,-0.9974709749221802
15.46705189999193,-0.005216765217483044,2.5298819541931152,0.9127981662750244,0.003899139352142811,0.02029530517756939,0.06864256411790848,-0.9974272847175598
15.47124869999243,-0.0050967903807759285,2.5296006202697754,0.9127496480941772,0.003167210379615426,0.020435014739632607,0.0693025067448616,-0.9973813891410828
15.475245300040115,-0.00498710572719574,2.5293421745300293,0.9127182364463806,0.0027770642191171646,0.02056705951690674,0.06985015422105789,-0.9973415732383728
15.479676100017969,-0.004866098985075951,2.528979778289795,0.912716805934906,0.003563589183613658,0.021334750577807426,0.06953425705432892,-0.9973450303077698
15.483548999996856,-0.004692056216299534,2.5285959243774414,0.9127053618431091,0.0025828576181083918,0.02108737826347351,0.07092322409152985,-0.9972555041313171
15.488476500031538,-0.004543620627373457,2.5282955169677734,0.9126754999160767,0.0021090831141918898,0.02120456099510193,0.07151103764772415,-0.9972122311592102
15.492166300013196,-0.004389864858239889,2.52801251411438,0.9126203060150146,0.0017529289470985532,0.02134101651608944,0.07205919921398163,-0.9971705079078674
15.496152200037614,-0.004234065301716328,2.5276691913604736,0.9125027656555176,0.001316381385549903,0.0207681804895401,0.07379993051290512,-0.9970559477806091
15.500655000039842,-0.004097445402294397,2.5273830890655518,0.912434995174408,0.0015726505080237985,0.021204311400651932,0.07391679286956787,-0.9970377683639526
15.504732100002002,-0.0038238149136304855,2.5270261764526367,0.912309467792511,0.0018288780702278018,0.021509435027837753,0.07428955286741257,-0.9970030188560486
15.508849500038195,-0.003642698284238577,2.526646375656128,0.9122639894485474,0.0025358665734529495,0.02153259888291359,0.07401347160339355,-0.997021496295929
15.512621700007003,-0.003642698284238577,2.526646375656128,0.9122639894485474,0.0025358665734529495,0.02153259888291359,0.07401347160339355,-0.997021496295929
15.517472700041253,-0.0033353655599057674,2.525855541229248,0.9120376110076904,0.002782258903607726,0.022054720669984818,0.07424425333738327,-0.9969923496246338
15.52171639999142,-0.0031924466602504253,2.5254268646240234,0.9119881391525269,0.00132544687949121,0.022193824872374535,0.07523464411497116,-0.9969179630279541
15.52579720003996,-0.003058571368455887,2.5249269008636475,0.9119303226470947,-0.0007789467344991863,0.022287894040346146,0.07699121534824371,-0.9967823028564453
15.529465700034052,-0.0029281978495419025,2.524538993835449,0.9118713140487671,-0.0014655616832897067,0.022268977016210556,0.07754206657409668,-0.9967393279075623
15.533679000043776,-0.0027989058289676905,2.524163007736206,0.9118737578392029,-0.002057224279269576,0.022646982222795486,0.07786087691783905,-0.9967048764228821
15.537772100011352,-0.002648319350555539,2.5237247943878174,0.9118452072143555,-0.00291986926458776,0.022428063675761223,0.07819028198719025,-0.9966818690299988
15.542495600006077,-0.0025784997269511223,2.523231267929077,0.9117580056190491,-0.0031321761198341846,0.021655073389410973,0.0794176235795021,-0.9966012835502625
15.546713699994143,-0.0023993803188204765,2.5226404666900635,0.9115933179855347,-0.0018589174142107368,0.022865252569317818,0.07743776589632034,-0.9967332482337952
15.550387000024784,-0.002209104597568512,2.5222129821777344,0.9115134477615356,-0.00209012720733881,0.023085445165634155,0.07728936523199081,-0.9967392086982727
15.55453690001741,-0.0018795754294842482,2.5216786861419678,0.9113965034484863,-0.004114949610084295,0.022537970915436745,0.07733786851167679,-0.9967416524887085
15.558871300017927,-0.0016611932078376412,2.5212767124176025,0.9112750291824341,-0.004849111195653677,0.022220414131879807,0.07760054618120193,-0.9967251420021057
15.563071899989154,-0.0014577670954167843,2.5208182334899902,0.9111927151679993,-0.00437238859012723,0.022509440779685974,0.07730153948068619,-0.9967440366744995
15.567047199991066,-0.001211416209116578,2.520369052886963,0.911042332649231,-0.005673619918525219,0.02243158593773842,0.07768445461988449,-0.9967094659805298
15.571482700004708,-0.0009557902812957764,2.5198915004730225,0.9109150767326355,-0.005996674299240112,0.02230512909591198,0.07876579463481903,-0.996625542640686
15.575385200034361,-0.0006367848254740238,2.5194756984710693,0.9107536673545837,-0.006043590139597654,0.02250434271991253,0.07883516699075699,-0.9966153502464294
15.579450500023086,-0.00013122893869876862,2.518981456756592,0.9104892611503601,-0.004178651142865419,0.022320205345749855,0.07696445286273956,-0.9967752695083618
15.583960900024977,4.399288445711136e-05,2.5185437202453613,0.9104632139205933,-0.0051078880205750465,0.023124614730477333,0.07698305696249008,-0.9967511892318726
15.588048600009643,0.0003131059929728508,2.5181779861450195,0.9103469252586365,-0.006093455944210291,0.022911015897989273,0.07720143347978592,-0.9967336654663086
15.59238440002082,0.0006056013517081738,2.5178353786468506,0.9101499915122986,-0.0066542960703372955,0.022608302533626556,0.0772877186536789,-0.9967303276062012
15.596567300031893,0.0008844347903504968,2.51741886138916,0.9100098609924316,-0.007695283740758896,0.022155964747071266,0.07716120034456253,-0.9967427849769592
15.600217800005339,0.0011263499036431313,2.5170609951019287,0.9098857045173645,-0.008118698373436928,0.022321483120322227,0.07707774639129639,-0.9967421889305115
15.604790600016713,0.0013889535330235958,2.516648054122925,0.9097435474395752,-0.007323381956666708,0.02244781330227852,0.07623429596424103,-0.9968103766441345
15.608763900003396,0.001679135486483574,2.5161142349243164,0.9095555543899536,-0.008244345895946026,0.02220097742974758,0.07778068631887436,-0.9966892600059509
15.612945200002287,0.002031085081398487,2.5156421661376953,0.9093875885009766,-0.007770749740302563,0.022127864882349968,0.07672710716724396,-0.996776282787323
15.617197600018699,0.0024347342550754547,2.51528263092041,0.9092840552330017,-0.008404538966715336,0.02154061570763588,0.0766327902674675,-0.9967913031578064
15.62108840001747,0.002710954286158085,2.5148355960845947,0.9092167615890503,-0.008989074267446995,0.02124463953077793,0.07692388445138931,-0.9967701435089111
15.625589100003708,0.002997409086674452,2.51450777053833,0.909069836139679,-0.009180947206914425,0.020778482779860497,0.07691272348165512,-0.9967790246009827
15.629415300034452,0.0032188682816922665,2.5141489505767822,0.9089452624320984,-0.010197019204497337,0.020814044401049614,0.07683109492063522,-0.9967747330665588
15.633683099993505,0.0034804518800228834,2.5138614177703857,0.9088318347930908,-0.010598122142255306,0.02058539353311062,0.07672978937625885,-0.9967830181121826
15.63785190001363,0.0037561587523669004,2.513530731201172,0.9086370468139648,-0.009413154795765877,0.020288795232772827,0.07548554241657257,-0.9968960285186768
15.641969199990854,0.003984937909990549,2.513241767883301,0.9085295796394348,-0.00958082266151905,0.02009047195315361,0.07531435042619705,-0.9969114661216736
15.646271100034937,0.0042422013357281685,2.51289439201355,0.9084146022796631,-0.010568236000835896,0.0198859553784132,0.0750858411192894,-0.9969227910041809
15.65018630004488,0.004543740767985582,2.512390613555908,0.9081761240959167,-0.01013843435794115,0.01856868900358677,0.07507019490003586,-0.9969538450241089
15.654321999987587,0.004777342081069946,2.512113571166992,0.9081794619560242,-0.010082319378852844,0.018591945990920067,0.07453426718711853,-0.996994137763977
15.658702599990647,0.005005272570997477,2.5118260383605957,0.90812748670578,-0.009936668910086155,0.018602687865495682,0.07444848120212555,-0.9970018267631531
15.662844200036488,0.0052411193028092384,2.511568784713745,0.908059298992157,-0.01009662076830864,0.01848282292485237,0.07426182180643082,-0.997016429901123
15.667579200002365,0.005437775980681181,2.511340618133545,0.9079986214637756,-0.010198614560067654,0.01844664476811886,0.07397424429655075,-0.997037410736084
15.671257800015155,0.00569674139842391,2.511152744293213,0.9080546498298645,-0.010398146696388721,0.01881147176027298,0.07252456992864609,-0.9971349835395813
15.6755171000259,0.00594784040004015,2.510887622833252,0.9078570604324341,-0.010418909601867199,0.017452450469136238,0.07352424412965775,-0.9970862865447998
15.679816399991978,0.0062047988176345825,2.510629177093506,0.9079193472862244,-0.01141238585114479,0.018038036301732063,0.07236762344837189,-0.997149646282196
15.683804900036193,0.006480840966105461,2.51031231880188,0.9078391790390015,-0.013321551494300365,0.017792997881770134,0.07293370366096497,-0.9970890879631042
15.688740100013092,0.006646149791777134,2.509937047958374,0.90763920545578,-0.012944292277097702,0.016751732677221298,0.07305077463388443,-0.9971035122871399
15.69299430004321,0.0069676609709858894,2.5098824501037598,0.9076634049415588,-0.011171077378094196,0.017062608152627945,0.07158897072076797,-0.9972257614135742
15.697116700001061,0.0072052963078022,2.5095913410186768,0.9075133800506592,-0.010849338956177235,0.01656792312860489,0.07162495702505112,-0.9972350001335144
15.703330199990887,0.007360965944826603,2.5093793869018555,0.907432496547699,-0.010989679954946041,0.016302546486258507,0.07177124917507172,-0.9972273707389832
15.709476799995173,0.007575538009405136,2.5089802742004395,0.9073801636695862,-0.012237202376127243,0.016275441274046898,0.0718761757016182,-0.9972056746482849
15.714234500017483,0.007656409405171871,2.508845567703247,0.9073556065559387,-0.012573853135108948,0.016015639528632164,0.0718938484787941,-0.9972044825553894
15.719486400019377,0.007723873946815729,2.508692741394043,0.9074019193649292,-0.012925224378705025,0.0162102822214365,0.07186473906040192,-0.9971989393234253
15.725229800038505,0.00782216526567936,2.5084197521209717,0.907389760017395,-0.013524461537599564,0.01573856733739376,0.07139811664819717,-0.9972320199012756
15.730211500020232,0.007883153855800629,2.508192777633667,0.9072669744491577,-0.014063729904592037,0.014807219617068768,0.07295279949903488,-0.9971263408660889
15.734223400009796,0.007940627634525299,2.508063554763794,0.9072369337081909,-0.014263371005654335,0.014825573191046715,0.0727638229727745,-0.9971369504928589
15.738011300039943,0.008021678775548935,2.5079104900360107,0.9071834087371826,-0.015017857775092125,0.014544609002768993,0.07258079200983047,-0.9971434473991394
15.74235640000552,0.007986064068973064,2.5077555179595947,0.9071013927459717,-0.016319505870342255,0.01530524529516697,0.07249227166175842,-0.9971180558204651
15.746120300027542,0.008063023909926414,2.5076613426208496,0.9070090651512146,-0.016406400129199028,0.015122790820896626,0.07244371622800827,-0.9971229434013367
15.750650900008623,0.008211717009544373,2.5075931549072266,0.9068394303321838,-0.01611160859465599,0.015102109871804714,0.07198501378297806,-0.9971612691879272
15.754389900015667,0.008277703076601028,2.507465124130249,0.9067108631134033,-0.016904817894101143,0.014782705344259739,0.07181344926357269,-0.9971652626991272
15.75871260004351,0.008312123827636242,2.507415533065796,0.9066205620765686,-0.01701297052204609,0.014741785824298859,0.07172843813896179,-0.9971701502799988
15.76287490001414,0.008396920748054981,2.5073697566986084,0.9065006971359253,-0.01663735881447792,0.014718645252287388,0.07140930742025375,-0.9971997737884521
15.76693990000058,0.008395731449127197,2.507314920425415,0.906444787979126,-0.01641715317964554,0.014806028455495834,0.07123804092407227,-0.9972143769264221
15.771220599999651,0.008357090875506401,2.5072624683380127,0.9063253402709961,-0.016490988433361053,0.01457160897552967,0.07109716534614563,-0.9972266554832458
15.775265200005379,0.008343145251274109,2.5072214603424072,0.9062631130218506,-0.01625586301088333,0.014628269709646702,0.07074825465679169,-0.9972545504570007
15.779607900010888,0.008332900702953339,2.5071730613708496,0.9061847925186157,-0.016256161034107208,0.014714421704411507,0.07067454606294632,-0.9972584247589111
15.783770900045056,0.008276514708995819,2.5070621967315674,0.9060526490211487,-0.015019678510725498,0.015003342181444168,0.06936275959014893,-0.9973655939102173
15.788366900000256,0.00825368333607912,2.5070016384124756,0.9059529304504395,-0.014693189412355423,0.015081604942679405,0.06895033270120621,-0.9973978996276855
15.792424299987033,0.008213046938180923,2.5069305896759033,0.9057952761650085,-0.014517314732074738,0.015091067180037498,0.06841552257537842,-0.9974371194839478
15.79619319998892,0.008193878456950188,2.5068819522857666,0.9056621789932251,-0.014345813542604446,0.015095975250005722,0.06818568706512451,-0.9974552989006042
15.800333200022578,0.008146176114678383,2.506805896759033,0.9055129885673523,-0.014132820069789886,0.015158171765506268,0.06773382425308228,-0.9974881410598755
15.804386800038628,0.00813567265868187,2.506723642349243,0.9053372740745544,-0.013874945230782032,0.015292701311409473,0.06719204038381577,-0.9975263476371765
15.8085626999964,0.008099829778075218,2.506655693054199,0.9051517844200134,-0.013838624581694603,0.015218687243759632,0.06663765758275986,-0.9975652694702148
15.812838000012562,0.008050366304814816,2.506572723388672,0.9049889445304871,-0.01394911203533411,0.015285341069102287,0.066485695540905,-0.9975728392601013
15.816863899992313,0.008002310991287231,2.5065088272094727,0.9048140645027161,-0.01382354460656643,0.015180866234004498,0.0661272183060646,-0.9976000189781189
15.82112340000458,0.007885853759944439,2.506385087966919,0.9046602249145508,-0.013108165003359318,0.015255887061357498,0.0653052031993866,-0.9976626634597778
15.825710500008427,0.007794605568051338,2.5062758922576904,0.9044891595840454,-0.012953291647136211,0.015263366512954235,0.06497659534215927,-0.9976860284805298
15.829499899991788,0.007711942307651043,2.506089448928833,0.904218852519989,-0.011053298600018024,0.015857577323913574,0.06318573653697968,-0.9978145956993103
15.833943300007377,0.007620080374181271,2.505971670150757,0.9040781259536743,-0.011272878386080265,0.01600155234336853,0.06319677829742432,-0.997809112071991
15.838392200006638,0.007512928918004036,2.505852699279785,0.903934121131897,-0.01158897951245308,0.016178162768483162,0.06310606747865677,-0.9978083968162537
15.842323900025804,0.007396041415631771,2.505655288696289,0.9036725759506226,-0.01188406627625227,0.015478812158107758,0.06405718624591827,-0.9977554678916931
15.849971399991773,0.007160091772675514,2.505190372467041,0.90313321352005,-0.013723465614020824,0.014545910060405731,0.06493761390447617,-0.9976889491081238
15.854487600037828,0.0070599280297756195,2.5050456523895264,0.9029869437217712,-0.01387696247547865,0.014664997346699238,0.06499653309583664,-0.9976812601089478
15.8588115000166,0.0069696418941020966,2.5049006938934326,0.9028192758560181,-0.01369578018784523,0.014988310635089874,0.06488817185163498,-0.9976860284805298
15.863111799990293,0.006856746971607208,2.504742383956909,0.9026489853858948,-0.013405452482402325,0.015262673608958721,0.06475533545017242,-0.9976944327354431
15.867348900006618,0.006787548772990704,2.5045838356018066,0.9024816751480103,-0.013485237956047058,0.015232234261929989,0.06489916145801544,-0.9976844787597656
15.871035300020594,0.006640562787652016,2.5043792724609375,0.9023169875144958,-0.01251905970275402,0.01568901538848877,0.06409294158220291,-0.9977420568466187
15.875417400035076,0.006530126556754112,2.5042128562927246,0.9021297097206116,-0.012467681430280209,0.015675639733672142,0.06405047327280045,-0.99774569272995
15.879373100004159,0.006369980983436108,2.504054307937622,0.9019617438316345,-0.012286679819226265,0.016194120049476624,0.06384295970201492,-0.9977529644966125
15.884520400024485,0.006228427402675152,2.5038397312164307,0.9017806053161621,-0.012122752144932747,0.01592116802930832,0.06365352869033813,-0.9977715015411377
15.891910100006498,0.0057913693599402905,2.503300905227661,0.9012396931648254,-0.010916953906416893,0.017518138512969017,0.06147505342960358,-0.9978951811790466
15.896258599997964,0.0056213936768472195,2.5030276775360107,0.9009854793548584,-0.01216048002243042,0.018347518518567085,0.06171206757426262,-0.9978513121604919
15.900205000012647,0.005431706085801125,2.502843141555786,0.9008162617683411,-0.012180519290268421,0.018392132595181465,0.061840031296014786,-0.9978423118591309
15.90442899998743,0.00521690072491765,2.502622604370117,0.9006286263465881,-0.012192499823868275,0.01832219399511814,0.06196332350373268,-0.9978358149528503
15.908544800011441,0.00504143163561821,2.502211570739746,0.9003392457962036,-0.011512747034430504,0.017586179077625275,0.06344468891620636,-0.9977640509605408
15.912739199993666,0.00486030662432313,2.501934051513672,0.9001486301422119,-0.011394423432648182,0.017345035448670387,0.06371071934700012,-0.9977526068687439
15.91715120000299,0.004621312953531742,2.501682758331299,0.8999385833740234,-0.01096276193857193,0.017584174871444702,0.06310831010341644,-0.9977915287017822
15.921526000020094,0.004492625594139099,2.501404285430908,0.8998333811759949,-0.011101915501058102,0.017133094370365143,0.06266973912715912,-0.9978255033493042
15.92532380000921,0.004319282248616219,2.5010297298431396,0.8996648192405701,-0.009545804932713509,0.018243657425045967,0.06075438857078552,-0.9979403614997864
15.929361100017559,0.004091196693480015,2.5007688999176025,0.8996365666389465,-0.010190506465733051,0.017935065552592278,0.06097961589694023,-0.997925877571106
15.933663100004196,0.00398993119597435,2.5004124641418457,0.8995475769042969,-0.009313322603702545,0.017809735611081123,0.05938864126801491,-0.9980325698852539
15.937863500032108,0.0038159750401973724,2.499993085861206,0.8993472456932068,-0.00908932089805603,0.017413131892681122,0.0591873973608017,-0.9980536699295044
15.941880200000014,0.0035404451191425323,2.499460220336914,0.8989927768707275,-0.008633005432784557,0.018896447494626045,0.05703634023666382,-0.9981560111045837
15.946183399995789,0.0032686679624021053,2.499070167541504,0.8989167809486389,-0.009899972006678581,0.019321447238326073,0.056927818804979324,-0.9981422424316406
15.951117300020996,0.0031565530225634575,2.498769521713257,0.8987987637519836,-0.010285397991538048,0.01886865310370922,0.05676465108990669,-0.9981563687324524
15.954873999988195,0.0029211677610874176,2.4984591007232666,0.8986800312995911,-0.010453160852193832,0.018954148516058922,0.056599609553813934,-0.9981623291969299
15.958941999997478,0.002750162035226822,2.4980714321136475,0.8984992504119873,-0.009531223215162754,0.018762268126010895,0.055607520043849945,-0.9982308745384216
15.962713100016117,0.002584821544587612,2.4977657794952393,0.8983785510063171,-0.009616775438189507,0.018780648708343506,0.05546446889638901,-0.9982377290725708
15.967028399987612,0.002490617334842682,2.4973816871643066,0.8980956077575684,-0.01023587305098772,0.016958650201559067,0.056825026869773865,-0.9981877207756042
15.971034399990458,0.0022124601528048515,2.4969959259033203,0.8980256915092468,-0.010705782100558281,0.0175009835511446,0.05705276131629944,-0.9981604218482971
15.975102199998219,0.002099878853186965,2.4965999126434326,0.8979198336601257,-0.011351878754794598,0.017409436404705048,0.0583738349378109,-0.9980784058570862
15.979658900003415,0.0019245946314185858,2.4962527751922607,0.8978791236877441,-0.011021438986063004,0.017677435651421547,0.05754409357905388,-0.9981256127357483
15.983616100042127,0.0017703452613204718,2.4958040714263916,0.8976881504058838,-0.01244006771594286,0.018157541751861572,0.056933339685201645,-0.9981353282928467
15.987847300013527,0.0017207339406013489,2.4953997135162354,0.8975527286529541,-0.012967499904334545,0.016607733443379402,0.058017875999212265,-0.9980932474136353
15.992168300028425,0.001629311591386795,2.495022773742676,0.8974347710609436,-0.013978308066725731,0.016432343050837517,0.058086294680833817,-0.998078465461731
15.996107000042684,0.001500805839896202,2.4946722984313965,0.8973270058631897,-0.014112590812146664,0.016682879999279976,0.057894516736269,-0.9980835914611816
16.000399800017476,0.0013964083045721054,2.4943034648895264,0.8972055315971375,-0.015932900831103325,0.0167086124420166,0.05812007188796997,-0.998042643070221
16.00444620003691,0.001128162257373333,2.4938387870788574,0.8968786597251892,-0.012747109867632389,0.018374621868133545,0.055516406893730164,-0.9982072710990906
16.008788800041657,0.0009288047440350056,2.493516683578491,0.8968529105186462,-0.013221987523138523,0.01883864961564541,0.05567298084497452,-0.9981837868690491
16.013253200042527,0.0007594176568090916,2.493265390396118,0.8967673778533936,-0.013647581450641155,0.01864764094352722,0.05600302666425705,-0.9981631636619568
16.017126900027506,0.0005683731869794428,2.492952346801758,0.8967783451080322,-0.014264711178839207,0.01928403414785862,0.05637967586517334,-0.9981212019920349
16.021246100019198,0.00038175430381670594,2.492689609527588,0.896628201007843,-0.01428553182631731,0.018418356776237488,0.05698634311556816,-0.9981028437614441
16.025367700029165,0.0001425696536898613,2.492500066757202,0.8965684771537781,-0.0142842261120677,0.01775187812745571,0.057783398777246475,-0.9980691075325012
16.029916400031652,-0.0001624880824238062,2.4921834468841553,0.8964931964874268,-0.014584576711058617,0.016818877309560776,0.05951206758618355,-0.9979793429374695
16.0338008000399,-0.00040237046778202057,2.491936683654785,0.8964451551437378,-0.015346593223512173,0.017050543799996376,0.05939360335469246,-0.9979709982872009
16.03795110003557,-0.0006477902643382549,2.491607904434204,0.8963592052459717,-0.015093362890183926,0.016584914177656174,0.059432920068502426,-0.9979804158210754
16.042737600044347,-0.0009177839383482933,2.4913315773010254,0.8963096737861633,-0.015530421398580074,0.016494352370500565,0.06046461686491966,-0.9979131817817688
16.046537399990484,-0.0011304812505841255,2.4911344051361084,0.8962470889091492,-0.015969809144735336,0.0165749229490757,0.06058536842465401,-0.9978976249694824
16.050369500007946,-0.0014025354757905006,2.490922212600708,0.8961661458015442,-0.015791159123182297,0.017061354592442513,0.06024014577269554,-0.9979131817817688
16.054705500020646,-0.0016112672165036201,2.4907424449920654,0.8960482478141785,-0.01577780582010746,0.0169173926115036,0.05995552986860275,-0.997933030128479
16.05862419999903,-0.0017730677500367165,2.4905688762664795,0.8959491848945618,-0.016125112771987915,0.016770295798778534,0.05991724133491516,-0.9979321956634521
16.06334260001313,-0.002018607221543789,2.4903290271759033,0.8958572745323181,-0.015079854056239128,0.0172605961561203,0.058707110583782196,-0.9980121850967407
16.06793130002916,-0.0021577500738203526,2.490095615386963,0.8955793976783752,-0.013106286525726318,0.017197737470269203,0.05668899044394493,-0.998157799243927
16.072945300024003,-0.0024452703073620796,2.4899039268493652,0.8955386877059937,-0.014250089414417744,0.01824832335114479,0.056316547095775604,-0.9981445074081421
16.07717900001444,-0.0026656147092580795,2.48972749710083,0.8954581022262573,-0.014906199648976326,0.018198950216174126,0.05637846142053604,-0.9981322884559631
16.08121720002964,-0.0028700674884021282,2.489649534225464,0.8954252004623413,-0.014876197092235088,0.018175240606069565,0.05628456920385361,-0.9981385469436646
16.08472670003539,-0.0030626440420746803,2.4895567893981934,0.8953973054885864,-0.015121260657906532,0.01753905974328518,0.05625997856259346,-0.9981476068496704
16.091922499996144,-0.0035762800835072994,2.489481210708618,0.8953338861465454,-0.0151393236592412,0.017362477257847786,0.056116197258234024,-0.9981585144996643
16.09625950001646,-0.0038188102189451456,2.4894278049468994,0.8953027725219727,-0.015407169237732887,0.016928017139434814,0.056548990309238434,-0.9981374740600586
16.10015180002665,-0.004165884107351303,2.4892916679382324,0.8951318860054016,-0.015515599399805069,0.01537307444959879,0.057855334132909775,-0.9980860352516174
16.104603000043426,-0.004407232627272606,2.489246129989624,0.8951361179351807,-0.015345473773777485,0.015305208042263985,0.05759354308247566,-0.9981048107147217
16.108721300028265,-0.004651503637433052,2.4891486167907715,0.8951079845428467,-0.015950633212924004,0.015293368138372898,0.05723699554800987,-0.9981160163879395
16.113097099994775,-0.0049827322363853455,2.489084482192993,0.8952038288116455,-0.0162978358566761,0.01460335310548544,0.05742504075169563,-0.9981099367141724
16.11803370004054,-0.0052328696474432945,2.4890847206115723,0.8952285051345825,-0.016085222363471985,0.014763670042157173,0.057492341846227646,-0.9981071949005127
16.122174800024368,-0.005476685240864754,2.4890503883361816,0.8952237367630005,-0.016238540410995483,0.014994623139500618,0.05750790983438492,-0.9981003403663635
16.126019300019834,-0.0057946136221289635,2.4890010356903076,0.895220160484314,-0.015435285866260529,0.01562012080103159,0.056786928325891495,-0.9981448650360107
16.130064100027084,-0.006022152025252581,2.488990068435669,0.8952158689498901,-0.015227509662508965,0.01579410210251808,0.056842006742954254,-0.9981421232223511
16.134169900033157,-0.006251860875636339,2.489006519317627,0.8952476382255554,-0.015264374203979969,0.01584363542497158,0.05703435465693474,-0.9981297850608826
16.13807700003963,-0.006589942146092653,2.489029884338379,0.8952991962432861,-0.0156916044652462,0.01637454703450203,0.05755549669265747,-0.9980846643447876
16.14211710001109,-0.006934386678040028,2.4890835285186768,0.8954334855079651,-0.014911576174199581,0.01711633987724781,0.05744372680783272,-0.9980906844139099
16.149143900023773,-0.007202583365142345,2.4891035556793213,0.8954415321350098,-0.014850812032818794,0.017035508528351784,0.05739935487508774,-0.9980954527854919
16.154632300022058,-0.007875800132751465,2.489121198654175,0.8954032063484192,-0.014664250425994396,0.016130654141306877,0.05788664147257805,-0.9980851411819458
16.15870100003667,-0.008103657513856888,2.48913311958313,0.8953651785850525,-0.014658819884061813,0.01587982475757599,0.05795678868889809,-0.9980851411819458
16.162686399999075,-0.008504815399646759,2.488986015319824,0.8951543569564819,-0.013592025265097618,0.017087075859308243,0.05628538131713867,-0.9981760382652283
16.16695310000796,-0.008504815399646759,2.488986015319824,0.8951543569564819,-0.013592025265097618,0.017087075859308243,0.05628538131713867,-0.9981760382652283
16.17123510001693,-0.009060335345566273,2.48907470703125,0.8953118324279785,-0.014741750434041023,0.01709791272878647,0.05762851610779762,-0.9980828762054443
16.175304700038396,-0.009336871095001698,2.489091634750366,0.8954411745071411,-0.014912393875420094,0.017323456704616547,0.05806342139840126,-0.9980511665344238
16.179459400009364,-0.009583938866853714,2.489089012145996,0.8955108523368835,-0.01520876307040453,0.017416073009371758,0.05811111256480217,-0.9980423450469971
16.183507900044788,-0.009826517663896084,2.489112138748169,0.8956282138824463,-0.015683937817811966,0.017199568450450897,0.058427099138498306,-0.9980202913284302
16.187851099995896,-0.01012005191296339,2.4891715049743652,0.8957371115684509,-0.015050522051751614,0.017131002619862556,0.05823436379432678,-0.9980424642562866
16.191957500006538,-0.01032952405512333,2.48917818069458,0.895850419998169,-0.014759091660380363,0.017092151567339897,0.057834360748529434,-0.9980707764625549
16.19614240003284,-0.010624312795698643,2.489190101623535,0.8959314227104187,-0.014955196529626846,0.01740320213139057,0.0581897534430027,-0.9980418682098389
16.20027640002081,-0.010867292061448097,2.489098310470581,0.8960397243499756,-0.01441119983792305,0.017472775653004646,0.05749800056219101,-0.9980886578559875
16.205000300018582,-0.011076790280640125,2.4891088008880615,0.8961210250854492,-0.014329778961837292,0.01743648201227188,0.057640157639980316,-0.9980822801589966
16.208797400002368,-0.01130220852792263,2.489131450653076,0.8962006568908691,-0.01412971317768097,0.017422454431653023,0.05770879611372948,-0.9980814456939697
16.213005000026897,-0.011509989388287067,2.489145278930664,0.8962821364402771,-0.014075827784836292,0.017480874434113503,0.057717785239219666,-0.9980807304382324
16.21719049999956,-0.011691947467625141,2.489222764968872,0.8963609933853149,-0.013406026177108288,0.01767435297369957,0.05794509872794151,-0.9980733394622803
16.22215490002418,-0.011935367248952389,2.4892499446868896,0.8964955806732178,-0.01320392731577158,0.017700843513011932,0.05764687806367874,-0.9980928301811218
16.226110799994785,-0.01207596343010664,2.489257335662842,0.8965926170349121,-0.013146457262337208,0.017778869718313217,0.05771039053797722,-0.998088538646698
16.22972760000266,-0.01220373809337616,2.489257335662842,0.8966791033744812,-0.013143425807356834,0.017490683123469353,0.05774782970547676,-0.9980915188789368
16.233516500040423,-0.01231963001191616,2.4892849922180176,0.8968050479888916,-0.012448570691049099,0.01747729629278183,0.05763044208288193,-0.9981074333190918
16.237663300009444,-0.012408600188791752,2.489220380783081,0.8968967795372009,-0.012943120673298836,0.017306188121438026,0.05758602172136307,-0.9981065988540649
16.24264300003415,-0.012561946175992489,2.4891979694366455,0.8970249891281128,-0.012592279352247715,0.0169515460729599,0.057324256747961044,-0.9981322884559631
16.246090200031176,-0.012637139298021793,2.489168643951416,0.8971273899078369,-0.012403055094182491,0.016956761479377747,0.05720246955752373,-0.9981415271759033
16.250502000038978,-0.012725482694804668,2.489144802093506,0.8972873687744141,-0.01249576173722744,0.018123850226402283,0.057467926293611526,-0.9981046915054321
16.254581700020935,-0.012765180319547653,2.4891140460968018,0.8974204063415527,-0.012461956590414047,0.01768467389047146,0.05746500939130783,-0.9981131553649902
16.258776900009252,-0.012833231128752232,2.489123582839966,0.89750075340271,-0.012429967522621155,0.017439397051930428,0.05749031528830528,-0.9981163740158081
16.262901000038255,-0.012860973365604877,2.4890716075897217,0.8976019024848938,-0.012966691516339779,0.017275679856538773,0.05766649171710014,-0.9981022477149963
16.266918800014537,-0.01290771085768938,2.489067554473877,0.8977031111717224,-0.012864612974226475,0.01709338091313839,0.05775855854153633,-0.9981014132499695
16.271280199987814,-0.01297255139797926,2.48907470703125,0.8977966904640198,-0.012936989776790142,0.01696016825735569,0.05772389471530914,-0.9981046915054321
16.275324499991257,-0.013111608102917671,2.4890780448913574,0.8979532718658447,-0.01316153910011053,0.01658729463815689,0.05797543004155159,-0.9980934262275696
16.27944060001755,-0.013177605345845222,2.4890921115875244,0.8980548977851868,-0.013080454431474209,0.016487063840031624,0.05789235606789589,-0.9981010556221008
16.283542999997735,-0.013277539052069187,2.489168882369995,0.8982788324356079,-0.010966956615447998,0.016095638275146484,0.05746551603078842,-0.9981575012207031
16.289741399988998,-0.01332230307161808,2.489161729812622,0.8984014391899109,-0.011165149509906769,0.015654398128390312,0.05737065151333809,-0.9981677532196045
16.294473199988715,-0.013364261947572231,2.4891624450683594,0.8984917402267456,-0.01110844872891903,0.015500842593610287,0.057299286127090454,-0.9981749057769775
16.298355300037656,-0.013406684622168541,2.4891581535339355,0.8985796570777893,-0.011104215867817402,0.015374832786619663,0.05727183818817139,-0.9981784820556641
16.301964599988423,-0.013452837243676186,2.4891679286956787,0.8986442685127258,-0.011115740984678268,0.01536904089152813,0.057259198278188705,-0.9981791973114014
16.30616800003918,-0.013479417189955711,2.4891622066497803,0.8987071514129639,-0.011108482256531715,0.015162134543061256,0.05717551335692406,-0.998187243938446
16.310286300024018,-0.01349613256752491,2.4891536235809326,0.898754894733429,-0.010974841192364693,0.014986395835876465,0.05723224952816963,-0.9981880784034729
16.313873600040097,-0.013525538146495819,2.4891650676727295,0.8988028168678284,-0.011042053811252117,0.014716648496687412,0.05726908892393112,-0.9981892704963684
16.317353099992033,-0.013561740517616272,2.489098310470581,0.8988529443740845,-0.011932337656617165,0.014807289466261864,0.05715133249759674,-0.9981843829154968
16.32127960002981,-0.01358744502067566,2.4890692234039307,0.8989343643188477,-0.01223439909517765,0.014649043790996075,0.05718756467103958,-0.9981809854507446
16.325437400024384,-0.01360531896352768,2.4890618324279785,0.8990176320075989,-0.01221701130270958,0.014413715340197086,0.05731116980314255,-0.9981775283813477
16.329530199989676,-0.013673238456249237,2.4889683723449707,0.899106502532959,-0.011163570918142796,0.01448511891067028,0.056261420249938965,-0.9982486367225647
16.334123100037687,-0.013729732483625412,2.4889416694641113,0.8992578387260437,-0.011178581044077873,0.014629846438765526,0.05645035207271576,-0.9982357025146484
16.33821800001897,-0.013755949214100838,2.4889116287231445,0.8993707895278931,-0.011188773438334465,0.014498256146907806,0.056559596210718155,-0.9982312321662903
16.34201970003778,-0.013845382258296013,2.4888954162597656,0.8996720314025879,-0.013812700286507607,0.013948816806077957,0.05969398468732834,-0.9980237483978271
16.346086200035643,-0.013872098177671432,2.4887850284576416,0.8997958302497864,-0.014693823643028736,0.01370247732847929,0.05987947806715965,-0.9980034232139587
16.349627099989448,-0.013872098177671432,2.4887850284576416,0.8997958302497864,-0.014693823643028736,0.01370247732847929,0.05987947806715965,-0.9980034232139587
16.354634499992244,-0.013910667039453983,2.4886317253112793,0.9000301957130432,-0.015019088052213192,0.01369683351367712,0.05996421352028847,-0.9979935884475708
16.35856840002816,-0.013935066759586334,2.4885306358337402,0.9001157879829407,-0.01506831031292677,0.01361980102956295,0.05986599624156952,-0.9979998469352722
16.362765600031707,-0.013916737399995327,2.488406181335449,0.9001944661140442,-0.015311351977288723,0.013626736588776112,0.060116544365882874,-0.9979808926582336
16.36712609999813,-0.013897962868213654,2.488271474838257,0.9002718925476074,-0.015568730421364307,0.013569068163633347,0.06037348881363869,-0.997962236404419
16.371058400021866,-0.013896390795707703,2.4881319999694824,0.9003555178642273,-0.015795832499861717,0.013412057422101498,0.06068321317434311,-0.9979420304298401
16.37530340004014,-0.013945762999355793,2.487908363342285,0.9003906846046448,-0.014301811344921589,0.013296428136527538,0.059317443519830704,-0.9980481863021851
16.379695200012065,-0.013884954154491425,2.4877212047576904,0.9005065560340881,-0.014408031478524208,0.01265880186110735,0.05928095430135727,-0.9980570673942566
16.385568300029263,-0.013867358677089214,2.48751163482666,0.9005995988845825,-0.01455460675060749,0.012366953305900097,0.059515099972486496,-0.9980447292327881
16.390005099994596,-0.013890907168388367,2.4873204231262207,0.9007108211517334,-0.014748687855899334,0.012141554616391659,0.059534020721912384,-0.9980435371398926
16.394831500016153,-0.01388589572161436,2.487004041671753,0.9008589386940002,-0.015242929570376873,0.011850914917886257,0.060759127140045166,-0.9979656934738159
16.40038840001216,-0.013863969594240189,2.486501693725586,0.9013527035713196,-0.014634151011705399,0.011047991923987865,0.05955224111676216,-0.9980567693710327
16.404535400040913,-0.013930777087807655,2.4862706661224365,0.9015560746192932,-0.014437521807849407,0.011451540514826775,0.05968039482831955,-0.9980474710464478
16.40873379999539,-0.013987361453473568,2.4860053062438965,0.9017278552055359,-0.015425192192196846,0.011539640836417675,0.05960587412118912,-0.9980360865592957
16.41311520000454,-0.0140016358345747,2.4857394695281982,0.9018698334693909,-0.014935036189854145,0.011709402315318584,0.05888134613633156,-0.9980846643447876
16.41728580003837,-0.014004286378622055,2.4854729175567627,0.9020037055015564,-0.015892062336206436,0.011599825695157051,0.05901001766324043,-0.9980635046958923
16.42104119999567,-0.014071004465222359,2.4851837158203125,0.9020696878433228,-0.01670674979686737,0.011400801129639149,0.06007877364754677,-0.9979887008666992
16.425309100013692,-0.014082269743084908,2.4849069118499756,0.9022608995437622,-0.01769857294857502,0.011472749523818493,0.06010550633072853,-0.9979692101478577
16.429485400032718,-0.013987007550895214,2.484633445739746,0.9023383855819702,-0.017869267612695694,0.010528367944061756,0.059832438826560974,-0.997992992401123
16.433901000011247,-0.013961775228381157,2.4843907356262207,0.9024692177772522,-0.01777113787829876,0.010200482793152332,0.059614893049001694,-0.9980111122131348
16.43805490003433,-0.014002098701894283,2.484062910079956,0.9025238752365112,-0.017565423622727394,0.010533601976931095,0.05875125527381897,-0.9980625510215759
16.44219620001968,-0.014102325774729252,2.4837710857391357,0.9027562737464905,-0.018144972622394562,0.011132133193314075,0.058754634112119675,-0.9980454444885254
16.446144399989862,-0.0141212223097682,2.4835009574890137,0.9029474258422852,-0.01782914437353611,0.011345839127898216,0.058497946709394455,-0.998063862323761
16.450511700008065,-0.014124284498393536,2.483273983001709,0.9030815958976746,-0.01787416636943817,0.01145297009497881,0.0587199367582798,-0.9980487823486328
16.45438860001741,-0.014107157476246357,2.482999563217163,0.9031389355659485,-0.0189399141818285,0.011211232282221317,0.05930660665035248,-0.9979972243309021
16.458821500011254,-0.014108782634139061,2.482713460922241,0.9032744765281677,-0.019411563873291016,0.011087470687925816,0.06075156107544899,-0.9979025721549988
16.46271130000241,-0.014120836742222309,2.4825050830841064,0.903418242931366,-0.019326528534293175,0.011142297647893429,0.060576241463422775,-0.9979142546653748
16.46762770001078,-0.014160280115902424,2.482217788696289,0.9036600589752197,-0.018442094326019287,0.011761748231947422,0.059779562056064606,-0.9979719519615173
16.471692499995697,-0.014091393910348415,2.481951951980591,0.9037806987762451,-0.017111394554376602,0.012173200026154518,0.05864774435758591,-0.9980578422546387
16.47524679999333,-0.014046450145542622,2.481762647628784,0.9039655327796936,-0.018051642924547195,0.011005675420165062,0.05882345512509346,-0.9980445504188538
16.479499700013548,-0.014016013592481613,2.4815640449523926,0.9040800333023071,-0.01809179037809372,0.01093415915966034,0.05868089944124222,-0.9980529546737671
16.483430700027384,-0.014038681983947754,2.481395721435547,0.9043272137641907,-0.01785293221473694,0.011781192384660244,0.05783575028181076,-0.9980970025062561
16.487865600036457,-0.014006998389959335,2.4812233448028564,0.9044053554534912,-0.018016234040260315,0.011703836731612682,0.05767038092017174,-0.9981045722961426
16.492009999987204,-0.014011433348059654,2.481112241744995,0.9045978784561157,-0.017334705218672752,0.011556727811694145,0.057543981820344925,-0.9981256127357483
16.496059700031765,-0.014001750387251377,2.480813503265381,0.9046608209609985,-0.0196165032684803,0.01222484465688467,0.0575556643307209,-0.9980747103691101
16.500388899992686,-0.013929066248238087,2.4807217121124268,0.9047691226005554,-0.017090657725930214,0.011699662543833256,0.05645236372947693,-0.9981905221939087
16.504418900003657,-0.013936345465481281,2.4805421829223633,0.9048817753791809,-0.016995267942547798,0.01154146809130907,0.05589256435632706,-0.9982255101203918
16.508677100006025,-0.013938069343566895,2.480419397354126,0.9049503803253174,-0.017048418521881104,0.011580610647797585,0.05570947751402855,-0.9982342720031738
16.512693400029093,-0.0139384800568223,2.480351686477661,0.9049994349479675,-0.01686565764248371,0.011526290327310562,0.055515456944704056,-0.998248815536499
16.516852000029758,-0.013943776488304138,2.48024845123291,0.9050623774528503,-0.016787981614470482,0.011590330861508846,0.05536763742566109,-0.998257577419281
16.521348600042984,-0.013967692852020264,2.4801721572875977,0.9051239490509033,-0.016802344471216202,0.011476700194180012,0.055437203496694565,-0.9982548356056213
16.525446699990425,-0.013977190479636192,2.4801013469696045,0.9051902294158936,-0.01672327145934105,0.011459164321422577,0.05537886172533035,-0.9982596039772034
16.52949849999277,-0.013981345109641552,2.4799985885620117,0.9052525162696838,-0.01683271862566471,0.011464300565421581,0.0554489865899086,-0.9982538819313049
16.53367780003464,-0.014042788185179234,2.4798219203948975,0.905310869216919,-0.017794616520404816,0.01161855086684227,0.055494509637355804,-0.9982328414916992
16.5372685000184,-0.014042788185179234,2.4798219203948975,0.905310869216919,-0.017794616520404816,0.01161855086684227,0.055494509637355804,-0.9982328414916992
16.54199629998766,-0.014047170989215374,2.479623317718506,0.905457079410553,-0.01782998815178871,0.011614549905061722,0.05527845770120621,-0.9982441663742065
16.54608170001302,-0.014098983258008957,2.479505777359009,0.9055464863777161,-0.017909329384565353,0.011795910075306892,0.05538177117705345,-0.9982349872589111
16.550321399990935,-0.014138298109173775,2.479408025741577,0.9056010246276855,-0.01805851049721241,0.011783652007579803,0.055412497371435165,-0.9982307553291321
16.55464440002106,-0.014118035323917866,2.479306697845459,0.905608594417572,-0.017957231029868126,0.011613369919359684,0.05534813925623894,-0.9982380867004395
16.558621700038202,-0.01413994375616312,2.479213237762451,0.9056410193443298,-0.018051274120807648,0.011609291657805443,0.05530675873160362,-0.9982388019561768
16.562981299997773,-0.014204597100615501,2.4791557788848877,0.9056530594825745,-0.018038908019661903,0.011326293461024761,0.05526113137602806,-0.9982447624206543
16.567147699999623,-0.014211775735020638,2.479064702987671,0.9057735204696655,-0.01839629001915455,0.012249848805367947,0.055615149438381195,-0.998207688331604
16.57141810003668,-0.01421687938272953,2.4790008068084717,0.9057904481887817,-0.01848783902823925,0.012169956229627132,0.05592438951134682,-0.9981896281242371
16.57589580002241,-0.01434078998863697,2.478888988494873,0.9057921171188354,-0.017445461824536324,0.012186327949166298,0.054860539734363556,-0.9982672333717346
16.579954700020608,-0.014359831809997559,2.4788272380828857,0.9058038592338562,-0.0173516683280468,0.012145164422690868,0.054836809635162354,-0.9982707500457764
16.5837421999895,-0.014390077441930771,2.478785276412964,0.9058145880699158,-0.017519662156701088,0.012101511470973492,0.05503135547041893,-0.998257577419281
16.587755299988203,-0.014455681666731834,2.4787209033966064,0.9058413505554199,-0.01745876669883728,0.012142122723162174,0.055032406002283096,-0.9982581734657288
16.592015100002754,-0.014515536837279797,2.4786694049835205,0.9058864712715149,-0.01759370043873787,0.012252670712769032,0.0550500750541687,-0.9982534050941467
16.596171400044113,-0.014589542523026466,2.4786338806152344,0.9059346914291382,-0.01791512221097946,0.01245011668652296,0.05515369027853012,-0.9982395172119141
16.60036839998793,-0.014659921638667583,2.478588819503784,0.9059776663780212,-0.01791505143046379,0.012538696639239788,0.05513789504766464,-0.998239278793335
16.60453640000196,-0.014732707291841507,2.4784865379333496,0.9059769511222839,-0.018363958224654198,0.012475610710680485,0.05598897114396095,-0.9981846213340759
16.608578100043815,-0.014784508384764194,2.4784374237060547,0.9059887528419495,-0.018226254731416702,0.012598345056176186,0.05596897006034851,-0.9981866478919983
16.612988300039433,-0.014871029183268547,2.4784109592437744,0.9060195088386536,-0.01825731247663498,0.012845169752836227,0.055974774062633514,-0.9981826543807983
16.61765660002129,-0.014945704489946365,2.478350877761841,0.9060173034667969,-0.018594974651932716,0.012966933660209179,0.056100159883499146,-0.9981677532196045
16.621805600007065,-0.015031320042908192,2.47827410697937,0.906038224697113,-0.01866159215569496,0.01312435045838356,0.05605393648147583,-0.9981670379638672
16.625922000035644,-0.01512086484581232,2.478032350540161,0.9058800339698792,-0.020265724509954453,0.013261217623949051,0.05854060873389244,-0.9979912042617798
16.62970560003305,-0.015184345655143261,2.4779772758483887,0.9058831334114075,-0.020167741924524307,0.01344983745366335,0.05864103138446808,-0.997984766960144
16.63365299999714,-0.015299267135560513,2.4778547286987305,0.9058458209037781,-0.021516602486371994,0.01380770094692707,0.058863360434770584,-0.9979386925697327
16.638362400000915,-0.015348026528954506,2.477830171585083,0.9058277010917664,-0.021467233076691628,0.01409085001796484,0.05895571783185005,-0.9979302883148193
16.642045399989,-0.015388129279017448,2.477808952331543,0.9057932496070862,-0.021402105689048767,0.014172930270433426,0.05903085321187973,-0.9979261159896851
16.64625079999678,-0.015445848926901817,2.477790117263794,0.905747652053833,-0.02174059860408306,0.014057064428925514,0.05932916700839996,-0.9979027509689331
16.650244700023904,-0.015487116761505604,2.4777743816375732,0.9057074189186096,-0.021630290895700455,0.014112829230725765,0.05940123274922371,-0.9979000091552734
16.65454590000445,-0.015534024685621262,2.477773427963257,0.9056748747825623,-0.02167811058461666,0.014164915308356285,0.05946565791964531,-0.9978944659233093
16.65924200002337,-0.015579857863485813,2.477764844894409,0.9056198596954346,-0.021674126386642456,0.014123725704848766,0.05952974408864975,-0.9978912472724915
16.663048700022046,-0.01567424088716507,2.477818727493286,0.9055835604667664,-0.021704688668251038,0.01408613845705986,0.05897834524512291,-0.9979238510131836
16.667377800040413,-0.015741875395178795,2.4777309894561768,0.9054449200630188,-0.02197197452187538,0.013170716352760792,0.06031041219830513,-0.9978510141372681
16.6716049000388,-0.01577853411436081,2.4777300357818604,0.9053745865821838,-0.02210007980465889,0.01295599713921547,0.060519084334373474,-0.9978383183479309
16.67527320003137,-0.01580728031694889,2.477725028991699,0.9053018093109131,-0.02201249450445175,0.01298581250011921,0.06031361594796181,-0.9978523254394531
16.67959090002114,-0.01586223766207695,2.477715492248535,0.9052472114562988,-0.02190590649843216,0.013187587261199951,0.06015574559569359,-0.9978614449501038
16.683651100029238,-0.015900801867246628,2.477708578109741,0.9051965475082397,-0.02204306423664093,0.013342740945518017,0.060186777263879776,-0.9978545308113098
16.688240399991628,-0.01593216322362423,2.477714776992798,0.9051362872123718,-0.022077150642871857,0.013408977538347244,0.06016111373901367,-0.9978544116020203
16.693206800031476,-0.015980176627635956,2.4777183532714844,0.9050392508506775,-0.022009002044796944,0.013336432166397572,0.06006486713886261,-0.9978627562522888
16.697675600007642,-0.016005927696824074,2.4777090549468994,0.9049370288848877,-0.021862316876649857,0.013405966572463512,0.05984140560030937,-0.9978784322738647
16.70163780002622,-0.016061387956142426,2.477705478668213,0.9048824310302734,-0.021883513778448105,0.013603264465928078,0.059840720146894455,-0.9978753328323364
16.705235700006597,-0.016088655218482018,2.477710723876953,0.9048089385032654,-0.022064311429858208,0.013907283544540405,0.0599307045340538,-0.9978618025779724
16.709048499993514,-0.01616520993411541,2.477694511413574,0.9046860933303833,-0.021991388872265816,0.013659540563821793,0.0598481222987175,-0.9978717565536499
16.713045999989845,-0.016254743561148643,2.477689027786255,0.9046079516410828,-0.021977512165904045,0.01417357474565506,0.06002633646130562,-0.9978541731834412
16.717084100004286,-0.01626358926296234,2.477687120437622,0.9044445157051086,-0.022043034434318542,0.013606644235551357,0.0601450577378273,-0.9978534579277039
16.72133810003288,-0.01638549566268921,2.477672815322876,0.9044306874275208,-0.022003768011927605,0.014185716398060322,0.060008496046066284,-0.9978545308113098
16.725253999989945,-0.01645282842218876,2.477661371231079,0.90434330701828,-0.021959753707051277,0.014324938878417015,0.059985194355249405,-0.9978548884391785
16.729519199987408,-0.016528449952602386,2.4776525497436523,0.9042614698410034,-0.02201521024107933,0.014492498710751534,0.06016264110803604,-0.9978405237197876
16.73409990000073,-0.016589049249887466,2.477644920349121,0.9041476249694824,-0.021983103826642036,0.014402014203369617,0.06015561521053314,-0.9978430271148682
16.7384233000339,-0.016657888889312744,2.477618932723999,0.9040691256523132,-0.021993078291416168,0.014712641946971416,0.06008732318878174,-0.9978424310684204
16.743311400001403,-0.016732024028897285,2.4775891304016113,0.904000997543335,-0.022352147847414017,0.01471243891865015,0.06033894792199135,-0.997819185256958
16.74710070004221,-0.016827842220664024,2.477548599243164,0.9039313793182373,-0.02263973094522953,0.014868366532027721,0.06049815192818642,-0.9978007674217224
16.75119859998813,-0.01697838492691517,2.477510690689087,0.9038518071174622,-0.023072903975844383,0.015319304540753365,0.06069706380367279,-0.9977719187736511
16.75550180004211,-0.01707705296576023,2.477470636367798,0.9038051962852478,-0.02335759438574314,0.01517118327319622,0.060810767114162445,-0.9977606534957886
16.759197400009725,-0.017175665125250816,2.477332592010498,0.9036958813667297,-0.025210382416844368,0.015498559921979904,0.06100315600633621,-0.9976988434791565
16.763666399987414,-0.017464175820350647,2.4771888256073,0.903422474861145,-0.02272563986480236,0.0176931731402874,0.05893338471651077,-0.9978464245796204
16.76760750001995,-0.017550885677337646,2.47714900970459,0.9033775925636292,-0.023143190890550613,0.017785171046853065,0.05913713201880455,-0.9978231191635132
16.771370900038164,-0.01767834834754467,2.477119207382202,0.90335613489151,-0.02306079864501953,0.01799912378191948,0.05911903455853462,-0.9978222846984863
16.775418300007004,-0.017792612314224243,2.477081298828125,0.9033114910125732,-0.023335672914981842,0.017716186121106148,0.059139445424079895,-0.9978196620941162
16.779637300001923,-0.017945365980267525,2.4770872592926025,0.9033398032188416,-0.02263728342950344,0.017998654395341873,0.05917901173233986,-0.9978284239768982
16.7837109999964,-0.018041616305708885,2.477004051208496,0.9032981991767883,-0.021633271127939224,0.018087975680828094,0.05828067287802696,-0.9979019165039062
16.78775300004054,-0.01818820834159851,2.47699236869812,0.9033023118972778,-0.021677907556295395,0.018315117806196213,0.058176666498184204,-0.9979028701782227
16.792160100012552,-0.018284957855939865,2.477015256881714,0.9033566117286682,-0.022770477458834648,0.018015258014202118,0.05903169512748718,-0.997833788394928
16.796157700009644,-0.018452372401952744,2.4769434928894043,0.9033114910125732,-0.02301166206598282,0.01817432977259159,0.05860046297311783,-0.997850775718689
16.800254600006156,-0.018603764474391937,2.4769175052642822,0.9033246636390686,-0.022728994488716125,0.018252477049827576,0.05837630853056908,-0.9978690147399902
16.804775700031314,-0.018729068338871002,2.476947546005249,0.9032284021377563,-0.0227095615118742,0.018613917753100395,0.05855464190244675,-0.9978523254394531
16.808697600034066,-0.01887018419802189,2.4769184589385986,0.9032145738601685,-0.02224941924214363,0.0188458189368248,0.05817006900906563,-0.9978808164596558
16.81297100003576,-0.018992871046066284,2.476917028427124,0.9031554460525513,-0.022200575098395348,0.018936006352305412,0.05830882489681244,-0.9978721141815186
16.817405999987386,-0.01906680129468441,2.4769418239593506,0.9031096696853638,-0.02159419283270836,0.018820736557245255,0.058457162231206894,-0.997878909111023
16.821206799999345,-0.01916574314236641,2.476944923400879,0.9030671715736389,-0.021671731024980545,0.019158396869897842,0.05829032137989998,-0.9978805780410767
16.82562170003075,-0.01926017738878727,2.476938486099243,0.9030213952064514,-0.021760325878858566,0.01932164840400219,0.05849527567625046,-0.9978634715080261
16.82944930001395,-0.019350232556462288,2.476915121078491,0.9029857516288757,-0.021916303783655167,0.019431134685873985,0.05867915600538254,-0.9978471994400024
16.833911399997305,-0.01942523568868637,2.476905107498169,0.9029576182365417,-0.02203836478292942,0.019619787111878395,0.058687422424554825,-0.9978402853012085
16.838208800007124,-0.019509054720401764,2.476910352706909,0.9029555320739746,-0.022151418030261993,0.019803116098046303,0.058815255761146545,-0.9978266358375549
16.841999700001907,-0.019703984260559082,2.4769020080566406,0.9029535055160522,-0.022483941167593002,0.02038734406232834,0.05917022004723549,-0.9977864027023315
16.84604690002743,-0.019811687991023064,2.4768893718719482,0.9029454588890076,-0.022712156176567078,0.02066214755177498,0.05930715426802635,-0.997767448425293
16.850217700004578,-0.01992841437458992,2.4769158363342285,0.9029497504234314,-0.023146873340010643,0.02096330001950264,0.059753794223070145,-0.9977245926856995
16.85498760000337,-0.02004728838801384,2.476933002471924,0.9029427170753479,-0.023323658853769302,0.021201731637120247,0.05996276065707207,-0.9977028965950012
16.858948300010525,-0.020157547667622566,2.4768826961517334,0.9027557373046875,-0.023878633975982666,0.020111950114369392,0.061431679874658585,-0.9976229071617126
16.862792600004468,-0.020421184599399567,2.476973295211792,0.9028432965278625,-0.025750648230314255,0.02125532180070877,0.0630020722746849,-0.9974547028541565
16.86713400000008,-0.020410411059856415,2.4769532680511475,0.9025577902793884,-0.02728106454014778,0.021042820066213608,0.06313148885965347,-0.9974102973937988
16.871148300007917,-0.02049080654978752,2.4769856929779053,0.9025112390518188,-0.027429258450865746,0.02117842249572277,0.06341730058193207,-0.9973853230476379
16.875330200011376,-0.020545218139886856,2.477020740509033,0.9024552702903748,-0.027495890855789185,0.021317927166819572,0.06339066475629807,-0.9973822236061096
16.87981390004279,-0.02060525491833687,2.4770376682281494,0.9023855328559875,-0.02753572352230549,0.021428566426038742,0.0636218711733818,-0.9973639845848083
16.88374439999461,-0.02061617374420166,2.4771268367767334,0.9023504853248596,-0.028911830857396126,0.021080758422613144,0.06475295126438141,-0.9972596764564514
16.88795940001728,-0.020660564303398132,2.477151870727539,0.9022853374481201,-0.029022205621004105,0.021115679293870926,0.06489691883325577,-0.9972463846206665
16.89197779999813,-0.020686335861682892,2.477173328399658,0.9022256731987,-0.029090700671076775,0.021194614470005035,0.06505124270915985,-0.9972326159477234
16.89606040000217,-0.020737554877996445,2.477205276489258,0.9021766185760498,-0.029067212715744972,0.021306069567799568,0.06508149951696396,-0.9972289204597473
16.900145600026008,-0.020749742165207863,2.477243423461914,0.9021279215812683,-0.02917105332016945,0.021298063918948174,0.06518709659576416,-0.9972192049026489
16.90445259999251,-0.020781029015779495,2.477292776107788,0.9020835161209106,-0.029344089329242706,0.021464137360453606,0.0653841570019722,-0.9971976280212402
16.908726900001056,-0.020912470296025276,2.4773125648498535,0.9020549654960632,-0.02893550507724285,0.021595554426312447,0.0652366578578949,-0.9972164630889893
16.9129699000041,-0.02096865512430668,2.4773502349853516,0.9019985795021057,-0.0288919098675251,0.0216426532715559,0.06526198983192444,-0.9972150325775146
16.91781940002693,-0.021002862602472305,2.4773895740509033,0.9019356966018677,-0.02896527200937271,0.02203633263707161,0.06548185646533966,-0.9971898198127747
16.92177630000515,-0.021044330671429634,2.4774351119995117,0.9019021391868591,-0.028773460537195206,0.02198866382241249,0.06536149233579636,-0.9972043633460999
16.92577450000681,-0.021074604243040085,2.4775238037109375,0.9018487930297852,-0.028080487623810768,0.022208744660019875,0.06555676460266113,-0.9972063899040222
16.930090600042604,-0.02109876647591591,2.4775705337524414,0.9017800688743591,-0.028101777657866478,0.02230057120323181,0.06571031361818314,-0.9971936345100403
16.93369370000437,-0.021179214119911194,2.4775943756103516,0.9017510414123535,-0.027858054265379906,0.022864248603582382,0.06583011150360107,-0.9971798658370972
16.938206000020728,-0.021196242421865463,2.4776036739349365,0.9016912579536438,-0.027263851836323738,0.02359183318912983,0.06568648666143417,-0.9971887469291687
16.94227990001673,-0.021172862499952316,2.477522850036621,0.9014160633087158,-0.024393770843744278,0.02377116121351719,0.06332297623157501,-0.9974117875099182
16.9461619000067,-0.021160688251256943,2.4775516986846924,0.9013397097587585,-0.024095328524708748,0.02391897514462471,0.06332546472549438,-0.99741530418396
16.95045800000662,-0.02119297720491886,2.477574348449707,0.9012754559516907,-0.02393559366464615,0.024149680510163307,0.06354889273643494,-0.9973993301391602
16.954159400018398,-0.02119297720491886,2.477574348449707,0.9012754559516907,-0.02393559366464615,0.024149680510163307,0.06354889273643494,-0.9973993301391602
16.9584408000228,-0.02119297720491886,2.477574348449707,0.9012754559516907,-0.02393559366464615,0.024149680510163307,0.06354889273643494,-0.9973993301391602
16.962915600044653,-0.021226804703474045,2.4775938987731934,0.9012285470962524,-0.02371131256222725,0.0245356447994709,0.06361699104309082,-0.9973909258842468
16.96745330002159,-0.021249115467071533,2.477786064147949,0.9009658694267273,-0.02260773815214634,0.025337206199765205,0.06471513211727142,-0.9973258972167969
16.971390300022904,-0.021260026842355728,2.4779067039489746,0.9008812308311462,-0.02145032025873661,0.02576993778347969,0.06517264246940613,-0.9973106384277344
16.975419800030068,-0.021265516057610512,2.4779393672943115,0.9007844924926758,-0.02129325643181801,0.026040561497211456,0.06554286926984787,-0.9972826242446899
16.980070899997372,-0.021292272955179214,2.477992296218872,0.9006854295730591,-0.020946437492966652,0.026193851605057716,0.06588692218065262,-0.9972633123397827
16.983813300030306,-0.021306894719600677,2.4780609607696533,0.9005655646324158,-0.020440582185983658,0.0267042089253664,0.06636817008256912,-0.9972283244132996
16.988380299997516,-0.021313656121492386,2.478095769882202,0.9004387855529785,-0.02035883069038391,0.027044882997870445,0.06683621555566788,-0.9971895813941956
16.992202900000848,-0.021312465891242027,2.4781880378723145,0.9003039002418518,-0.02115720324218273,0.027350256219506264,0.06818704307079315,-0.9970731735229492
16.99575060000643,-0.021312465891242027,2.4781880378723145,0.9003039002418518,-0.02115720324218273,0.027350256219506264,0.06818704307079315,-0.9970731735229492
17.00095740001416,-0.02123894728720188,2.478281021118164,0.8999783396720886,-0.020978381857275963,0.02766835130751133,0.06936638057231903,-0.9969868063926697
17.00470029999269,-0.021244848147034645,2.478299140930176,0.8998317718505859,-0.02097424305975437,0.028037179261446,0.07005196809768677,-0.9969286322593689
17.009082600008696,-0.02123524434864521,2.4783201217651367,0.8996826410293579,-0.020636361092329025,0.028129134327173233,0.07075266540050507,-0.9968836903572083
17.013146400044207,-0.02118164859712124,2.4783310890197754,0.8995270729064941,-0.02018551528453827,0.02835875377058983,0.07132591307163239,-0.996845543384552
17.017051200033166,-0.021151689812541008,2.4782841205596924,0.8992663621902466,-0.020803967490792274,0.029013430699706078,0.07202719897031784,-0.9967635869979858
17.021299800020643,-0.02112298086285591,2.4782707691192627,0.8991183042526245,-0.02024516835808754,0.029113957658410072,0.07284571975469589,-0.9967126846313477
17.025514900044072,-0.021070871502161026,2.478273630142212,0.8989747166633606,-0.01974400505423546,0.02936476841568947,0.07356178760528564,-0.9966626763343811
17.02953030000208,-0.021013064309954643,2.478303909301758,0.8988931775093079,-0.018411831930279732,0.02947649359703064,0.07421976327896118,-0.9966360926628113
17.03399409999838,-0.020960723981261253,2.478289842605591,0.8987338542938232,-0.018045132979750633,0.029523955658078194,0.07518418878316879,-0.9965691566467285
17.03776450001169,-0.02089591883122921,2.4782888889312744,0.8985964059829712,-0.017572591081261635,0.029725324362516403,0.0759209394454956,-0.9965157508850098
17.042273800005205,-0.020782584324479103,2.478304862976074,0.8983868956565857,-0.016569606959819794,0.029847057536244392,0.07672645896673203,-0.9964675903320312
17.046370800002478,-0.02073357068002224,2.478287935256958,0.8982601761817932,-0.016223708167672157,0.030053867027163506,0.07751530408859253,-0.9964060187339783
17.050276900001336,-0.020674724131822586,2.478299856185913,0.89813631772995,-0.015222443267703056,0.030224401503801346,0.07821491360664368,-0.996362030506134
17.054463100037538,-0.020602267235517502,2.4782705307006836,0.8979490995407104,-0.014725624583661556,0.030710386112332344,0.07895663380622864,-0.9962961077690125
17.058611800021026,-0.02058796025812626,2.478236198425293,0.8978308439254761,-0.014294077642261982,0.030865808948874474,0.07958033680915833,-0.9962479472160339
17.062969400023576,-0.02056698128581047,2.478186845779419,0.8976882100105286,-0.01437788363546133,0.030832676216959953,0.08038759976625443,-0.9961829781532288
17.067020800022874,-0.020554564893245697,2.4781463146209717,0.897583544254303,-0.014159816317260265,0.030897842720150948,0.08087986707687378,-0.9961442947387695
17.07160710002063,-0.020607132464647293,2.4779772758483887,0.8973877429962158,-0.014693311415612698,0.029935317113995552,0.08308088034391403,-0.9959847927093506
17.07657229999313,-0.020643267780542374,2.477893590927124,0.897327721118927,-0.01452480535954237,0.030035248026251793,0.08343178033828735,-0.9959548711776733
17.0817759000347,-0.02066674828529358,2.477809190750122,0.8972457051277161,-0.014847766607999802,0.029941139742732048,0.08379731327295303,-0.9959222078323364
17.08576470002299,-0.020669033750891685,2.4777166843414307,0.8971584439277649,-0.01475383061915636,0.02992647886276245,0.08404786884784698,-0.995902955532074
17.09075520001352,-0.020696960389614105,2.4776690006256104,0.8970834612846375,-0.014276021160185337,0.03005649894475937,0.08423386514186859,-0.9958903193473816
17.096500100044068,-0.020737705752253532,2.477505922317505,0.8969653248786926,-0.013741699978709221,0.030552975833415985,0.08485860377550125,-0.9958296418190002
17.100246499991044,-0.020665958523750305,2.4773778915405273,0.8966525793075562,-0.011425239965319633,0.030377857387065887,0.08358968049287796,-0.9959716796875
17.104167000041343,-0.020665958523750305,2.4773778915405273,0.8966525793075562,-0.011425239965319633,0.030377857387065887,0.08358968049287796,-0.9959716796875
17.10835280001629,-0.02061050944030285,2.4772560596466064,0.8962212800979614,-0.010150782763957977,0.029946597293019295,0.08537501096725464,-0.9958470463752747
17.11265289998846,-0.02051195316016674,2.4772000312805176,0.8959140777587891,-0.008573018014431,0.02986685372889042,0.0870957225561142,-0.9957152605056763
17.117249200004153,-0.020443575456738472,2.477217435836792,0.8956500291824341,-0.007250858936458826,0.029557768255472183,0.08772289752960205,-0.9956799745559692
17.121167700039223,-0.020329549908638,2.4772324562072754,0.8953474164009094,-0.006127443164587021,0.029736358672380447,0.08888109773397446,-0.9955794215202332
17.12558450002689,-0.020204700529575348,2.4772775173187256,0.8950588703155518,-0.004599469248205423,0.029921839013695717,0.08968949317932129,-0.9955096244812012
17.130106500000693,-0.02007339335978031,2.477391242980957,0.894761860370636,-0.0015958395088091493,0.03031514585018158,0.09058526158332825,-0.9954259991645813
17.134033999987878,-0.01996219903230667,2.4774317741394043,0.8944343328475952,-9.057481656782329e-05,0.030110666528344154,0.09149546921253204,-0.9953501224517822
17.138011800008826,-0.01978692226111889,2.477503776550293,0.8940861821174622,0.0011098297545686364,0.030746091157197952,0.09304509311914444,-0.9951865077018738
17.142012700031046,-0.01972554624080658,2.477656602859497,0.8938210606575012,0.0018914774991571903,0.03129024803638458,0.09489922970533371,-0.994993269443512
17.146578999992926,-0.019596459344029427,2.4777255058288574,0.8934858441352844,0.003314504399895668,0.03152352571487427,0.09575257450342178,-0.9949004054069519
17.150835400039796,-0.019388636574149132,2.477769374847412,0.8930530548095703,0.004099568817764521,0.03183702006936073,0.09641986340284348,-0.9948229789733887
17.15651609998895,-0.019187137484550476,2.4777424335479736,0.8924848437309265,0.00452943192794919,0.030292440205812454,0.0983685702085495,-0.9946785569190979
17.16119280003477,-0.019113773480057716,2.4778826236724854,0.8922159075737,0.006477314978837967,0.03048611991107464,0.09903417527675629,-0.9945958256721497
17.166966199991293,-0.019024860113859177,2.4781880378723145,0.8916981816291809,0.010323296301066875,0.030676087364554405,0.099500373005867,-0.9945110082626343
17.171321400033776,-0.019033970311284065,2.4782543182373047,0.8914791941642761,0.011115930043160915,0.031077822670340538,0.09991569072008133,-0.9944483041763306
17.17531110002892,-0.01902061142027378,2.4783895015716553,0.8913215398788452,0.012500287033617496,0.03117462806403637,0.10032760351896286,-0.9943874478340149
17.179886300000362,-0.0191393680870533,2.4785335063934326,0.8912417888641357,0.011943476274609566,0.03231922909617424,0.10158784687519073,-0.9942296743392944
17.183686100004707,-0.019032983109354973,2.478517770767212,0.8909180164337158,0.01400391012430191,0.03196236118674278,0.10057619214057922,-0.9943172335624695
17.18789470003685,-0.01905631087720394,2.478581428527832,0.8908262252807617,0.014355896972119808,0.0321517214179039,0.10074634104967117,-0.9942889213562012
17.192141600011382,-0.019150881096720695,2.478726387023926,0.8907924294471741,0.014947674237191677,0.03315224498510361,0.1003965437412262,-0.9942827224731445
17.196473499992862,-0.019172102212905884,2.4788076877593994,0.8906970024108887,0.015216784551739693,0.03330828994512558,0.10065758973360062,-0.9942469596862793
17.200488200003747,-0.019191455096006393,2.4788994789123535,0.8905553817749023,0.015246729366481304,0.03326693922281265,0.10095015168190002,-0.9942182302474976
17.204394200001843,-0.01928931288421154,2.478947401046753,0.8904720544815063,0.015327377244830132,0.03390023484826088,0.10145911574363708,-0.9941437840461731
17.208720099995844,-0.019285086542367935,2.4790685176849365,0.8902954459190369,0.015286692418158054,0.03375663235783577,0.10190727561712265,-0.9941034913063049
17.212907800043467,-0.0193327683955431,2.479130268096924,0.8902114033699036,0.015501466579735279,0.03379911929368973,0.10214763134717941,-0.9940740466117859
17.216960599995218,-0.019413577392697334,2.479212999343872,0.890081524848938,0.015807589516043663,0.03403868526220322,0.10224223136901855,-0.9940512776374817
17.221054000023287,-0.019498541951179504,2.4792230129241943,0.8900607228279114,0.016043927520513535,0.03452018275856972,0.10282289236783981,-0.9939711093902588
17.22540520003531,-0.0195462629199028,2.479278802871704,0.8899753093719482,0.01629922166466713,0.03421686217188835,0.10280705243349075,-0.9939789772033691
17.229548800038174,-0.01963479071855545,2.4792463779449463,0.8899904489517212,0.016565948724746704,0.03459497541189194,0.10326134413480759,-0.9939144253730774
17.233562100038398,-0.019717199727892876,2.479146957397461,0.8898970484733582,0.01640414632856846,0.033945780247449875,0.10440102964639664,-0.9938204884529114
17.237663400010206,-0.019820131361484528,2.4790875911712646,0.8899260759353638,0.016485240310430527,0.03417566418647766,0.10484251379966736,-0.9937647581100464
17.242006700020283,-0.019906770437955856,2.479029655456543,0.8899645805358887,0.01655154675245285,0.03425116837024689,0.10503977537155151,-0.9937402009963989
17.246062799997162,-0.020068854093551636,2.4789161682128906,0.8900092244148254,0.016294030472636223,0.034100160002708435,0.10529109835624695,-0.9937230944633484
17.25038600002881,-0.020133119076490402,2.4788103103637695,0.8900619149208069,0.01639281027019024,0.033878352493047714,0.10527673363685608,-0.9937305450439453
17.25437520002015,-0.020234642550349236,2.4787158966064453,0.8901184797286987,0.016884859651327133,0.03357354924082756,0.10538556426763535,-0.9937211275100708
17.25888209999539,-0.02042223885655403,2.478668451309204,0.8901858329772949,0.015897246077656746,0.0334387943148613,0.1067463755607605,-0.9935967326164246
17.26311150001129,-0.020492268726229668,2.4785540103912354,0.8901423215866089,0.018222657963633537,0.03388947993516922,0.10597492754459381,-0.9936240911483765
17.266876700043213,-0.020611600950360298,2.478415012359619,0.8901272416114807,0.019494859501719475,0.033888887614011765,0.10541678965091705,-0.9936593174934387
17.271100100013427,-0.020760677754878998,2.4782886505126953,0.8901504874229431,0.017601273953914642,0.03345336392521858,0.1065642312169075,-0.9935870170593262
17.275394600001164,-0.020849203690886497,2.4781763553619385,0.8901192545890808,0.01968580298125744,0.03376469761133194,0.10621996968984604,-0.9935742616653442
17.279529399995226,-0.021012794226408005,2.4780266284942627,0.890110433101654,0.019295724108815193,0.03377002105116844,0.10695866495370865,-0.9935024380683899
17.28361300000688,-0.021102722734212875,2.4778802394866943,0.8900875449180603,0.01934824325144291,0.0336034931242466,0.10759618133306503,-0.9934383034706116
17.288033100019675,-0.02119288221001625,2.477707624435425,0.8900632262229919,0.01934201642870903,0.03359898179769516,0.10832193493843079,-0.9933596253395081
17.293149500037543,-0.02126113511621952,2.477492570877075,0.8900747895240784,0.019195811823010445,0.0332728810608387,0.10875734686851501,-0.99332594871521
17.296546199999284,-0.02131696790456772,2.477247953414917,0.8899324536323547,0.01949925348162651,0.03210784122347832,0.11121687293052673,-0.9930859804153442
17.300583000003826,-0.021276576444506645,2.476966619491577,0.8899352550506592,0.018971869722008705,0.03153408691287041,0.1125873401761055,-0.9929602146148682
17.304734400007874,-0.021360022947192192,2.4766812324523926,0.8898650407791138,0.020009364932775497,0.03142284229397774,0.11314705014228821,-0.9928796887397766
17.309102100029122,-0.02140742726624012,2.4764926433563232,0.889931321144104,0.020702168345451355,0.03175416216254234,0.11364808678627014,-0.9927976727485657
17.312889599998016,-0.021442653611302376,2.476297616958618,0.8899523615837097,0.0207193735986948,0.03176093101501465,0.11425664275884628,-0.9927272796630859
17.317076200037263,-0.02147391252219677,2.476118326187134,0.8899704813957214,0.021021634340286255,0.031817976385354996,0.11510193347930908,-0.9926214218139648
17.321222700004,-0.02147887647151947,2.4759390354156494,0.8899935483932495,0.021099932491779327,0.031711503863334656,0.11599250137805939,-0.9925194978713989
17.325637700036168,-0.021560175344347954,2.4757513999938965,0.8900966644287109,0.021122779697179794,0.031194491311907768,0.11720506101846695,-0.992392897605896
17.329399300040677,-0.02158886194229126,2.475539445877075,0.8900870084762573,0.021198030561208725,0.031155500560998917,0.11828692257404327,-0.9922641515731812
17.333805800008122,-0.021593112498521805,2.47532057762146,0.8900662064552307,0.021204553544521332,0.03104332648217678,0.11942514777183533,-0.9921311736106873
17.33802090003155,-0.021577883511781693,2.475090980529785,0.8901038765907288,0.021122846752405167,0.03065498359501362,0.12066203355789185,-0.9919953346252441
17.342070400016382,-0.021716579794883728,2.474860668182373,0.8901702165603638,0.021537503227591515,0.03093261457979679,0.12161268293857574,-0.9918617010116577
17.346464600006584,-0.021707475185394287,2.4746952056884766,0.8901847004890442,0.0219276025891304,0.03069864772260189,0.12245159596204758,-0.9917572140693665
17.351254300039727,-0.02161474898457527,2.4744367599487305,0.8901023864746094,0.022699205204844475,0.030224617570638657,0.122769296169281,-0.991715133190155
17.35493830003543,-0.021747510880231857,2.4741311073303223,0.8900967240333557,0.022568903863430023,0.02971808798611164,0.12485982477664948,-0.9914723634719849
17.35927499999525,-0.021685045212507248,2.4739136695861816,0.8900479078292847,0.02245331183075905,0.029393574222922325,0.12554465234279633,-0.9913982152938843
17.363040600030217,-0.021672915667295456,2.4737095832824707,0.8900460600852966,0.02251172810792923,0.029081769287586212,0.1261294186115265,-0.991331934928894
17.36845569999423,-0.02167358063161373,2.4734156131744385,0.8899247050285339,0.02181178517639637,0.02832910604774952,0.12649691104888916,-0.9913225173950195
17.372153100033756,-0.0216220673173666,2.473172903060913,0.889949381351471,0.022047268226742744,0.028106996789574623,0.12701033055782318,-0.9912580251693726
17.37570350000169,-0.02154342271387577,2.472938060760498,0.8899489641189575,0.022297663614153862,0.02775467373430729,0.1272169053554535,-0.9912357330322266
17.379678299999796,-0.021269749850034714,2.4725732803344727,0.8898683786392212,0.023524681106209755,0.026782650500535965,0.12664712965488434,-0.9913070797920227
17.383657000027597,-0.021331196650862694,2.4722630977630615,0.8898450136184692,0.02475389465689659,0.027510058134794235,0.1260770857334137,-0.9913299679756165
17.387996200006455,-0.02117029018700123,2.4719650745391846,0.8898363709449768,0.024729421362280846,0.02728980779647827,0.12704750895500183,-0.991212785243988
17.393778900033794,-0.021006297320127487,2.471668004989624,0.889807403087616,0.02445354126393795,0.027069833129644394,0.12771722674369812,-0.9911395907402039
17.397900100040715,-0.020819533616304398,2.4712905883789062,0.8897541165351868,0.023588387295603752,0.026109769940376282,0.1289183795452118,-0.9910308122634888
17.402014899998903,-0.020626775920391083,2.471013307571411,0.8896490931510925,0.023907439783215523,0.025748083367943764,0.12939782440662384,-0.9909701347351074
17.40611889999127,-0.020389745011925697,2.4707231521606445,0.8895080089569092,0.02399100363254547,0.024978240951895714,0.1304696500301361,-0.9908472299575806
17.41035980003653,-0.020183082669973373,2.470489978790283,0.8894149661064148,0.02467047981917858,0.02429443784058094,0.13112227618694305,-0.9907614588737488
17.414511800045148,-0.019965054467320442,2.4701859951019287,0.8892130255699158,0.02453608252108097,0.02270760014653206,0.1331389993429184,-0.9905334711074829
17.41883310000412,-0.0198531411588192,2.469982862472534,0.8891258835792542,0.02524692565202713,0.022616464644670486,0.13363859057426453,-0.9904503226280212
17.422418100002687,-0.019662674516439438,2.469743490219116,0.8890466690063477,0.024973785504698753,0.021809566766023636,0.13443048298358917,-0.9903682470321655
17.425852100015618,-0.019491910934448242,2.46950626373291,0.8889784812927246,0.02502247504889965,0.021235469728708267,0.13497065007686615,-0.9903059005737305
17.429654800042044,-0.019276510924100876,2.469226121902466,0.8889331221580505,0.02469138614833355,0.020388053730130196,0.1353977918624878,-0.9902737736701965
17.433653499989305,-0.019105620682239532,2.4687983989715576,0.8888922929763794,0.024381352588534355,0.020606178790330887,0.13582159578800201,-0.9902189373970032
17.437930900021456,-0.01896660029888153,2.4684371948242188,0.8887646198272705,0.023535339161753654,0.01917082443833351,0.13762570917606354,-0.9900190830230713
17.441974100016523,-0.018800610676407814,2.4680845737457275,0.8887419104576111,0.024175524711608887,0.018360190093517303,0.13713520765304565,-0.99008709192276
17.44609079998918,-0.01865287683904171,2.4677960872650146,0.8887465000152588,0.02375003881752491,0.01791495457291603,0.13767224550247192,-0.9900310039520264
17.450298900017515,-0.01853593811392784,2.467440605163574,0.8887344002723694,0.022544587031006813,0.017568668350577354,0.13873766362667084,-0.9899166822433472
17.45625009998912,-0.018314700573682785,2.467104196548462,0.8886569142341614,0.0221537034958601,0.016226349398493767,0.13903668522834778,-0.9899064898490906
17.460490400029812,-0.018152384087443352,2.466832160949707,0.888586163520813,0.021573809906840324,0.015347763895988464,0.1399168223142624,-0.9898092746734619
17.46466870000586,-0.018053516745567322,2.4665753841400146,0.8886708617210388,0.020862311124801636,0.015258985571563244,0.14091747999191284,-0.9896838665008545
17.468830300029367,-0.018002431839704514,2.466366767883301,0.8886505365371704,0.020315272733569145,0.015298230573534966,0.14141608774662018,-0.9896236062049866
17.473256700031925,-0.017823435366153717,2.466108798980713,0.8885893821716309,0.019191594794392586,0.014393873512744904,0.14157015085220337,-0.989637553691864
17.477668500039726,-0.017722981050610542,2.4658632278442383,0.8886274099349976,0.017895260825753212,0.013885051012039185,0.1418195366859436,-0.9896334409713745
17.48153089999687,-0.01764461025595665,2.465510606765747,0.8885072469711304,0.017748285084962845,0.013151467777788639,0.14246633648872375,-0.9895530939102173
17.48591700004181,-0.01754528097808361,2.4652535915374756,0.8885405659675598,0.016486920416355133,0.01250568125396967,0.1429728865623474,-0.9895102977752686
17.48982050002087,-0.01743006892502308,2.4650328159332275,0.888579249382019,0.015957502648234367,0.011929027736186981,0.14323565363883972,-0.9894881248474121
17.494780700013507,-0.017357783392071724,2.4647481441497803,0.888668417930603,0.015796441584825516,0.011675547808408737,0.14396809041500092,-0.9893873929977417
17.500206500000786,-0.017102152109146118,2.4642512798309326,0.888929545879364,0.015952520072460175,0.010043980553746223,0.14397431910037994,-0.9894018769264221
17.50434059998952,-0.017034849151968956,2.464010715484619,0.8890175223350525,0.015139484778046608,0.009683197364211082,0.1444629281759262,-0.989346981048584
17.508546800003387,-0.01697276346385479,2.4637868404388428,0.8891226053237915,0.014221666380763054,0.009412507526576519,0.1449717879295349,-0.9892888069152832
17.51267480000388,-0.01676846854388714,2.463555097579956,0.8891912698745728,0.013056374154984951,0.008639746345579624,0.145793616771698,-0.9891911745071411
17.517053899995517,-0.016721457242965698,2.463278293609619,0.8892627358436584,0.011707686819136143,0.00833167415112257,0.14617981016635895,-0.9891536831855774
17.52125710004475,-0.0166432186961174,2.463026523590088,0.8893834948539734,0.010275803506374359,0.007696844171732664,0.146518737077713,-0.9891246557235718
17.527252900006715,-0.016584381461143494,2.46274733543396,0.8894087076187134,0.00835585780441761,0.007500422187149525,0.1470138281583786,-0.98907071352005
17.531489100016188,-0.01652606762945652,2.4625279903411865,0.8894916772842407,0.007585304323583841,0.006975469645112753,0.14791318774223328,-0.9889467358589172
17.538412800000515,-0.016442740336060524,2.462144136428833,0.8897154331207275,0.006061310414224863,0.006810734048485756,0.14917108416557312,-0.9887694120407104
17.542661100043915,-0.016438452526926994,2.4619290828704834,0.8897708654403687,0.00615912489593029,0.006572906393557787,0.14858365058898926,-0.9888588190078735
17.547275500022806,-0.01642000488936901,2.4618005752563477,0.8898489475250244,0.005542237777262926,0.006264404859393835,0.14882339537143707,-0.9888284206390381
17.55205840000417,-0.01639227196574211,2.461686849594116,0.8898993730545044,0.005109843332320452,0.005970393773168325,0.14891165494918823,-0.9888193011283875
17.556453299999703,-0.016339624300599098,2.4615652561187744,0.8899855613708496,0.0044682808220386505,0.0056757573038339615,0.14928953349590302,-0.9887672066688538
17.563123500032816,-0.016370616853237152,2.461332321166992,0.8901573419570923,0.003897703718394041,0.0049725244753062725,0.14910843968391418,-0.9888006448745728
17.56788940000115,-0.01635279692709446,2.4612419605255127,0.8902312517166138,0.003385489108040929,0.004736409522593021,0.14927944540977478,-0.9887779355049133
17.57169110001996,-0.01635676808655262,2.461116313934326,0.8902906179428101,0.002529080957174301,0.004560710396617651,0.14938195049762726,-0.9887658953666687
17.57541480002692,-0.016318978741765022,2.460942506790161,0.8902848362922668,0.001858280855230987,0.0035608853213489056,0.15053686499595642,-0.9885962605476379
17.57964880001964,-0.016288481652736664,2.4608829021453857,0.8903166055679321,0.0015837560640648007,0.0033776117488741875,0.15046356618404388,-0.9886085987091064
17.584646400006022,-0.016262413933873177,2.4608263969421387,0.8903419375419617,0.0011657370487228036,0.0032256715930998325,0.1507153958082199,-0.9885712265968323
17.588052700040862,-0.0162454042583704,2.4607386589050293,0.8903641700744629,0.0004595538484863937,0.0030064585153013468,0.15056753158569336,-0.9885950684547424
17.592157700040843,-0.016192540526390076,2.4606387615203857,0.8903906941413879,-0.0006880612345412374,0.002674402669072151,0.15067517757415771,-0.988579511642456
17.59641430003103,-0.01619553752243519,2.4605929851531982,0.890450656414032,-0.0010095995385199785,0.0026658254209905863,0.1508144736289978,-0.9885580539703369
17.60021390003385,-0.016156570985913277,2.460587978363037,0.8904560208320618,-0.0011801132932305336,0.002449010731652379,0.15055640041828156,-0.9885977506637573
17.604646900028456,-0.016155170276761055,2.460563898086548,0.8905114531517029,-0.0016203062841668725,0.00233882456086576,0.15072540938854218,-0.9885715842247009
17.61038379999809,-0.016100723296403885,2.4605679512023926,0.8905286192893982,-0.0017957002855837345,0.0023797275498509407,0.1503111869096756,-0.9886342287063599
17.614563600043766,-0.016067592427134514,2.460582971572876,0.8905864357948303,-0.0019319156417623162,0.002105613239109516,0.15042607486248016,-0.9886171221733093
17.61868230003165,-0.01605292595922947,2.4605607986450195,0.8906380534172058,-0.0021499297581613064,0.0019394566770642996,0.1500944346189499,-0.9886674284934998
17.62266140000429,-0.016081884503364563,2.4604899883270264,0.890682578086853,-0.0034772630315274,0.002302957233041525,0.1501622498035431,-0.9886526465415955
17.627439600008074,-0.016046730801463127,2.460444450378418,0.8907850384712219,-0.004364217631518841,0.0019749265629798174,0.14989978075027466,-0.9886896014213562
17.63363950001076,-0.0158496405929327,2.4606828689575195,0.8913746476173401,-0.007018066477030516,0.0020942320115864277,0.14833539724349976,-0.9889100790023804
17.637722600018606,-0.015817899256944656,2.460669994354248,0.8914512991905212,-0.007489415816962719,0.002208777004852891,0.1477164626121521,-0.9889989495277405
17.641961899993476,-0.015844158828258514,2.4606244564056396,0.8915327787399292,-0.008573679253458977,0.0027488269843161106,0.14734439551830292,-0.9890443086624146
17.646259400004055,-0.015783511102199554,2.460594654083252,0.891683042049408,-0.008989143185317516,0.0033510501962155104,0.14685063064098358,-0.9891121983528137
17.650531299994327,-0.015691282227635384,2.4605607986450195,0.8917544484138489,-0.009443525224924088,0.003247467800974846,0.14641503989696503,-0.9891728162765503
17.654423900006805,-0.015620327554643154,2.460524797439575,0.8918390274047852,-0.009792253375053406,0.003409577999264002,0.1457197368144989,-0.9892716407775879
17.658817999996245,-0.01559697650372982,2.4603452682495117,0.8919531106948853,-0.009355773217976093,0.004497065674513578,0.14522652328014374,-0.9893440008163452
17.66272950003622,-0.015307985246181488,2.4601736068725586,0.8919603228569031,-0.008821274153888226,0.004029834643006325,0.14375260472297668,-0.9895662069320679
17.666996100044344,-0.01516183465719223,2.4600605964660645,0.8920778036117554,-0.009288220666348934,0.0041347770020365715,0.1429431438446045,-0.9896787405014038
17.671151600021403,-0.01508033275604248,2.459885835647583,0.8922383189201355,-0.010394706390798092,0.00468055997043848,0.1425933986902237,-0.9897157549858093
17.675527100043837,-0.014894399791955948,2.459646224975586,0.8924063444137573,-0.012406586669385433,0.0046726674772799015,0.14233703911304474,-0.9897295236587524
17.679653300030623,-0.014717699959874153,2.459474802017212,0.89256751537323,-0.013163644820451736,0.004490250255912542,0.14192897081375122,-0.9897791743278503
17.683663600008003,-0.0144683001562953,2.4593923091888428,0.8927997946739197,-0.012276138179004192,0.003605942241847515,0.14167822897434235,-0.9898300766944885
17.688877500011586,-0.014290742576122284,2.459225654602051,0.893002986907959,-0.012949589639902115,0.003426140872761607,0.14148277044296265,-0.9898501634597778
17.692492300004233,-0.014290742576122284,2.459225654602051,0.893002986907959,-0.012949589639902115,0.003426140872761607,0.14148277044296265,-0.9898501634597778
17.696224200015422,-0.013854826800525188,2.4587957859039307,0.8934042453765869,-0.0152333565056324,0.0031282883137464523,0.14053185284137726,-0.9899539947509766
17.702031499997247,-0.013662921264767647,2.4586422443389893,0.8935944437980652,-0.01616847887635231,0.00306309899315238,0.1403542309999466,-0.9899646639823914
17.706466500007082,-0.013468638993799686,2.458573579788208,0.8939056992530823,-0.01665458269417286,0.004069733899086714,0.13865336775779724,-0.9901925325393677
17.710011999995913,-0.013235221616923809,2.458503484725952,0.8942831158638,-0.02005942352116108,0.004247540608048439,0.13960875570774078,-0.989994466304779
17.71350519999396,-0.012990978546440601,2.458277940750122,0.8944393992424011,-0.02184898406267166,0.0038386124651879072,0.13930678367614746,-0.9900007843971252
17.717677400039975,-0.012738116085529327,2.458007574081421,0.894524872303009,-0.022409841418266296,0.0028461539186537266,0.13986589014530182,-0.9899128079414368
17.721809700015,-0.012427358888089657,2.457749128341675,0.8946527242660522,-0.021427849307656288,0.003538908204063773,0.13799463212490082,-0.9901948571205139
17.725247399997897,-0.01218334585428238,2.457571506500244,0.8948101997375488,-0.021858669817447662,0.003658372675999999,0.1373806595802307,-0.9902703762054443
17.729611499991734,-0.011952763423323631,2.4572620391845703,0.894957423210144,-0.021929197013378143,0.004028055351227522,0.13642582297325134,-0.9903994202613831
17.734098299988545,-0.011730710044503212,2.4570870399475098,0.8951146602630615,-0.022594787180423737,0.0038834204897284508,0.1359800100326538,-0.9904463291168213
17.73786170000676,-0.011449339799582958,2.4568979740142822,0.8952508568763733,-0.023475145921111107,0.003276197938248515,0.1355299949645996,-0.9904897212982178
17.742570400005206,-0.011233375407755375,2.456664562225342,0.8954198956489563,-0.024943288415670395,0.0033604204654693604,0.13520771265029907,-0.9904975891113281
17.746060200035572,-0.010885084047913551,2.4564449787139893,0.8954957127571106,-0.02690790966153145,0.002474770415574312,0.13504311442375183,-0.9904713034629822
17.75057219999144,-0.010628141462802887,2.4563143253326416,0.8956279158592224,-0.027623824775218964,0.0020397005137056112,0.13446973264217377,-0.9905305504798889
17.754706000036094,-0.010365327820181847,2.4562394618988037,0.8957801461219788,-0.02711000107228756,0.001566765015013516,0.13362926244735718,-0.9906593561172485
17.758658200036734,-0.010110218077898026,2.456228017807007,0.895989179611206,-0.026748057454824448,0.0020641256123781204,0.13174481689929962,-0.9909205436706543
17.761994600004982,-0.010110218077898026,2.456228017807007,0.895989179611206,-0.026748057454824448,0.0020641256123781204,0.13174481689929962,-0.9909205436706543
17.765661799989175,-0.009863663464784622,2.4562201499938965,0.8962107300758362,-0.026688747107982635,0.0028964942321181297,0.1297605037689209,-0.9911819100379944
17.772114199993666,-0.00921750720590353,2.4561729431152344,0.8966359496116638,-0.027288224548101425,0.00307869934476912,0.12808886170387268,-0.9913824200630188
17.776151500002015,-0.008856020867824554,2.4561069011688232,0.8966706991195679,-0.027328403666615486,0.0025573319289833307,0.1272006630897522,-0.9914972186088562
17.77985670004273,-0.008530380204319954,2.4560482501983643,0.8967593312263489,-0.027347860857844353,0.0023445768747478724,0.12621107697486877,-0.99162358045578
17.78419949999079,-0.008233852684497833,2.4559216499328613,0.8968433737754822,-0.028237299993634224,0.00208829203620553,0.12578415870666504,-0.9916535019874573
17.787918900023215,-0.007965832017362118,2.4557693004608154,0.8970153331756592,-0.0285009928047657,0.0021780787501484156,0.12473835051059723,-0.9917778968811035
17.79205849999562,-0.007626695558428764,2.4556705951690674,0.8971144556999207,-0.028669077903032303,0.0018991915276274085,0.12428153306245804,-0.9918310046195984
17.796121500025038,-0.007233723066747189,2.4555611610412598,0.8972048163414001,-0.02861889824271202,0.0014492542250081897,0.12378787249326706,-0.9918949007987976
17.800218900025357,-0.0068934643641114235,2.4554762840270996,0.897308349609375,-0.028666945174336433,0.001113586244173348,0.12351740896701813,-0.9919276237487793
17.804790500027593,-0.006517210975289345,2.4553639888763428,0.8974880576133728,-0.02839489094913006,0.0006958720623515546,0.12326782941818237,-0.9919669032096863
17.80865800002357,-0.006025912240147591,2.4553310871124268,0.8977301716804504,-0.02659316547214985,-0.00015502584574278444,0.1222606897354126,-0.9921417236328125
17.81352920003701,-0.005731251556426287,2.4553229808807373,0.8980131149291992,-0.024783357977867126,0.0008765379898250103,0.11884087324142456,-0.9926036596298218
17.817103400011547,-0.005323488265275955,2.455152988433838,0.8982016444206238,-0.023845206946134567,0.0006954427808523178,0.11728046834468842,-0.9928122758865356
17.821277200011536,-0.005027666222304106,2.4551265239715576,0.8986097574234009,-0.02698676660656929,0.000497733592055738,0.11871634423732758,-0.9925613403320312
17.825719300017226,-0.004755100235342979,2.455024242401123,0.8988513350486755,-0.028178198263049126,0.0002298068575328216,0.11813244223594666,-0.9925979375839233
17.82941290002782,-0.004524820484220982,2.4549496173858643,0.8990749716758728,-0.02873384766280651,0.00019149226136505604,0.11747810989618301,-0.9926597476005554
17.83286580001004,-0.004524820484220982,2.4549496173858643,0.8990749716758728,-0.02873384766280651,0.00019149226136505604,0.11747810989618301,-0.9926597476005554
17.837133200024255,-0.0038849199190735817,2.454869031906128,0.8994646668434143,-0.029832765460014343,-0.00028281143750064075,0.1165681704878807,-0.9927345514297485
17.84214190003695,-0.0035889577120542526,2.454834222793579,0.8996689915657043,-0.029758736491203308,-0.0006411640206351876,0.11573115736246109,-0.9928345680236816
17.846301699988544,-0.003295877017080784,2.45475172996521,0.899867057800293,-0.030727272853255272,-0.0008417352801188827,0.11510023474693298,-0.9928781390190125
17.85023280000314,-0.002970907837152481,2.4548425674438477,0.9001690745353699,-0.02912508323788643,-0.0009840666316449642,0.11426074057817459,-0.9930233359336853
17.855437399994116,-0.002737942151725292,2.454936981201172,0.9005844593048096,-0.02826605550944805,0.0005260221078060567,0.11199764162302017,-0.9933062791824341
17.8591494000284,-0.0024580229073762894,2.454892158508301,0.900876522064209,-0.02851392701268196,0.0007203262066468596,0.11154690384864807,-0.9933498501777649
17.862854500010144,-0.002165434416383505,2.454922676086426,0.9012439846992493,-0.031401537358760834,-2.2632861146121286e-05,0.11286656558513641,-0.9931138753890991
17.867292700044345,-0.0019541019573807716,2.45491886138916,0.9014784693717957,-0.031888432800769806,-0.00010442843631608412,0.11265410482883453,-0.993122398853302
17.871624800027348,-0.0017200815491378307,2.4548768997192383,0.9016983509063721,-0.03284180536866188,-0.0004581720568239689,0.11251900345087051,-0.9931066632270813
17.875777300039772,-0.0015384913422167301,2.4548494815826416,0.9019991755485535,-0.033094752579927444,-0.0005948772886767983,0.11202067881822586,-0.9931545257568359
17.880542600003537,-0.001239962875843048,2.454777717590332,0.9022128582000732,-0.0318884551525116,-0.00025533215375617146,0.11090829968452454,-0.9933189153671265
17.88491740002064,-0.0010333377867937088,2.454806089401245,0.9024325013160706,-0.031504373997449875,-4.1811206756392494e-05,0.11044290661811829,-0.99338299036026
17.888860900013242,-0.0007119141519069672,2.454807996749878,0.9026111960411072,-0.03158744424581528,-0.0008450493915006518,0.11037208139896393,-0.9933879375457764
17.892377700016368,-0.00037207454442977905,2.4548118114471436,0.9028342366218567,-0.03144237399101257,-0.0009875578107312322,0.11033013463020325,-0.9933971166610718
17.89633890002733,-0.00012200884521007538,2.4549577236175537,0.9031233787536621,-0.029313843697309494,-0.0014134530210867524,0.10992072522640228,-0.9935069680213928
17.90028420003364,4.605203866958618e-05,2.455122470855713,0.9034749865531921,-0.02806840091943741,9.803409921005368e-05,0.10812162607908249,-0.9937413930892944
17.904587000026368,0.0002645440399646759,2.4551897048950195,0.9036446213722229,-0.027751315385103226,0.0001794947311282158,0.10785066336393356,-0.993779718875885
17.908731000032276,0.0004445798695087433,2.455259084701538,0.9037798643112183,-0.027393203228712082,0.00022796064149588346,0.10761083662509918,-0.9938156604766846
17.912755400000606,0.0006500519812107086,2.4554271697998047,0.9040506482124329,-0.02952740155160427,-0.00037531278212554753,0.10945175588130951,-0.9935534596443176
17.917260200018063,0.0008133330848067999,2.45552659034729,0.9041898250579834,-0.02907572314143181,-0.00024142261827364564,0.10913660377264023,-0.993601381778717
17.92107909999322,0.0009354032808914781,2.4556095600128174,0.9043596982955933,-0.029227454215288162,-0.00027011724887415767,0.10929923504590988,-0.9935790300369263
17.925227000028826,0.001084193354472518,2.4557065963745117,0.904527485370636,-0.02863229811191559,-0.0001916163309942931,0.10915359854698181,-0.9936124682426453
17.929993900004774,0.0012055132538080215,2.4557557106018066,0.904710054397583,-0.02830987423658371,-0.0001569083979120478,0.10889672487974167,-0.9936498999595642
17.933738699997775,0.0013336038682609797,2.4557924270629883,0.9048813581466675,-0.028544697910547256,-0.00044393326970748603,0.10878325253725052,-0.9936555624008179
17.938001300033648,0.001415306469425559,2.4558212757110596,0.905145525932312,-0.028138039633631706,-0.0002493717474862933,0.10848098993301392,-0.9937002658843994
17.941998800029978,0.0017305593937635422,2.455841302871704,0.9052205085754395,-0.028981037437915802,-0.0013668884057551622,0.10854552686214447,-0.9936680197715759
17.946194100019056,0.001956414431333542,2.4560024738311768,0.9055303931236267,-0.02674189582467079,-0.0024766072165220976,0.10830769687891006,-0.9937546849250793
17.950870000000577,0.0020861122757196426,2.456047296524048,0.905769944190979,-0.026294706389307976,-0.002707701176404953,0.10807675123214722,-0.9937910437583923
17.95435010001529,0.0022336263209581375,2.4560718536376953,0.905989944934845,-0.02603069320321083,-0.0029167586471885443,0.10793711245059967,-0.9938126802444458
17.958519800042268,0.0023262128233909607,2.456141710281372,0.9063716530799866,-0.025913691148161888,-0.0015568112721666694,0.10626363009214401,-0.9939990639686584
17.96252749999985,0.0025155870243906975,2.4561755657196045,0.9065474271774292,-0.025292135775089264,-0.0013680021511390805,0.10594191402196884,-0.9940496683120728
17.966870700009167,0.00266379676759243,2.4561336040496826,0.906710684299469,-0.0257886815816164,-0.0015776631189510226,0.10590527951717377,-0.9940405488014221
17.971080899995286,0.0027704499661922455,2.4562342166900635,0.9070165753364563,-0.028027066960930824,-0.002062123268842697,0.10763663798570633,-0.9937930703163147
17.975224099995103,0.0029344987124204636,2.4561924934387207,0.9071523547172546,-0.028807969763875008,-0.002208123682066798,0.10765202343463898,-0.9937688112258911
17.97968970000511,0.003046068362891674,2.4561409950256348,0.907324492931366,-0.02962920442223549,-0.002317709382623434,0.10764806717634201,-0.9937447905540466
17.98373870004434,0.003140632528811693,2.4561214447021484,0.9074848294258118,-0.029561301693320274,-0.002398612443357706,0.10742911696434021,-0.9937703013420105
17.98779889999423,0.0033026793971657753,2.4560232162475586,0.907608687877655,-0.028233906254172325,-0.0023365975357592106,0.10623462498188019,-0.9939374923706055
17.99303760001203,0.0033966274932026863,2.456008195877075,0.9077873229980469,-0.02831217832863331,-0.002439001575112343,0.1063397005200386,-0.9939237236976624
17.997128500021063,0.003474913537502289,2.4559988975524902,0.9079610705375671,-0.028326183557510376,-0.00264339754357934,0.10644946992397308,-0.9939110279083252
18.000905800028704,0.003598853014409542,2.455970525741577,0.9081342220306396,-0.028236597776412964,-0.0029662922024726868,0.10648565739393234,-0.9939088821411133
18.004395900003146,0.00373261421918869,2.456047773361206,0.9084010720252991,-0.026625672355294228,-0.0036233612336218357,0.10654150694608688,-0.9939451813697815
18.008498700044584,0.0038037728518247604,2.456049919128418,0.9085670709609985,-0.026273589581251144,-0.0037618528585880995,0.10652145743370056,-0.9939561486244202
18.012740900041535,0.003864506259560585,2.4560351371765137,0.9087400436401367,-0.02611108496785164,-0.004067711997777224,0.10657167434692383,-0.9939538836479187
18.01685750001343,0.003859258256852627,2.456073045730591,0.9089965224266052,-0.02711346372961998,-0.004425735678523779,0.10752221941947937,-0.9938230514526367
18.021072900039144,0.0039123473688960075,2.456017255783081,0.9092135429382324,-0.026659740135073662,-0.004220795352011919,0.10728790611028671,-0.9938615560531616
18.025335400016047,0.003974636550992727,2.4559645652770996,0.9094088077545166,-0.02617456391453743,-0.0046764942817389965,0.10688529908657074,-0.993915855884552
18.029413799988106,0.004142815247178078,2.4559528827667236,0.9095051288604736,-0.02621554583311081,-0.005089853890240192,0.1071634516119957,-0.9938827753067017
18.03369800001383,0.004179774783551693,2.4559452533721924,0.9096161127090454,-0.026395520195364952,-0.0051458547823131084,0.10711801052093506,-0.9938825368881226
18.037791400041897,0.004198833368718624,2.4559457302093506,0.9097084999084473,-0.026537198573350906,-0.0051656137220561504,0.107230544090271,-0.9938666224479675
18.04298630001722,0.004231077618896961,2.4559404850006104,0.9098159074783325,-0.026711871847510338,-0.005130169913172722,0.10736525803804398,-0.9938475489616394
18.046750400040764,0.004258871078491211,2.456028938293457,0.9100868701934814,-0.026414448395371437,-0.0039989277720451355,0.10588934272527695,-0.9940190315246582
18.050372200028505,0.00421692943200469,2.456073760986328,0.9103369116783142,-0.028998028486967087,-0.004680756479501724,0.10777851194143295,-0.993740975856781
18.054728400020394,0.004223363474011421,2.4560747146606445,0.9104258418083191,-0.028949663043022156,-0.0051155430264770985,0.10743348300457001,-0.9937775135040283
18.061350300034974,0.0041897837072610855,2.456078052520752,0.9105234146118164,-0.02910901978611946,-0.005438928958028555,0.10758107900619507,-0.9937552213668823
18.066324100014754,0.004082751460373402,2.4560999870300293,0.9106907844543457,-0.029124710708856583,-0.0056950123980641365,0.10743846744298935,-0.9937688112258911
18.071183799998835,0.003920132294297218,2.456120491027832,0.9107732176780701,-0.02915746346116066,-0.005663169547915459,0.10736069083213806,-0.9937764406204224
18.075084200012498,0.0037820765282958746,2.45615291595459,0.9109399318695068,-0.02897736430168152,-0.0055121928453445435,0.10744711011648178,-0.9937731623649597
18.07957990001887,0.003658795729279518,2.45607852935791,0.910885751247406,-0.0293984767049551,-0.006500124931335449,0.10888063162565231,-0.9935988187789917
18.08406730002025,0.0035855884198099375,2.4561784267425537,0.9110474586486816,-0.029183397069573402,-0.005628891754895449,0.10729025304317474,-0.9937834143638611
18.087604800006375,0.0035855884198099375,2.4561784267425537,0.9110474586486816,-0.029183397069573402,-0.005628891754895449,0.10729025304317474,-0.9937834143638611
18.09125860000495,0.0035855884198099375,2.4561784267425537,0.9110474586486816,-0.029183397069573402,-0.005628891754895449,0.10729025304317474,-0.9937834143638611
18.096377600042615,0.003265836276113987,2.4559168815612793,0.9107806086540222,-0.027762718498706818,-0.00685904361307621,0.10605139285326004,-0.9939493536949158
18.100228500028607,0.003171687014400959,2.455944299697876,0.9107401371002197,-0.028165657073259354,-0.006931890267878771,0.10604382306337357,-0.9939383268356323
18.105032599996775,0.0030025960877537727,2.4559080600738525,0.910750687122345,-0.027936724945902824,-0.006712891161441803,0.1056056097149849,-0.9939929842948914
18.109216600016225,0.002843816764652729,2.4558916091918945,0.9107674956321716,-0.028080718591809273,-0.006882223300635815,0.10540233552455902,-0.994009256362915
18.112914099998306,0.0027220267802476883,2.455852508544922,0.9107900857925415,-0.02820669114589691,-0.0072002834640443325,0.10507890582084656,-0.9940377473831177
18.117335000017192,0.0024414584040641785,2.4557619094848633,0.9107885360717773,-0.027001027017831802,-0.007114108186215162,0.10362867265939713,-0.9942240715026855
18.120942700013984,0.0024414584040641785,2.4557619094848633,0.9107885360717773,-0.027001027017831802,-0.007114108186215162,0.10362867265939713,-0.9942240715026855
18.12513980001677,0.0019740015268325806,2.4557743072509766,0.9109010100364685,-0.028683193027973175,-0.0074589550495147705,0.10446937382221222,-0.9940863847732544
18.129359300015494,0.001675102859735489,2.455754280090332,0.9109591841697693,-0.029222434386610985,-0.0075411247089505196,0.10463744401931763,-0.9940524697303772
18.134346200036816,0.001434922218322754,2.45572829246521,0.9110352396965027,-0.029716968536376953,-0.0076589277014136314,0.10458498448133469,-0.9940424561500549
18.138378800009377,0.0011767800897359848,2.4557065963745117,0.9110794067382812,-0.030355963855981827,-0.007630565203726292,0.10470355302095413,-0.994010865688324
18.14197639998747,0.0007759123109281063,2.455674886703491,0.91131591796875,-0.03075413405895233,-0.007203363347798586,0.10481436550617218,-0.9939900636672974
18.146616599988192,0.000523134134709835,2.4556148052215576,0.9113487601280212,-0.031065912917256355,-0.007134615909308195,0.10463348776102066,-0.9939999580383301
18.1523673000047,0.00027476390823721886,2.455533504486084,0.9113962650299072,-0.0312589555978775,-0.006874925456941128,0.10448779165744781,-0.9940109848976135
18.15636760002235,1.2225471436977386e-05,2.455456495285034,0.9114028215408325,-0.03142959624528885,-0.006976197473704815,0.10403148829936981,-0.9940528273582458
18.16099810000742,-0.0002151518128812313,2.455378293991089,0.9113801717758179,-0.03178734332323074,-0.0068771857768297195,0.10366740822792053,-0.994080126285553
18.16478809999535,-0.0005299355834722519,2.455282688140869,0.911385715007782,-0.030547454953193665,-0.006198016460984945,0.10186316817998886,-0.9943100214004517
18.170097800029907,-0.0008281916379928589,2.455185890197754,0.9113649129867554,-0.030799176543951035,-0.005533677060157061,0.10151729732751846,-0.9943414926528931
18.175412799988408,-0.001330105820670724,2.4548892974853516,0.9113280773162842,-0.03277263790369034,-0.005316193215548992,0.10083126276731491,-0.9943494200706482
18.1803113000351,-0.0015516497660428286,2.4547576904296875,0.9113332629203796,-0.03312114253640175,-0.00578196020796895,0.10057226568460464,-0.9943615198135376
18.184073699987493,-0.0017603160813450813,2.454575300216675,0.9113258123397827,-0.034209899604320526,-0.006037714425474405,0.10019947588443756,-0.9943607449531555
18.188025300041772,-0.0020341798663139343,2.4544456005096436,0.9113558530807495,-0.03427577763795853,-0.005959836300462484,0.09993145614862442,-0.9943859577178955
18.192020000016782,-0.0024355475325137377,2.4541807174682617,0.9113986492156982,-0.03450026363134384,-0.006453630514442921,0.1010570228099823,-0.9942613840103149
18.19629640004132,-0.0026566239539533854,2.4540395736694336,0.9114142656326294,-0.034541793167591095,-0.006623441819101572,0.10072127729654312,-0.9942928552627563
18.20042559999274,-0.002937029115855694,2.453908681869507,0.9114711880683899,-0.034422945231199265,-0.00647050840780139,0.09964220970869064,-0.9944067001342773
18.204350600019097,-0.003200952894985676,2.4536311626434326,0.9113258123397827,-0.031678155064582825,-0.006536704953759909,0.09688978642225266,-0.9947694540023804
18.208741400041617,-0.003443477675318718,2.453432321548462,0.9113820195198059,-0.03115638718008995,-0.006509000901132822,0.09638184309005737,-0.994835376739502
18.212867800029926,-0.0037668542936444283,2.453171491622925,0.9112971425056458,-0.031189728528261185,-0.007408436853438616,0.09734531491994858,-0.9947342872619629
18.21699260000605,-0.004000900313258171,2.4529876708984375,0.9113144874572754,-0.0317898765206337,-0.007368519436568022,0.09730397909879684,-0.9947196245193481
18.22151160001522,-0.0042121512815356255,2.452831745147705,0.9113086462020874,-0.03183676302433014,-0.007523855660110712,0.097481869161129,-0.9946995973587036
18.226159500016365,-0.004463310353457928,2.452712059020996,0.9113308191299438,-0.03150607645511627,-0.0069015854969620705,0.09772893041372299,-0.9946902990341187
18.23052149999421,-0.004650365561246872,2.452547311782837,0.9112992286682129,-0.0317399688065052,-0.006972216535359621,0.09798930585384369,-0.9946568012237549
18.234168599999975,-0.004830622114241123,2.4523556232452393,0.9112007021903992,-0.030825763940811157,-0.00687358807772398,0.09684981405735016,-0.9947977662086487
18.23784549999982,-0.005027123726904392,2.452237367630005,0.9111150503158569,-0.030857741832733154,-0.007467363961040974,0.09668038785457611,-0.9948090314865112
18.24227069999324,-0.005258206278085709,2.4520692825317383,0.9110562801361084,-0.032048068940639496,-0.007357578258961439,0.09641072154045105,-0.9947984218597412
18.246119000017643,-0.005523364059627056,2.4519214630126953,0.9111009836196899,-0.03248821571469307,-0.006974058225750923,0.09647127240896225,-0.994780957698822
18.250909800000954,-0.005898285191506147,2.4518301486968994,0.9110788702964783,-0.03279270976781845,-0.006805770099163055,0.09655039012432098,-0.9947644472122192
18.255520900012925,-0.006214295979589224,2.451674461364746,0.911011278629303,-0.034058135002851486,-0.005778759252279997,0.09651269018650055,-0.994732141494751
18.25898490002146,-0.006487515289336443,2.4516282081604004,0.9109711050987244,-0.03379877656698227,-0.0056199426762759686,0.09622806310653687,-0.9947695136070251
18.26331549999304,-0.006742493249475956,2.451582431793213,0.9109227657318115,-0.03343109041452408,-0.00541571294888854,0.09578286856412888,-0.9948260188102722
18.266929600038566,-0.007038917392492294,2.451521873474121,0.9108644723892212,-0.033085327595472336,-0.005411731544882059,0.09503534436225891,-0.9949092268943787
18.271369000023697,-0.007311007007956505,2.4515089988708496,0.9107648134231567,-0.03224515542387962,-0.005090321414172649,0.09475234895944595,-0.9949654936790466
18.275355699996,-0.00762548390775919,2.451425075531006,0.9106928110122681,-0.0324254035949707,-0.004457710310816765,0.09449604153633118,-0.9949870109558105
18.27944790001493,-0.007859518751502037,2.4512102603912354,0.9104072451591492,-0.02879396080970764,-0.003919530659914017,0.09129006415605545,-0.9954003095626831
18.283968600037042,-0.008109313435852528,2.4511616230010986,0.9102113246917725,-0.027802301570773125,-0.004473159089684486,0.091115303337574,-0.9954421520233154
18.288489700003993,-0.008437314070761204,2.4510769844055176,0.9101817011833191,-0.027471596375107765,-0.004542321432381868,0.0907539650797844,-0.9954839944839478
18.292250200000126,-0.00873043853789568,2.4509458541870117,0.9099476337432861,-0.02789372019469738,-0.006176859140396118,0.09213356673717499,-0.9953367114067078
18.296162499987986,-0.009097689762711525,2.4508280754089355,0.9097848534584045,-0.02820540964603424,-0.006581364199519157,0.09300227463245392,-0.995244562625885
18.30014599999413,-0.009519719518721104,2.4507856369018555,0.9096791744232178,-0.028618063777685165,-0.006242826115339994,0.09293392300605774,-0.9952414035797119
18.30471530003706,-0.00985366478562355,2.4507367610931396,0.9095456600189209,-0.029249465093016624,-0.006100795231759548,0.09303075075149536,-0.9952148199081421
18.30907610000577,-0.010232965461909771,2.450575590133667,0.9093083143234253,-0.030831024050712585,-0.005755170248448849,0.09331623464822769,-0.9951424598693848
18.312898400006816,-0.010624147951602936,2.450488328933716,0.9092006683349609,-0.03163794055581093,-0.005248825531452894,0.0926228016614914,-0.9951847195625305
18.31725359999109,-0.011112351901829243,2.450483798980713,0.90923672914505,-0.032603777945041656,-0.004753835033625364,0.09312599152326584,-0.9951090216636658
18.32152070000302,-0.011444796808063984,2.450416088104248,0.9092075824737549,-0.03254808112978935,-0.004470547661185265,0.09278566390275955,-0.9951440095901489
18.32547640003031,-0.011720197275280952,2.450202703475952,0.9088707566261292,-0.028536323457956314,-0.003979322034865618,0.08884213119745255,-0.9956289529800415
18.32940220000455,-0.012111841700971127,2.450122117996216,0.9088155031204224,-0.028285400941967964,-0.004281940869987011,0.08742550015449524,-0.9957602620124817
18.333839700033423,-0.012509259395301342,2.4499733448028564,0.9087919592857361,-0.027891825884580612,-0.004298325628042221,0.08667565882205963,-0.9958368539810181
18.33783030003542,-0.012901213020086288,2.449769973754883,0.9086915850639343,-0.028749408200383186,-0.004221456591039896,0.0866137370467186,-0.9958181977272034
18.342007600003853,-0.013260315172374249,2.449561357498169,0.908645510673523,-0.029207663610577583,-0.004020689520984888,0.08649594336748123,-0.9958158135414124
18.346380900009535,-0.013591200113296509,2.4492738246917725,0.9084257483482361,-0.02963428944349289,-0.005326200742274523,0.08791594207286835,-0.9956727623939514
18.35033420001855,-0.013941766694188118,2.449031114578247,0.908412516117096,-0.029828298836946487,-0.004585774149745703,0.08774806559085846,-0.9956854581832886
18.35629510000581,-0.014330059289932251,2.448712110519409,0.9083532094955444,-0.031291715800762177,-0.0036660004407167435,0.08785547316074371,-0.9956348538398743
18.360555100021884,-0.014529181644320488,2.4484355449676514,0.9083017110824585,-0.03062771074473858,-0.0039154402911663055,0.0871087908744812,-0.9957202076911926
18.364623500034213,-0.014780266210436821,2.4482176303863525,0.9083572626113892,-0.030955728143453598,-0.004398391116410494,0.08706972748041153,-0.9957114458084106
18.3694154000259,-0.015021232888102531,2.447964668273926,0.9083670973777771,-0.03191583603620529,-0.004490384832024574,0.08674512803554535,-0.9957090616226196
18.373828000039794,-0.015248003415763378,2.447749137878418,0.9083703756332397,-0.031853046268224716,-0.004549384582787752,0.0863451361656189,-0.9957455992698669
18.37930570001481,-0.01580239273607731,2.447173595428467,0.9082411527633667,-0.030142899602651596,-0.004216825123876333,0.08584854006767273,-0.995843231678009
18.383640800020657,-0.016147296875715256,2.446869373321533,0.9082751870155334,-0.030989041551947594,-0.0037131852004677057,0.08604063838720322,-0.9958027005195618
18.387868500023615,-0.016492344439029694,2.4465842247009277,0.908332109451294,-0.03145179897546768,-0.003732485929504037,0.08588685095310211,-0.9958013892173767
18.391877399990335,-0.016727665439248085,2.446164846420288,0.908267080783844,-0.030151309445500374,-0.003240792313590646,0.08405490964651108,-0.9959996938705444
18.39616110001225,-0.01697535440325737,2.445871353149414,0.9083293676376343,-0.03014717437326908,-0.0033374959602952003,0.08380608260631561,-0.9960203766822815
18.400264199997764,-0.017246410250663757,2.4455599784851074,0.9083749651908875,-0.029913509264588356,-0.0033643790520727634,0.08356019109487534,-0.9960480332374573
18.40430200000992,-0.017514832317829132,2.4452154636383057,0.9084227085113525,-0.028850099071860313,-0.002519425703212619,0.08240769058465958,-0.9961779117584229
18.408418100036215,-0.017751703038811684,2.4447925090789795,0.9085758924484253,-0.027753712609410286,-0.0018255775794386864,0.081214539706707,-0.9963085055351257
18.41272260004189,-0.017979705706238747,2.444490432739258,0.9087115526199341,-0.028629088774323463,-0.002155081834644079,0.08214099705219269,-0.9962071180343628
18.417204800003674,-0.01814466342329979,2.4441990852355957,0.908701479434967,-0.029218478128314018,-0.0023346778471022844,0.08265950530767441,-0.9961466789245605
18.421091400028672,-0.018363449722528458,2.4437124729156494,0.908614456653595,-0.030305903404951096,-0.002744348719716072,0.08372484147548676,-0.9960241913795471
18.42522460001055,-0.01849404163658619,2.443436861038208,0.9086400270462036,-0.03015940450131893,-0.0031180614605545998,0.08381620049476624,-0.9960198998451233
18.42934830003651,-0.018591899424791336,2.443100690841675,0.9087151288986206,-0.030888808891177177,-0.003287835046648979,0.08462250977754593,-0.9959288239479065
18.433509099995717,-0.018744489178061485,2.442859411239624,0.9087432622909546,-0.031115397810935974,-0.0032820270862430334,0.0844791829586029,-0.9959339499473572
18.43789400003152,-0.018958183005452156,2.4425525665283203,0.9087522029876709,-0.03264404460787773,-0.002969239139929414,0.08443359285593033,-0.9958899021148682
18.441866100009065,-0.019143205136060715,2.4423601627349854,0.9088570475578308,-0.03280283138155937,-0.002616079291328788,0.08408235758543015,-0.9959153532981873
18.44605239998782,-0.019268738105893135,2.4421141147613525,0.9087135195732117,-0.0331372432410717,-0.004627488553524017,0.08521898835897446,-0.9958003163337708
18.450391600024886,-0.01969200000166893,2.4417433738708496,0.9088460206985474,-0.033556774258613586,-0.0036123660393059254,0.08437850326299667,-0.9958620071411133
18.45459550002124,-0.01983780972659588,2.4415712356567383,0.9088640809059143,-0.033773671835660934,-0.00410801824182272,0.08456065505743027,-0.9958373308181763
18.458753900020383,-0.020077232271432877,2.441384792327881,0.9090562462806702,-0.03409189358353615,-0.003412430640310049,0.08511917293071747,-0.9957815408706665
18.46278080000775,-0.020269710570573807,2.4412498474121094,0.9091531038284302,-0.034141905605793,-0.003252877853810787,0.08539652079343796,-0.9957565665245056
18.46728829998756,-0.020430266857147217,2.4411144256591797,0.9092217087745667,-0.03411555662751198,-0.0031345330644398928,0.08552131056785583,-0.9957471489906311
18.471833600022364,-0.020539237186312675,2.441014528274536,0.9092668294906616,-0.03418977931141853,-0.003165893955156207,0.0854286476969719,-0.9957524538040161
18.47614969999995,-0.020686060190200806,2.4409103393554688,0.9092369675636292,-0.03583866357803345,-0.004414374008774757,0.0860234797000885,-0.9956386089324951
18.479970299988054,-0.020801080390810966,2.440774917602539,0.9092795252799988,-0.03505203500390053,-0.004736538045108318,0.0851864367723465,-0.9957370758056641
18.48464820004301,-0.02091902494430542,2.4407081604003906,0.9092968702316284,-0.03493363410234451,-0.00482731219381094,0.08520277589559555,-0.9957393407821655
18.487906499998644,-0.021142050623893738,2.4405696392059326,0.9092401266098022,-0.03335341438651085,-0.00434699235484004,0.08386768400669098,-0.9959090352058411
18.492303300008643,-0.021353041753172874,2.440554141998291,0.909223735332489,-0.032529544085264206,-0.0037229943554848433,0.08373744785785675,-0.9959498643875122
18.496919199998956,-0.021468056365847588,2.4405648708343506,0.9092309474945068,-0.032596785575151443,-0.0037928028032183647,0.08379942178726196,-0.9959421753883362
18.50073720002547,-0.02159148082137108,2.4405171871185303,0.9091475605964661,-0.032823946326971054,-0.0044478983618319035,0.08482041209936142,-0.9958454966545105
18.50466590002179,-0.021780451759696007,2.4405782222747803,0.9091323018074036,-0.03268687427043915,-0.004449174273759127,0.08470655232667923,-0.9958598017692566
18.509064999991097,-0.0218922458589077,2.4406535625457764,0.9091523289680481,-0.032428354024887085,-0.004726296290755272,0.08428612351417542,-0.9959025979042053
18.513182200025767,-0.022079650312662125,2.4407176971435547,0.9091140627861023,-0.03245878219604492,-0.004380844067782164,0.08449723571538925,-0.9958853125572205
18.516957000014372,-0.02227022498846054,2.440783977508545,0.909083366394043,-0.032152388244867325,-0.004069078713655472,0.08453908562660217,-0.9958930015563965
18.52150959998835,-0.022464217618107796,2.4408881664276123,0.9091421961784363,-0.031818702816963196,-0.00350605184212327,0.08412298560142517,-0.995941162109375
18.525762500008568,-0.02260085940361023,2.4410150051116943,0.9091446995735168,-0.031287845224142075,-0.003103040624409914,0.0829225480556488,-0.9960599541664124
18.52952159999404,-0.022748218849301338,2.440985679626465,0.9089847207069397,-0.02916036732494831,-0.0027202125638723373,0.08098908513784409,-0.9962846040725708
18.53380770003423,-0.022962819784879684,2.441128730773926,0.9089972972869873,-0.03050300106406212,-0.0028916574083268642,0.08207733929157257,-0.9961549043655396
18.537815499992575,-0.023074384778738022,2.4411137104034424,0.9088683724403381,-0.030905913561582565,-0.003709848504513502,0.0833432674407959,-0.9960346221923828
18.543873400019947,-0.02321058325469494,2.4412295818328857,0.9089340567588806,-0.03051937185227871,-0.003049086546525359,0.08197952061891556,-0.996161937713623
18.54819340002723,-0.02335391193628311,2.4412691593170166,0.9089092016220093,-0.03060237132012844,-0.003190401243045926,0.08189433068037033,-0.9961659908294678
18.552026199991815,-0.02352113462984562,2.4412992000579834,0.9089059233665466,-0.030594220384955406,-0.00327951367944479,0.08172349631786346,-0.9961800575256348
18.55625299998792,-0.02369217574596405,2.441361427307129,0.9088927507400513,-0.030526645481586456,-0.0034525177907198668,0.0816727951169014,-0.9961856007575989
18.5598389999941,-0.02388053946197033,2.4414079189300537,0.9088835120201111,-0.030586665496230125,-0.003487349022179842,0.08168214559555054,-0.9961828589439392
18.563265100005083,-0.024039193987846375,2.4414427280426025,0.9089027047157288,-0.03082316741347313,-0.003591478569433093,0.08161140978336334,-0.9961810111999512
18.567220900033135,-0.024270784109830856,2.4415290355682373,0.9089202284812927,-0.03103543072938919,-0.0033995972480624914,0.08145884424448013,-0.9961876273155212
18.571205299987923,-0.024515870958566666,2.4416050910949707,0.9089462161064148,-0.030708543956279755,-0.0033205419313162565,0.0810820460319519,-0.9962286949157715
18.575932500010822,-0.024723045527935028,2.4417033195495605,0.9089285135269165,-0.030796146020293236,-0.003023377386853099,0.08120526373386383,-0.9962169528007507
18.57993200002238,-0.024879038333892822,2.4417812824249268,0.9089280366897583,-0.030321191996335983,-0.002847672440111637,0.08077362179756165,-0.9962671399116516
18.58412870002212,-0.025008657947182655,2.4418976306915283,0.9088892340660095,-0.030480701476335526,-0.002869264455512166,0.08079087734222412,-0.9962608218193054
18.58794090000447,-0.025135399773716927,2.4419689178466797,0.9088858366012573,-0.030543815344572067,-0.002779238158836961,0.08083473145961761,-0.9962555170059204
18.591965800034814,-0.025250639766454697,2.442038059234619,0.908830463886261,-0.030069276690483093,-0.003215395612642169,0.08092229068279266,-0.9962615370750427
18.596869400003925,-0.025401167571544647,2.4420766830444336,0.9088676571846008,-0.029942035675048828,-0.0031423920299857855,0.08074622601270676,-0.9962798953056335
18.600405400036834,-0.025521835312247276,2.442044973373413,0.9088801145553589,-0.030053814873099327,-0.003492970485240221,0.08170092105865479,-0.9961975812911987
18.60457409999799,-0.02561408281326294,2.4421558380126953,0.9089683890342712,-0.02923077903687954,-0.00314032263122499,0.0805901363492012,-0.996313750743866
18.60889259999385,-0.02578754350543022,2.4420719146728516,0.9090536832809448,-0.029174497351050377,-0.003341272473335266,0.08131957799196243,-0.9962553977966309
18.612839700013865,-0.025907065719366074,2.4420862197875977,0.909124493598938,-0.02920602262020111,-0.0034372129011899233,0.08151991665363312,-0.9962377548217773
18.617083000019193,-0.026077695190906525,2.4421207904815674,0.9092158079147339,-0.029109857976436615,-0.003068105550482869,0.0813249722123146,-0.9962577819824219
18.621067700034473,-0.026187919080257416,2.442213296890259,0.9092897772789001,-0.02909623272716999,-0.0027875255327671766,0.08062867075204849,-0.9963155388832092
18.626507000008132,-0.026334332302212715,2.4421074390411377,0.9091360569000244,-0.02947738952934742,-0.004431548062711954,0.08325240015983582,-0.9960826635360718
18.63082590000704,-0.026445262134075165,2.4421463012695312,0.9091334939002991,-0.029267290607094765,-0.004486287012696266,0.08330456912517548,-0.9960842132568359
18.634573000017554,-0.026575230062007904,2.4422030448913574,0.9091567397117615,-0.02930378168821335,-0.0046516042202711105,0.08342590183019638,-0.9960721731185913
18.638208999997005,-0.02671440690755844,2.4422872066497803,0.9091891646385193,-0.029232246801257133,-0.004753720946609974,0.08341316878795624,-0.9960748553276062
18.642280700034462,-0.026904523372650146,2.442355155944824,0.9093137383460999,-0.02968849241733551,-0.005258256569504738,0.08390296250581741,-0.9960177540779114
18.646348000038415,-0.026944968849420547,2.442424774169922,0.9093348979949951,-0.029885422438383102,-0.00589515408501029,0.08410915732383728,-0.9959909319877625
18.65106140001444,-0.027160076424479485,2.442408800125122,0.9092825651168823,-0.0310050155967474,-0.005664727184921503,0.0842062383890152,-0.9959497451782227
18.65486880001845,-0.02737782523036003,2.442540168762207,0.9092690348625183,-0.03255542367696762,-0.0057668318040668964,0.08561733365058899,-0.9957794547080994
18.659785100026056,-0.027457736432552338,2.4425666332244873,0.9093098640441895,-0.032664209604263306,-0.006510551553219557,0.08581797033548355,-0.9957540035247803
18.663271700032055,-0.02757447585463524,2.442593812942505,0.9093403220176697,-0.03258847817778587,-0.006628082133829594,0.08565428107976913,-0.995769739151001
18.667393899988383,-0.027696728706359863,2.442599296569824,0.9093546867370605,-0.03243902325630188,-0.0066907829605042934,0.08552519232034683,-0.9957852959632874
18.672246900037862,-0.02780030108988285,2.442610025405884,0.9093969464302063,-0.032395415008068085,-0.006839463487267494,0.0853806808590889,-0.9957981705665588
18.67625489999773,-0.02790115773677826,2.4426205158233643,0.909433901309967,-0.032168932259082794,-0.006950914394110441,0.08518822491168976,-0.9958212375640869
18.6797407999984,-0.028019793331623077,2.4426019191741943,0.9094737768173218,-0.03216932341456413,-0.0068911281414330006,0.0849965512752533,-0.9958380460739136
18.683641500014346,-0.028129274025559425,2.442598342895508,0.9095304012298584,-0.032165683805942535,-0.006871327292174101,0.08498501032590866,-0.9958392381668091
18.6879493999877,-0.02823491208255291,2.442612648010254,0.9095818400382996,-0.03166387230157852,-0.006708355620503426,0.08479633927345276,-0.995872437953949
18.691911400004756,-0.028505053371191025,2.4426074028015137,0.9096439480781555,-0.03145352378487587,-0.00609390065073967,0.08472798019647598,-0.995888888835907
18.69607810000889,-0.028640978038311005,2.4426043033599854,0.9097109436988831,-0.03160544112324715,-0.006028441246598959,0.08462469279766083,-0.9958933591842651
18.700140100030694,-0.02873406372964382,2.4426071643829346,0.9097825288772583,-0.03165408968925476,-0.006086571607738733,0.08465476334095001,-0.995888888835907
18.704385599994566,-0.028835102915763855,2.442610740661621,0.9098505973815918,-0.03172170743346214,-0.006123092025518417,0.08467596024274826,-0.9958847165107727
18.709042700007558,-0.02904483862221241,2.4426140785217285,0.9099648594856262,-0.03169451653957367,-0.005526169203221798,0.0847727507352829,-0.9958808422088623
18.712875200028066,-0.029107049107551575,2.4426283836364746,0.9100101590156555,-0.03152233362197876,-0.005642635747790337,0.084495410323143,-0.9959092140197754
18.71700000000419,-0.029191812500357628,2.4426157474517822,0.9101134538650513,-0.03147881478071213,-0.005493388511240482,0.08444114774465561,-0.995915949344635
18.722198700008448,-0.02925923652946949,2.4425854682922363,0.9102181196212769,-0.03165586665272713,-0.0056049455888569355,0.0844578668475151,-0.9959083795547485
18.72562129999278,-0.029334964230656624,2.442526340484619,0.9103561639785767,-0.031660180538892746,-0.005484684836119413,0.0842881128191948,-0.9959232807159424
18.729681700002402,-0.02935943193733692,2.4424338340759277,0.9104755520820618,-0.032378919422626495,-0.0060439929366111755,0.08431173861026764,-0.9958949089050293
18.73428179998882,-0.029412947595119476,2.442389726638794,0.910593569278717,-0.03263789787888527,-0.006094226147979498,0.08418803662061691,-0.995896577835083
18.737872800033074,-0.029376111924648285,2.4424006938934326,0.910732090473175,-0.03159882500767708,-0.006799009162932634,0.0840313509106636,-0.995938777923584
18.742090800020378,-0.02944749966263771,2.442351818084717,0.910824716091156,-0.03201702609658241,-0.006918417289853096,0.08415324240922928,-0.9959142804145813
18.746067900035996,-0.02950955554842949,2.442309617996216,0.9109094142913818,-0.032348982989788055,-0.007012478541582823,0.08424564450979233,-0.9958951473236084
18.750994800007902,-0.0295904278755188,2.442242383956909,0.9110043048858643,-0.03140118345618248,-0.006914638914167881,0.08340315520763397,-0.9959970712661743
18.754489300015848,-0.029666300863027573,2.4422266483306885,0.9111210107803345,-0.03127412870526314,-0.006780611351132393,0.08347275108098984,-0.9959961175918579
18.758777900016867,-0.029725927859544754,2.4422361850738525,0.9111902713775635,-0.03131905198097229,-0.0069231134839355946,0.08359826356172562,-0.9959832429885864
18.76367900002515,-0.029767658561468124,2.4422414302825928,0.9112406373023987,-0.031101299449801445,-0.00697725685313344,0.08360467106103897,-0.9959891438484192
18.76730220002355,-0.029822897166013718,2.4422607421875,0.9112911820411682,-0.031345196068286896,-0.00712331710383296,0.08378387242555618,-0.9959653615951538
18.77126450004289,-0.03005697950720787,2.442282199859619,0.9115177989006042,-0.03160421550273895,-0.006581765599548817,0.08421424776315689,-0.9959245920181274
18.77541400003247,-0.030061649158596992,2.4422905445098877,0.9115386605262756,-0.03140506148338318,-0.006920235697180033,0.0841178297996521,-0.9959367513656616
18.780114000022877,-0.030175739899277687,2.4422640800476074,0.9116888046264648,-0.031061071902513504,-0.006701219826936722,0.08386502414941788,-0.9959703683853149
18.7839982000296,-0.03021065704524517,2.442260265350342,0.9117740392684937,-0.030884237959980965,-0.006745517253875732,0.08380088210105896,-0.995980978012085
18.787853899993934,-0.030243895947933197,2.442243814468384,0.9118599891662598,-0.030752846971154213,-0.006801421754062176,0.0836193710565567,-0.9959999322891235
18.792173800000455,-0.030259771272540092,2.4422199726104736,0.9118931293487549,-0.03068690560758114,-0.007185573689639568,0.0835210382938385,-0.99600750207901
18.798518700001296,-0.030272923409938812,2.4421939849853516,0.9119950532913208,-0.030271900817751884,-0.00706564262509346,0.08317454904317856,-0.9960500597953796
18.802178699988872,-0.03026813454926014,2.4421815872192383,0.9120543599128723,-0.030353236943483353,-0.007223151158541441,0.08327443897724152,-0.9960380792617798
18.80586190003669,-0.030281158164143562,2.442167282104492,0.9121571183204651,-0.03018919564783573,-0.007330496329814196,0.08307726681232452,-0.9960588216781616
18.809425899991766,-0.03029397316277027,2.442164659500122,0.9122270941734314,-0.03012114018201828,-0.007510248105973005,0.08307774364948273,-0.9960594177246094
18.813337500032503,-0.030300786718726158,2.442155122756958,0.9122835397720337,-0.029886724427342415,-0.007625240366905928,0.08288118988275528,-0.9960820078849792
18.817801200028043,-0.030315332114696503,2.44218111038208,0.9123303294181824,-0.029932230710983276,-0.007754653226584196,0.0830051451921463,-0.9960693120956421
18.822307299997192,-0.030327457934617996,2.44220232963562,0.9123749732971191,-0.02993916906416416,-0.007913526147603989,0.08310315757989883,-0.996059775352478
18.826340200030245,-0.030324619263410568,2.4422316551208496,0.9123932123184204,-0.03009195253252983,-0.00793228019028902,0.0830831453204155,-0.9960566759109497
18.829829599999357,-0.030306795611977577,2.442279100418091,0.9123795628547668,-0.029941070824861526,-0.008168050087988377,0.08289112895727158,-0.9960753321647644
18.833891300018877,-0.030306167900562286,2.4423158168792725,0.9123943448066711,-0.029892683029174805,-0.008256434462964535,0.08283454179763794,-0.9960806965827942
18.838099399989005,-0.030324220657348633,2.44235897064209,0.9123667478561401,-0.029836462810635567,-0.008778958581387997,0.08290215581655502,-0.9960722923278809
18.84260340000037,-0.03031061589717865,2.4423766136169434,0.9123738408088684,-0.02993127331137657,-0.008911140263080597,0.08299892395734787,-0.9960601925849915
18.846593599999323,-0.030292870476841927,2.4423980712890625,0.912394642829895,-0.029672957956790924,-0.009026379324495792,0.08284173160791397,-0.9960799813270569
18.85027860000264,-0.030319124460220337,2.442401647567749,0.9124287366867065,-0.029799552634358406,-0.009047950617969036,0.08295467495918274,-0.9960666298866272
18.85479310003575,-0.030325530096888542,2.44240665435791,0.9124559760093689,-0.0295435581356287,-0.00915542896836996,0.08280196040868759,-0.9960860013961792
18.858709699998144,-0.030335184186697006,2.442404270172119,0.9124922156333923,-0.029587076976895332,-0.00921124778687954,0.08266559988260269,-0.9960954785346985
18.862829699995928,-0.03033856861293316,2.442387819290161,0.9125115275382996,-0.02962535247206688,-0.009264546446502209,0.08266475796699524,-0.9960939288139343
18.867766400042456,-0.030326880514621735,2.4423792362213135,0.9125428199768066,-0.029495660215616226,-0.009258875623345375,0.08248402923345566,-0.9961127638816833
18.871173300023656,-0.03028738871216774,2.4424171447753906,0.912713885307312,-0.029151590541005135,-0.007907546125352383,0.08122345060110092,-0.9962381720542908
18.87540610000724,-0.030314946547150612,2.4423394203186035,0.9125915169715881,-0.02951604127883911,-0.00924945343285799,0.08243323862552643,-0.9961164593696594
18.879437300027348,-0.03023318387567997,2.4423155784606934,0.9126461744308472,-0.029464036226272583,-0.009422743692994118,0.08250627666711807,-0.9961103796958923
18.884187099989504,-0.030230000615119934,2.4422905445098877,0.9126782417297363,-0.02952004224061966,-0.009584849700331688,0.08251633495092392,-0.9961063265800476
18.888111900014337,-0.030195707455277443,2.442347526550293,0.9128273129463196,-0.0293270256370306,-0.00868941005319357,0.08115599304437637,-0.9962319731712341
18.891963100002613,-0.030232280492782593,2.4422495365142822,0.9127500653266907,-0.029549965634942055,-0.00970399659126997,0.08247271925210953,-0.9961079359054565
18.89615909999702,-0.030269596725702286,2.442203998565674,0.9128389954566956,-0.029356244951486588,-0.009531082585453987,0.08211632072925568,-0.9961447715759277
18.90030650002882,-0.03024987317621708,2.442244052886963,0.9129830002784729,-0.0291263647377491,-0.008478132076561451,0.08059367537498474,-0.9962853193283081
18.90448570001172,-0.030299112200737,2.4421310424804688,0.9129178524017334,-0.029440393671393394,-0.00947935227304697,0.08202668279409409,-0.9961500763893127
18.9093881000299,-0.030328858643770218,2.442075490951538,0.9129416346549988,-0.029423555359244347,-0.009565643966197968,0.08200298994779587,-0.9961517453193665
18.91293410002254,-0.03041563369333744,2.442042827606201,0.9129593372344971,-0.029732367023825645,-0.009088696911931038,0.08215710520744324,-0.9961344003677368
18.91727279999759,-0.03038116730749607,2.442009925842285,0.9129855632781982,-0.0296444371342659,-0.009628824889659882,0.08210384100675583,-0.9961362481117249
18.921141700004227,-0.03045329451560974,2.4420554637908936,0.91312175989151,-0.02925727516412735,-0.008230646140873432,0.08065611124038696,-0.9962785840034485
18.925304800039157,-0.030527979135513306,2.4419448375701904,0.9130420088768005,-0.029739240184426308,-0.009071611799299717,0.08189263194799423,-0.9961560368537903
18.929527700005565,-0.030543852597475052,2.4418532848358154,0.9129812717437744,-0.02873162552714348,-0.009223872795701027,0.08129410445690155,-0.9962332844734192
18.93351609999081,-0.03059784322977066,2.4418253898620605,0.9130015969276428,-0.028810344636440277,-0.00916436966508627,0.08129575103521347,-0.9962313771247864
18.937629899999592,-0.030643288046121597,2.4417996406555176,0.9130363464355469,-0.029127109795808792,-0.009137764573097229,0.08130473643541336,-0.996221661567688
18.941966600017622,-0.030690772458910942,2.4417805671691895,0.9130588173866272,-0.029052013531327248,-0.00912488903850317,0.08128546923398972,-0.9962255954742432
18.94619510002667,-0.030750131234526634,2.4417412281036377,0.9130846261978149,-0.029189830645918846,-0.00921084638684988,0.0812462642788887,-0.996224045753479
18.950407200027257,-0.03082282468676567,2.4416656494140625,0.9130975008010864,-0.03003678284585476,-0.008949845097959042,0.08124683797359467,-0.9962010979652405
18.954403600015212,-0.030883051455020905,2.4416327476501465,0.9131314158439636,-0.03013274073600769,-0.009008185006678104,0.08116735517978668,-0.9962041974067688
18.958706100005656,-0.03094862587749958,2.4415946006774902,0.9131783843040466,-0.030305420979857445,-0.00919027253985405,0.08107400685548782,-0.9962049126625061
18.963062900002114,-0.031044498085975647,2.441558361053467,0.9132198691368103,-0.030588388442993164,-0.009333393536508083,0.08119136840105057,-0.9961853623390198
18.967099800007418,-0.03110096976161003,2.441516399383545,0.91327965259552,-0.030879167839884758,-0.009605782106518745,0.08113072067499161,-0.9961787462234497
18.971587000007275,-0.031222589313983917,2.4415128231048584,0.9133542776107788,-0.0309277456253767,-0.009510635398328304,0.08077928423881531,-0.9962067604064941
18.97549149999395,-0.03129749000072479,2.441484212875366,0.9133650064468384,-0.03078404627740383,-0.009431783109903336,0.08049476891756058,-0.9962349534034729
18.979661600023974,-0.03137576952576637,2.4414689540863037,0.9133903384208679,-0.03079531528055668,-0.009476549923419952,0.08052229136228561,-0.9962319731712341
18.984031400003005,-0.03148680925369263,2.441462278366089,0.9134076237678528,-0.03062676638364792,-0.009448975324630737,0.08025827258825302,-0.9962587356567383
18.98792029998731,-0.031649090349674225,2.441474676132202,0.9133923053741455,-0.030803637579083443,-0.009718537330627441,0.08017908781766891,-0.9962570667266846
18.99224890000187,-0.03175635635852814,2.4414994716644287,0.9133899807929993,-0.030530914664268494,-0.00953146256506443,0.08014792203903198,-0.996269702911377
18.996915900032036,-0.03182939440011978,2.441516637802124,0.913382887840271,-0.030529431998729706,-0.009549912065267563,0.07979618012905121,-0.9962978959083557
19.00148530001752,-0.031991761177778244,2.44150710105896,0.9134538769721985,-0.030746227130293846,-0.009398974478244781,0.08014222234487534,-0.9962648749351501
19.0053603000124,-0.0321362279355526,2.4414970874786377,0.9134924411773682,-0.030567090958356857,-0.009269222617149353,0.07997971028089523,-0.9962846040725708
19.00925530004315,-0.03223609924316406,2.4414918422698975,0.913629949092865,-0.031332068145275116,-0.00969709362834692,0.08033817261457443,-0.9962279796600342
19.012960600026418,-0.032404787838459015,2.441439628601074,0.9137733578681946,-0.031213313341140747,-0.009386882185935974,0.08025507628917694,-0.9962413311004639
19.017324200016446,-0.03251125290989876,2.4414381980895996,0.9138678312301636,-0.03100653924047947,-0.009296147152781487,0.08002512902021408,-0.9962671399116516
19.02122049999889,-0.03262270987033844,2.441337823867798,0.9138733744621277,-0.03126911818981171,-0.009687709622085094,0.08073758333921432,-0.9961977601051331
19.026237500016578,-0.03276043385267258,2.4413249492645264,0.9139853715896606,-0.031338296830654144,-0.009641648270189762,0.08067706227302551,-0.9962008595466614
19.02987359999679,-0.0328763946890831,2.4413042068481445,0.9140713214874268,-0.031423624604940414,-0.009525894187390804,0.08066655695438385,-0.9962001442909241
19.033892400038894,-0.03295973688364029,2.4412922859191895,0.9141300916671753,-0.03130565956234932,-0.009498556144535542,0.08058669418096542,-0.9962105751037598
19.037763500004075,-0.033160604536533356,2.4412519931793213,0.914216935634613,-0.031055189669132233,-0.009306157939136028,0.0802920013666153,-0.9962440729141235
19.04209850000916,-0.03327440470457077,2.4412295818328857,0.9142650365829468,-0.03138517588376999,-0.009226507507264614,0.08046896755695343,-0.9962201714515686
19.046119300008286,-0.03334234654903412,2.441235303878784,0.9143387675285339,-0.031256020069122314,-0.009195338934659958,0.08028210699558258,-0.9962396621704102
19.050379100022838,-0.033437296748161316,2.441220283508301,0.9143815636634827,-0.03127333149313927,-0.009060480631887913,0.08018913865089417,-0.9962478280067444
19.054742100008298,-0.033544763922691345,2.441221237182617,0.9144399166107178,-0.03135454282164574,-0.008919160813093185,0.0802711620926857,-0.9962399005889893
19.058607499988284,-0.033595457673072815,2.44122314453125,0.9145031571388245,-0.031339045614004135,-0.008879154920578003,0.08028353750705719,-0.9962397813796997
19.062980599992443,-0.03364868089556694,2.4412448406219482,0.9145718812942505,-0.03095844015479088,-0.00897363480180502,0.08045777678489685,-0.9962367415428162
19.067044000024907,-0.03378339111804962,2.441202402114868,0.9146962761878967,-0.03052293136715889,-0.008857270702719688,0.08002414554357529,-0.996286153793335
19.071257600036915,-0.033871326595544815,2.441124677658081,0.9147951006889343,-0.02988475374877453,-0.008746965788304806,0.07927238941192627,-0.9963666200637817
19.07547830004478,-0.03391169756650925,2.4411373138427734,0.9148937463760376,-0.0298277847468853,-0.008761602453887463,0.07928912341594696,-0.9963668584823608
19.079542500025127,-0.03398417681455612,2.441157817840576,0.9149630069732666,-0.02967360056936741,-0.008859939873218536,0.0786057561635971,-0.9964247345924377
19.08394620002946,-0.03405419737100601,2.441154956817627,0.9150500297546387,-0.02956516109406948,-0.008945126086473465,0.0786079689860344,-0.9964269995689392
19.087784500035923,-0.03406486287713051,2.4411377906799316,0.9151228070259094,-0.02992067113518715,-0.009224453009665012,0.07856912165880203,-0.9964169263839722
19.09187770000426,-0.034116968512535095,2.4411473274230957,0.915152370929718,-0.029859166592359543,-0.00921893585473299,0.07862411439418793,-0.9964144229888916
19.095969200017862,-0.03422420471906662,2.4411628246307373,0.9151817560195923,-0.030155621469020844,-0.008867168799042702,0.07877624779939651,-0.9963967204093933
19.10018680000212,-0.03426007926464081,2.441274404525757,0.9153960943222046,-0.029621345922350883,-0.007788877002894878,0.07750661671161652,-0.9965213537216187
19.106557200022507,-0.034318707883358,2.4413185119628906,0.9154319763183594,-0.029514433816075325,-0.00771229388192296,0.07749035954475403,-0.996526300907135
19.11112640000647,-0.03437613323330879,2.441291332244873,0.915254533290863,-0.029794421046972275,-0.008798111230134964,0.07889817655086517,-0.9963985085487366
19.115186500013806,-0.034479863941669464,2.4414310455322266,0.9154366254806519,-0.0294489786028862,-0.007180191110819578,0.0772765651345253,-0.9965488314628601
19.121297500038054,-0.03451893851161003,2.441465139389038,0.9152852296829224,-0.029612168669700623,-0.008733785711228848,0.07860517501831055,-0.9964277148246765
19.12589680001838,-0.03461317718029022,2.4416019916534424,0.9154431819915771,-0.029088716953992844,-0.0072232577949762344,0.07707390189170837,-0.9965747594833374
19.131496599991806,-0.03461306542158127,2.4415981769561768,0.9152896404266357,-0.029338009655475616,-0.008686340413987637,0.0783618912100792,-0.9964553117752075
19.13553640001919,-0.03467366844415665,2.441675901412964,0.9152997136116028,-0.029100175946950912,-0.008615507744252682,0.07838767021894455,-0.9964609742164612
19.140023900021333,-0.03470376133918762,2.441781520843506,0.9153228402137756,-0.030120663344860077,-0.008798371069133282,0.079312264919281,-0.9963558912277222
19.14475030003814,-0.03480840101838112,2.441978931427002,0.9154762029647827,-0.029085921123623848,-0.007041065488010645,0.07779666781425476,-0.9965200424194336
19.14949079998769,-0.03485427796840668,2.442014694213867,0.915306031703949,-0.029340481385588646,-0.00818473007529974,0.07936867326498032,-0.9963798522949219
19.15454270003829,-0.03496949002146721,2.442178726196289,0.9153632521629333,-0.028788486495614052,-0.008183244615793228,0.07956939190626144,-0.9963800311088562
19.159172300016508,-0.03504876419901848,2.442241668701172,0.9153785705566406,-0.028511663898825645,-0.00827984418720007,0.07963818311691284,-0.9963816404342651
19.167882100038696,-0.03524946793913841,2.442371368408203,0.9154168963432312,-0.02793845534324646,-0.008169722743332386,0.07926938682794571,-0.9964281916618347
19.171766399987973,-0.03534679859876633,2.442491054534912,0.9153919219970703,-0.02848263829946518,-0.007913615554571152,0.0797891616821289,-0.9963733553886414
19.175769500026945,-0.03542367368936539,2.4425930976867676,0.9153855443000793,-0.02862517535686493,-0.007757223676890135,0.07990109175443649,-0.9963615536689758
19.18049619998783,-0.035531751811504364,2.442762851715088,0.9153987169265747,-0.029952872544527054,-0.008049511350691319,0.08100776374340057,-0.9962307810783386
19.184076700010337,-0.035650379955768585,2.442873239517212,0.9153850674629211,-0.030065901577472687,-0.008046104572713375,0.0811740905046463,-0.9962138533592224
19.18831510003656,-0.03581470996141434,2.4430105686187744,0.9153693914413452,-0.030324000865221024,-0.007757549174129963,0.0813153088092804,-0.9961968660354614
19.192098100029398,-0.03586674481630325,2.443117141723633,0.9153561592102051,-0.030151553452014923,-0.007714688777923584,0.08130908012390137,-0.9962028861045837
19.19637459999649,-0.03596614673733711,2.443286895751953,0.9153586626052856,-0.029964877292513847,-0.007788441143929958,0.0815596953034401,-0.9961875081062317
19.20048590004444,-0.03618314862251282,2.4434783458709717,0.9154189229011536,-0.02974623069167137,-0.007039161399006844,0.08042875677347183,-0.9962915182113647
19.204574000032153,-0.036385904997587204,2.4435946941375732,0.9153962135314941,-0.029084544628858566,-0.0063651856034994125,0.08018111437559128,-0.9963356256484985
19.208909400040284,-0.03649158775806427,2.4437029361724854,0.9154072999954224,-0.02903856337070465,-0.006247906479984522,0.08007210493087769,-0.9963464140892029
19.214001299988013,-0.0366542786359787,2.443822145462036,0.9154214859008789,-0.028825238347053528,-0.005787817295640707,0.08001898974180222,-0.996359646320343
19.217786099994555,-0.036875590682029724,2.443848133087158,0.9153856635093689,-0.029877716675400734,-0.0045629520900547504,0.07999639213085175,-0.996336817741394
19.221346400037874,-0.03698448836803436,2.4440014362335205,0.9153612852096558,-0.029138026759028435,-0.0043345908634364605,0.07988543808460236,-0.9963686466217041
19.225513500045054,-0.03710175305604935,2.4441308975219727,0.9153568744659424,-0.028673704713582993,-0.004211936146020889,0.07954231649637222,-0.9964101910591125
19.229748799989466,-0.03723730891942978,2.4442825317382812,0.9153602123260498,-0.027730386704206467,-0.003841179655864835,0.07922694087028503,-0.9964634776115417
19.23413450003136,-0.03734946623444557,2.4444000720977783,0.9153667688369751,-0.027642779052257538,-0.0034790991339832544,0.0791882574558258,-0.9964703321456909
19.237899700005073,-0.037540215998888016,2.4445297718048096,0.9154034852981567,-0.027247287333011627,-0.0023954345379024744,0.07852400839328766,-0.9965369701385498
19.242110299994238,-0.03764435276389122,2.444605588912964,0.9153583645820618,-0.02673158049583435,-0.002664488973096013,0.07789131253957748,-0.9965998530387878
19.246409900020808,-0.037701673805713654,2.4447033405303955,0.9153617024421692,-0.0264089647680521,-0.002636979566887021,0.07748343795537949,-0.9966403245925903
19.250379000033718,-0.03777869790792465,2.4447989463806152,0.9153622388839722,-0.02639726921916008,-0.0025322260335087776,0.07747717946767807,-0.9966413974761963
19.254629100032616,-0.03781427443027496,2.444873571395874,0.915368914604187,-0.026208795607089996,-0.0022216616198420525,0.07736269384622574,-0.996656060218811
19.25871600001119,-0.037873268127441406,2.44496488571167,0.9154062867164612,-0.026380296796560287,-0.002124606166034937,0.07757756859064102,-0.9966350197792053
19.262884000025224,-0.03793363273143768,2.44504714012146,0.9155145287513733,-0.026426492258906364,-0.001559358206577599,0.07740529626607895,-0.9966482520103455
19.26694599998882,-0.03791743516921997,2.4451117515563965,0.9154901504516602,-0.026415366679430008,-0.0018225070089101791,0.07739797234535217,-0.9966486096382141
19.271234499989077,-0.03791572153568268,2.445235013961792,0.9155544638633728,-0.025774318724870682,-0.0018197386525571346,0.07740703225135803,-0.9966647028923035
19.27528629999142,-0.03790932521224022,2.4452927112579346,0.9155862331390381,-0.02595488727092743,-0.0017417781054973602,0.07741530984640121,-0.996659517288208
19.279367100039963,-0.03786182031035423,2.44541335105896,0.9156613945960999,-0.02689644880592823,-0.0018077607965096831,0.07795903831720352,-0.9965920448303223
19.283725599991158,-0.03777717426419258,2.445500373840332,0.9156016707420349,-0.027142895385622978,-0.0023575013037770987,0.07817261666059494,-0.9965674877166748
19.287864800018724,-0.03771365433931351,2.445556402206421,0.9155805110931396,-0.027429016306996346,-0.0026459358632564545,0.07866742461919785,-0.9965200424194336
19.29216680000536,-0.03765196353197098,2.445614814758301,0.9156323671340942,-0.02762296050786972,-0.0025397217832505703,0.07888360321521759,-0.9964978098869324
19.29612310003722,-0.03741689771413803,2.4457740783691406,0.9156361222267151,-0.0262148417532444,-0.003748500719666481,0.07877747714519501,-0.9965404868125916
19.300136300036684,-0.037230491638183594,2.445861339569092,0.9156984090805054,-0.026451710611581802,-0.00401250459253788,0.07933559268712997,-0.9964889287948608
19.30465990002267,-0.03710755705833435,2.4459877014160156,0.915877640247345,-0.025936365127563477,-0.0029896602500230074,0.07804863154888153,-0.9966077208518982
19.30875379999634,-0.03698181360960007,2.4460198879241943,0.9159074425697327,-0.02562589943408966,-0.0029704200569540262,0.07791242748498917,-0.9966263771057129
19.3130022000405,-0.036844998598098755,2.4460649490356445,0.9159517884254456,-0.025409186258912086,-0.003103783819824457,0.07799695432186127,-0.9966249465942383
19.317898700013757,-0.036733996123075485,2.446075439453125,0.9159764051437378,-0.02530308999121189,-0.0032384535297751427,0.0780380442738533,-0.9966239929199219
19.32292539998889,-0.03651651367545128,2.446089029312134,0.9160013198852539,-0.025316271930933,-0.0037719414103776217,0.07813707739114761,-0.9966140389442444
19.326840199995786,-0.036398813128471375,2.4461216926574707,0.916050374507904,-0.025266461074352264,-0.0039035980589687824,0.07803826779127121,-0.9966225624084473
19.330658100021537,-0.03629801422357559,2.4461376667022705,0.9160868525505066,-0.024998586624860764,-0.004089261405169964,0.0778951495885849,-0.9966397285461426
19.334836499998346,-0.036202967166900635,2.446143388748169,0.9161381721496582,-0.025112628936767578,-0.004152345471084118,0.07765915989875793,-0.9966549873352051
19.34069380001165,-0.03611353412270546,2.446124315261841,0.9162036180496216,-0.02473829872906208,-0.004434153903275728,0.07742595672607422,-0.996681272983551
19.34583060001023,-0.03598480671644211,2.446120500564575,0.9162910580635071,-0.024857275187969208,-0.0047173332422971725,0.07707375288009644,-0.9967043995857239
19.35007799998857,-0.035940855741500854,2.4461236000061035,0.9163429141044617,-0.024783270433545113,-0.004784323275089264,0.07694415748119354,-0.9967159032821655
19.354781300004106,-0.035879530012607574,2.4460995197296143,0.9164115786552429,-0.02500498853623867,-0.004602815955877304,0.07708248496055603,-0.9967004656791687
19.359547800035216,-0.035859473049640656,2.446084976196289,0.9164461493492126,-0.025015078485012054,-0.00452443165704608,0.07695702463388443,-0.9967103004455566
19.36374070000602,-0.03586095571517944,2.446089744567871,0.9164984822273254,-0.025123460218310356,-0.0045190840028226376,0.07694441825151443,-0.9967086315155029
19.368056200037245,-0.03591376543045044,2.4460647106170654,0.9165744781494141,-0.02519158460199833,-0.004322581458836794,0.07688355445861816,-0.9967124462127686
19.372941000037827,-0.03591475263237953,2.4460604190826416,0.9166297912597656,-0.02532929927110672,-0.004315081983804703,0.0768670067191124,-0.9967101812362671
19.380349399987608,-0.03594258427619934,2.446057081222534,0.916728138923645,-0.02541142888367176,-0.004265295807272196,0.07696986943483353,-0.9967004656791687
19.383952700009104,-0.03598838299512863,2.446058750152588,0.9167652726173401,-0.025661993771791458,-0.004197303205728531,0.07715779542922974,-0.9966797828674316
19.38862430001609,-0.03601953759789467,2.4460675716400146,0.9168006181716919,-0.025785347446799278,-0.004021928645670414,0.07730338722467422,-0.9966660141944885
19.392141600023024,-0.03606708347797394,2.4460809230804443,0.9168490767478943,-0.0258414838463068,-0.003947877325117588,0.07744739949703217,-0.99665367603302
19.396485900040716,-0.03614116832613945,2.4460930824279785,0.9169055819511414,-0.0259271077811718,-0.0038290738593786955,0.0774371400475502,-0.9966527819633484
19.400305700022727,-0.036197908222675323,2.4461021423339844,0.9169589281082153,-0.025965241715312004,-0.0036449767649173737,0.07748229056596756,-0.9966489672660828
19.404394300014246,-0.036292240023612976,2.4461004734039307,0.9170246720314026,-0.0259771179407835,-0.0034986191894859076,0.07745947688817978,-0.9966508746147156
19.408753100025933,-0.036369893699884415,2.446087121963501,0.9171008467674255,-0.02617807686328888,-0.0034128886181861162,0.0776737630367279,-0.9966292977333069
19.413106599997263,-0.036462265998125076,2.4460949897766113,0.9171813130378723,-0.026461871340870857,-0.0033043604344129562,0.07780890166759491,-0.9966115355491638
19.417118999990635,-0.036617763340473175,2.4460723400115967,0.9173158407211304,-0.026629962027072906,-0.0027315313927829266,0.07776618003845215,-0.9966121315956116
19.421126100001857,-0.03675537556409836,2.4460413455963135,0.9173849821090698,-0.026785150170326233,-0.0026458464562892914,0.07810679823160172,-0.9965816140174866
19.42518600000767,-0.03688240051269531,2.4460391998291016,0.9174712300300598,-0.02682507410645485,-0.002052681054919958,0.07831760495901108,-0.9965654015541077
19.42947890004143,-0.03703233599662781,2.446031332015991,0.9175856113433838,-0.02714035101234913,-0.0022917520254850388,0.07850028574466705,-0.9965419173240662
19.43350390001433,-0.03722376376390457,2.446049690246582,0.9176383018493652,-0.027073483914136887,-0.002224194584414363,0.07840651273727417,-0.9965512752532959
19.437896999996156,-0.03737035393714905,2.44594669342041,0.9175739884376526,-0.027333460748195648,-0.0017903294647112489,0.07785306125879288,-0.9965884685516357
19.441928100015502,-0.03751388192176819,2.445957660675049,0.9175800681114197,-0.027442019432783127,-0.0017407153500244021,0.07779054343700409,-0.9965904951095581
19.446060299989767,-0.03768857941031456,2.4459714889526367,0.9176082611083984,-0.027840111404657364,-0.0017783016664907336,0.07812327146530151,-0.9965533018112183
19.450395499996375,-0.03788065165281296,2.445965051651001,0.9176040887832642,-0.028003426268696785,-0.001184817054308951,0.07824007421731949,-0.9965404868125916
19.454512000025716,-0.03814006224274635,2.4459171295166016,0.9176927208900452,-0.02806646190583706,-0.0010795342968776822,0.07826114445924759,-0.9965372085571289
19.4588219000143,-0.0382763110101223,2.445894956588745,0.9177224636077881,-0.02771802991628647,-0.0008918347302824259,0.07794440537691116,-0.9965718984603882
19.462963600002695,-0.03841515630483627,2.4458818435668945,0.9177717566490173,-0.027725063264369965,-0.0008698099409230053,0.07807707041501999,-0.9965613484382629
19.467874000023585,-0.03851589187979698,2.4458110332489014,0.9178488850593567,-0.02793685905635357,-0.0011274131247773767,0.07816880941390991,-0.9965479969978333
19.471418000000995,-0.03863878548145294,2.4457359313964844,0.9179102778434753,-0.027840597555041313,-0.0009696022025309503,0.07807525247335434,-0.9965582489967346
19.476070500037167,-0.03877418488264084,2.445645809173584,0.9179962277412415,-0.028105027973651886,-0.0009060204029083252,0.07813360542058945,-0.9965463280677795
19.479642099991906,-0.038883086293935776,2.4454970359802246,0.9180203080177307,-0.028560616075992584,-0.0016448895912617445,0.07955600321292877,-0.9964198470115662
19.48369329998968,-0.03903982788324356,2.4454097747802734,0.9181693196296692,-0.028502242639660835,-0.0008861726964823902,0.07961849123239517,-0.9964175224304199
19.487897300045006,-0.039158936589956284,2.4453558921813965,0.9182396531105042,-0.02851376309990883,-0.0006939698942005634,0.07953160256147385,-0.9964242577552795
19.492147500044666,-0.03925609588623047,2.445277214050293,0.9183198809623718,-0.02811930701136589,-0.0007334452820941806,0.0791882574558258,-0.9964627623558044
19.496084100042935,-0.03935806825757027,2.4452126026153564,0.9183584451675415,-0.02798614092171192,-0.00042330255382694304,0.07903661578893661,-0.9964787364006042
19.500657199998386,-0.03945054113864899,2.4451634883880615,0.9183861017227173,-0.02799280732870102,-0.0002550952776800841,0.07910173386335373,-0.9964733719825745
19.504470599989872,-0.039517492055892944,2.445112705230713,0.9184157252311707,-0.028174906969070435,-0.00017145575839094818,0.07914561778306961,-0.9964648485183716
19.508674400043674,-0.039600152522325516,2.445053815841675,0.9184284210205078,-0.028111161664128304,1.7683189071249217e-05,0.07903988659381866,-0.9964750409126282
19.512955499987584,-0.0396386981010437,2.444993495941162,0.9184274077415466,-0.028039252385497093,2.849272823368665e-05,0.07936850935220718,-0.9964510202407837
19.516914500040002,-0.03969985246658325,2.4449620246887207,0.9184337258338928,-0.028334446251392365,0.00014320002810563892,0.07956258952617645,-0.9964271187782288
19.521413600014057,-0.03975600004196167,2.4449357986450195,0.9184345006942749,-0.02822822518646717,0.00042365334229543805,0.07942474633455276,-0.9964410662651062
19.525900700013153,-0.03980205953121185,2.444904088973999,0.9184395670890808,-0.028348898515105247,0.0005005926941521466,0.07938708364963531,-0.996440589427948
19.530454499996267,-0.03987192362546921,2.444859266281128,0.9184532165527344,-0.02842230163514614,0.0006306316354312003,0.07919478416442871,-0.9964537620544434
19.53404280001996,-0.03995679318904877,2.444817543029785,0.9185012578964233,-0.028457805514335632,0.0010302966693416238,0.0791202187538147,-0.9964583516120911
19.537817500007804,-0.04000090807676315,2.444783926010132,0.9185150265693665,-0.02864411473274231,0.0010169047163799405,0.07910239696502686,-0.9964543581008911
19.54205530002946,-0.04005324840545654,2.4447593688964844,0.9185265898704529,-0.028539661318063736,0.0011075971415266395,0.07902885228395462,-0.9964631199836731
19.546152500028256,-0.04016495123505592,2.4446423053741455,0.918489933013916,-0.02941727824509144,0.001702536130324006,0.07883854955434799,-0.9964518547058105
19.550527399987914,-0.04024437069892883,2.4446024894714355,0.9185440540313721,-0.029553167521953583,0.001912161591462791,0.07905822992324829,-0.9964300990104675
19.554610999999568,-0.04031025245785713,2.44453763961792,0.9185433983802795,-0.03009885735809803,0.0021986488718539476,0.07920356839895248,-0.9964015483856201
19.55865449999692,-0.040330320596694946,2.4445266723632812,0.9185693264007568,-0.029068559408187866,0.0022910640109330416,0.07882468402385712,-0.9964620471000671
19.563290800026152,-0.04037695750594139,2.4445290565490723,0.9184656739234924,-0.02891240082681179,0.002099671633914113,0.07886804640293121,-0.9964634776115417
19.567039499990642,-0.04040548577904701,2.4445135593414307,0.918426513671875,-0.028790302574634552,0.0020908601582050323,0.07901420444250107,-0.9964555501937866
19.57117140002083,-0.0404459573328495,2.4444901943206787,0.9183396100997925,-0.02856558747589588,0.0021088221110403538,0.07882828265428543,-0.9964767098426819
19.57544670003699,-0.04048307612538338,2.4445090293884277,0.9182509183883667,-0.028247779235243797,0.0020513227209448814,0.07864618301391602,-0.9965002536773682
19.57939610001631,-0.040480755269527435,2.4445223808288574,0.9180912375450134,-0.02729422226548195,0.0019049402326345444,0.07790419459342957,-0.9965853691101074
19.583825700043235,-0.04051240533590317,2.44454288482666,0.9179887175559998,-0.026956722140312195,0.0018356575164943933,0.07784193754196167,-0.9965996146202087
19.58852420002222,-0.040558259934186935,2.4445602893829346,0.9178598523139954,-0.02655443549156189,0.0018101880559697747,0.07763249427080154,-0.9966267347335815
19.59229719999712,-0.04068386182188988,2.4447121620178223,0.9177523851394653,-0.027742141857743263,0.0011527366004884243,0.07889944314956665,-0.9964958429336548
19.596347000042442,-0.04073462635278702,2.4446616172790527,0.9174814820289612,-0.027533525601029396,-0.00018505111802369356,0.08036209642887115,-0.996385395526886
19.600283800042234,-0.04082067310810089,2.4447059631347656,0.9173023104667664,-0.027691727504134178,-2.9557028028648347e-05,0.08075431734323502,-0.9963493347167969
19.605265800026245,-0.04080495983362198,2.444732189178467,0.9171592593193054,-0.0273969154804945,-0.0006448613130487502,0.08048981428146362,-0.9963787198066711
19.608953099988867,-0.041007425636053085,2.444795846939087,0.9170724749565125,-0.026574714109301567,0.000302925705909729,0.0803469642996788,-0.9964125752449036
19.612770100007765,-0.041163377463817596,2.444863796234131,0.9170178771018982,-0.026599282398819923,0.0006022155866958201,0.08062610775232315,-0.9963892698287964
19.617028600012418,-0.0412546843290329,2.444854974746704,0.9169161915779114,-0.025783592835068703,0.0003545129729900509,0.07980980724096298,-0.9964765906333923
19.621082100027706,-0.04127844423055649,2.4448583126068115,0.9168022871017456,-0.025600247085094452,0.0001128518269979395,0.07961418479681015,-0.9964969754219055
19.625350299989805,-0.041320495307445526,2.4447736740112305,0.9165412187576294,-0.022520843893289566,0.0007917696493677795,0.07729482650756836,-0.9967535734176636
19.62950500001898,-0.04147592559456825,2.4447274208068848,0.916468620300293,-0.02213025465607643,0.0010854069842025638,0.07682257890701294,-0.996798574924469
19.633645099995192,-0.04155691713094711,2.444673538208008,0.916412889957428,-0.021412596106529236,0.0011916630901396275,0.07605679333209991,-0.9968728423118591
19.638558300037403,-0.04163266718387604,2.4446768760681152,0.9164000749588013,-0.020846087485551834,0.0016897498862817883,0.0762520506978035,-0.9968692660331726
19.6443442000309,-0.04169406369328499,2.4446723461151123,0.9162999391555786,-0.02074928767979145,0.0019491357961669564,0.07564643770456314,-0.9969168901443481
19.648029100033455,-0.041763290762901306,2.444658041000366,0.916187584400177,-0.020715510472655296,0.0020119177643209696,0.07553087174892426,-0.9969262480735779
19.654310300014913,-0.041833192110061646,2.444733142852783,0.9159258008003235,-0.021523980423808098,0.0018796937074512243,0.07620100677013397,-0.9968584179878235
19.65870750002796,-0.041917771100997925,2.444713830947876,0.9157506227493286,-0.020775796845555305,0.002121157245710492,0.07559634000062943,-0.9969198703765869
19.665388500026893,-0.04199329763650894,2.444797992706299,0.9155824184417725,-0.021817941218614578,0.002396122319623828,0.07642541825771332,-0.9968337416648865
19.67114059999585,-0.04229472577571869,2.4448068141937256,0.915221095085144,-0.023113813251256943,0.0035575043875724077,0.07698655873537064,-0.9967579245567322
19.67547180003021,-0.04238787293434143,2.4448421001434326,0.9150009751319885,-0.022917911410331726,0.0036666858941316605,0.07688891887664795,-0.9967695474624634
19.679717499995604,-0.04248752444982529,2.4448676109313965,0.9148068428039551,-0.022898806259036064,0.0038609786424785852,0.07685817033052444,-0.9967716336250305
19.683713000034913,-0.04258275777101517,2.444908857345581,0.9146105647087097,-0.022532055154442787,0.003976630046963692,0.07665441185235977,-0.9967952370643616
19.688322200032417,-0.042679786682128906,2.444913387298584,0.9143649935722351,-0.022183770313858986,0.004065529443323612,0.07655268162488937,-0.9968104958534241
19.69198659999529,-0.042761459946632385,2.4449379444122314,0.9141035676002502,-0.022042695432901382,0.00395777216181159,0.07649284601211548,-0.9968186616897583
19.696074600040447,-0.04276030883193016,2.4448935985565186,0.9136270880699158,-0.021808549761772156,0.0020994246006011963,0.07718116044998169,-0.9967763423919678
19.700502299994696,-0.042898617684841156,2.4448177814483643,0.9132706522941589,-0.01958334445953369,0.002838541753590107,0.0754937082529068,-0.9969499111175537
19.704531499999575,-0.04301247000694275,2.4448421001434326,0.9130322933197021,-0.019443150609731674,0.0031044408679008484,0.07521965354681015,-0.9969725608825684
19.708906700019725,-0.04323483631014824,2.444856882095337,0.9127808809280396,-0.01949932426214218,0.0039725699461996555,0.07496313005685806,-0.9969877600669861
19.712806800031103,-0.04330706596374512,2.444884777069092,0.9124937057495117,-0.01894371584057808,0.003633241169154644,0.07421755790710449,-0.9970555305480957
19.717033400025684,-0.043466370552778244,2.4449210166931152,0.9122574329376221,-0.01891830749809742,0.003682015696540475,0.0739598423242569,-0.9970749616622925
19.72129680000944,-0.04362623393535614,2.4451282024383545,0.9120842814445496,-0.017957588657736778,0.0047057815827429295,0.07256915420293808,-0.9971905946731567
19.7250725000049,-0.04380933940410614,2.445209503173828,0.9117886424064636,-0.017205147072672844,0.004905201029032469,0.07247929275035858,-0.9972094893455505
19.731738800008316,-0.04403094947338104,2.445276975631714,0.911503255367279,-0.01711629331111908,0.005361891817301512,0.07264850288629532,-0.9971963167190552
19.73574130004272,-0.044220760464668274,2.445352792739868,0.9112272262573242,-0.016769016161561012,0.005754372570663691,0.07267606258392334,-0.9971979856491089
19.74014290003106,-0.044359855353832245,2.4453976154327393,0.9109710454940796,-0.016443155705928802,0.005977223627269268,0.07266536355018616,-0.99720299243927
19.744618400000036,-0.04453450068831444,2.445507287979126,0.9106099605560303,-0.01774265244603157,0.005224202759563923,0.07410817593336105,-0.9970786571502686
19.750046400004067,-0.044819433242082596,2.4453680515289307,0.90993332862854,-0.015424334444105625,0.004926152527332306,0.0733381062746048,-0.9971756935119629
19.754467500024475,-0.04491829872131348,2.4453577995300293,0.9097337126731873,-0.015447314828634262,0.0050342148169875145,0.07325466722249985,-0.9971809387207031
19.758733400027268,-0.04503246769309044,2.445347785949707,0.9095353484153748,-0.015416295267641544,0.005174478515982628,0.07301133871078491,-0.9971985816955566
19.763370400003623,-0.04515153542160988,2.4452974796295166,0.9093315601348877,-0.0153893968090415,0.0057106767781078815,0.07273323833942413,-0.9972163438796997
19.76697850000346,-0.04525424912571907,2.4452481269836426,0.9091806411743164,-0.015790173783898354,0.005980074405670166,0.07254356890916824,-0.9972223043441772
19.771237800014205,-0.04534854739904404,2.445208787918091,0.9090173244476318,-0.016329385340213776,0.006175827234983444,0.0724514052271843,-0.9972192049026489
19.77525390003575,-0.04549530893564224,2.4450485706329346,0.9087088108062744,-0.018024861812591553,0.007035580929368734,0.07230719923973083,-0.9971947073936462
19.779553000000305,-0.045574646443128586,2.445011615753174,0.9085788130760193,-0.018254809081554413,0.007097925990819931,0.072210893034935,-0.9971970319747925
19.784174700034782,-0.045694708824157715,2.4449775218963623,0.9084138870239258,-0.01799621805548668,0.007761042099446058,0.0718763992190361,-0.9972209930419922
19.787851400033105,-0.04581990838050842,2.4449355602264404,0.9083261489868164,-0.01809988170862198,0.007218236569315195,0.07182756811380386,-0.9972267746925354
19.792039400024805,-0.04594333469867706,2.4448912143707275,0.908199667930603,-0.018124060705304146,0.007271171547472477,0.07167995721101761,-0.9972364902496338
19.79621150001185,-0.04599781706929207,2.4448277950286865,0.9080253839492798,-0.017826758325099945,0.007615559734404087,0.07121951878070831,-0.9972723126411438
19.800310900027398,-0.04611480236053467,2.444772958755493,0.907886803150177,-0.01776254177093506,0.007548763416707516,0.07106604427099228,-0.9972848892211914
19.804588500002865,-0.046208735555410385,2.444678783416748,0.9077349901199341,-0.017619522288441658,0.007566615007817745,0.07076223194599152,-0.9973089694976807
19.808685900003184,-0.046277742832899094,2.4445841312408447,0.907512366771698,-0.01768471673130989,0.0067187645472586155,0.07100242376327515,-0.9972967505455017
19.813059000007343,-0.04637135565280914,2.44442081451416,0.907314121723175,-0.018321732059121132,0.006348618771880865,0.07087332755327225,-0.9972968697547913
19.81741310004145,-0.04657090827822685,2.444286823272705,0.907272219657898,-0.01839376613497734,0.006082597654312849,0.07084617018699646,-0.9972991347312927
19.821334600041155,-0.046556562185287476,2.4441020488739014,0.9069455862045288,-0.016685977578163147,0.006618218962103128,0.06941822916269302,-0.9974262118339539
19.825590200023726,-0.046576499938964844,2.443898916244507,0.9067068099975586,-0.01698116399347782,0.005511682480573654,0.07078812271356583,-0.9973316192626953
19.829513400036376,-0.04664379358291626,2.44378399848938,0.9065665602684021,-0.017188161611557007,0.005550947971642017,0.07078608125448227,-0.9973280429840088
19.833731700025965,-0.0466616190969944,2.4436745643615723,0.9064615368843079,-0.017275769263505936,0.005435400642454624,0.07089143246412277,-0.9973196387290955
19.83779170003254,-0.046677760779857635,2.443575382232666,0.9063624143600464,-0.017223773524165154,0.0053985100239515305,0.07083428651094437,-0.9973248243331909
19.841863100009505,-0.04674038290977478,2.443404197692871,0.9061876535415649,-0.017522519454360008,0.00463613448664546,0.07210614532232285,-0.9972323179244995
19.846148500044364,-0.046785492449998856,2.443291425704956,0.9060936570167542,-0.017537690699100494,0.004425967577844858,0.07217507064342499,-0.9972279667854309
19.854560500010848,-0.04685807228088379,2.4431090354919434,0.9059529900550842,-0.017903143540024757,0.004266637843102217,0.07236000150442123,-0.9972087740898132
19.858694700000342,-0.04692601412534714,2.4429476261138916,0.9058891534805298,-0.0170554481446743,0.004378611221909523,0.07150457799434662,-0.9972848892211914
19.862844399991445,-0.04692767933011055,2.4429080486297607,0.9058560729026794,-0.018147941678762436,0.004099593032151461,0.0724463015794754,-0.9971988201141357
19.867181800014805,-0.04710298404097557,2.4427669048309326,0.9059240818023682,-0.01763470284640789,0.004259573761373758,0.07180215418338776,-0.997253954410553
19.871172300016042,-0.04714905098080635,2.442674160003662,0.9059048295021057,-0.01805095560848713,0.004184825345873833,0.07189448922872543,-0.9972401857376099
19.875496900000144,-0.04716070741415024,2.442594289779663,0.9058475494384766,-0.01828649453818798,0.004168170504271984,0.0717661902308464,-0.997245192527771
19.879612100019585,-0.04714052379131317,2.442455768585205,0.9056640267372131,-0.019597934558987617,0.00409749336540699,0.07185222953557968,-0.9972143769264221
19.883749500033446,-0.04717187583446503,2.4423484802246094,0.9056125283241272,-0.019960084930062294,0.004078617785125971,0.07210971415042877,-0.9971886277198792
19.88787149998825,-0.04717886447906494,2.4422733783721924,0.9055653214454651,-0.02065131440758705,0.0038141529075801373,0.07223553210496902,-0.9971664547920227
19.89189989998704,-0.04720634967088699,2.4422028064727783,0.905521810054779,-0.021160807460546494,0.0037615117616951466,0.07220231741666794,-0.997158408164978
19.89621860004263,-0.04724198952317238,2.442122220993042,0.9054927229881287,-0.021466489881277084,0.0037274782080203295,0.07212753593921661,-0.9971574544906616
19.900573800026905,-0.0472743958234787,2.442051410675049,0.9054778814315796,-0.022011805325746536,0.0037064249627292156,0.07201969623565674,-0.9971534013748169
19.904584600008093,-0.04728918895125389,2.4419713020324707,0.9054876565933228,-0.022545648738741875,0.0036764517426490784,0.07201121002435684,-0.9971422553062439
19.90907510003308,-0.04732299968600273,2.441852569580078,0.9054954648017883,-0.023674914613366127,0.003653678111732006,0.07192976027727127,-0.9971219897270203
19.912933200015686,-0.047336287796497345,2.441760301589966,0.905502200126648,-0.023976635187864304,0.0036989543586969376,0.07185714691877365,-0.9971199035644531
19.91724730003625,-0.04734981060028076,2.4417054653167725,0.9055203199386597,-0.024402879178524017,0.003646048018708825,0.0718388482928276,-0.9971110820770264
19.92109660001006,-0.04736003652215004,2.4416682720184326,0.9055352807044983,-0.024558307603001595,0.003598577342927456,0.07171718031167984,-0.997116208076477
19.925269200000912,-0.047326281666755676,2.441570281982422,0.9055469036102295,-0.02533719688653946,0.0034058585297316313,0.07178333401679993,-0.997092604637146
19.92949440004304,-0.04729408770799637,2.44146466255188,0.9055578708648682,-0.026195598766207695,0.0032377257011830807,0.0718720331788063,-0.9970645308494568
19.934869099990465,-0.047257523983716965,2.4413959980010986,0.9055821299552917,-0.02648594230413437,0.003124153707176447,0.07202990353107452,-0.9970459342002869
19.938553599989973,-0.04720374569296837,2.441317319869995,0.9056001305580139,-0.026596389710903168,0.003011163789778948,0.0720980316400528,-0.9970383644104004
19.942509300017264,-0.04716527834534645,2.4412319660186768,0.9056186676025391,-0.026552576571702957,0.003043007105588913,0.07195340096950531,-0.9970499277114868
19.946498100005556,-0.04714575409889221,2.4411323070526123,0.9056451916694641,-0.026422884315252304,0.0028616888448596,0.07176025211811066,-0.9970677495002747
19.950459800020326,-0.04707743227481842,2.4410126209259033,0.9056397676467896,-0.026215573772788048,0.002844981150701642,0.07125512510538101,-0.997109591960907
19.954432300000917,-0.047041863203048706,2.4408230781555176,0.9056707620620728,-0.024602748453617096,0.0031892661936581135,0.06961080431938171,-0.9972656965255737
19.95890640001744,-0.04700187221169472,2.4407577514648438,0.905673623085022,-0.02458188310265541,0.0031915658619254827,0.06963527947664261,-0.9972645044326782
19.963069199991878,-0.04695555567741394,2.440704822540283,0.9056946635246277,-0.024659359827637672,0.003097862470895052,0.06976807117462158,-0.9972535967826843
19.96648320002714,-0.04695555567741394,2.440704822540283,0.9056946635246277,-0.024659359827637672,0.003097862470895052,0.06976807117462158,-0.9972535967826843
19.97100220003631,-0.04685384780168533,2.44063401222229,0.905727207660675,-0.024371318519115448,0.0030589187517762184,0.06968865543603897,-0.997266411781311
19.97528290003538,-0.04680189490318298,2.4406116008758545,0.9057329893112183,-0.024499844759702682,0.0029404140077531338,0.06977149099111557,-0.9972577691078186
19.979595300043,-0.04674534872174263,2.4406991004943848,0.9058854579925537,-0.02319878339767456,0.002580414991825819,0.06988132745027542,-0.9972822666168213
19.983715999987908,-0.04667501896619797,2.440706491470337,0.9058938026428223,-0.023238535970449448,0.002466259989887476,0.07004951685667038,-0.9972698092460632
19.98787250003079,-0.04660656303167343,2.440723419189453,0.9059156775474548,-0.023135602474212646,0.002329970709979534,0.07004003971815109,-0.9972731471061707
19.992452900041826,-0.04652898758649826,2.440735101699829,0.905945360660553,-0.02304692007601261,0.0022308379411697388,0.06994940340518951,-0.9972817897796631
19.99627230002079,-0.04642389342188835,2.44075345993042,0.9059416055679321,-0.022832036018371582,0.002037083264440298,0.06989347189664841,-0.9972911477088928
20.000438300019596,-0.04634834825992584,2.44077467918396,0.9059460759162903,-0.022590089589357376,0.001833160873502493,0.06977830082178116,-0.9973050355911255
20.004797300032806,-0.04627947509288788,2.440847396850586,0.9059948921203613,-0.02322457544505596,0.0016039821784943342,0.070407435297966,-0.9972466230392456
20.008865100040566,-0.04620702937245369,2.4408798217773438,0.906010627746582,-0.02297194115817547,0.0013903211802244186,0.0704030841588974,-0.9972531199455261
20.01299379998818,-0.04611657187342644,2.440934658050537,0.9059963226318359,-0.022591982036828995,0.001202313811518252,0.07019025087356567,-0.9972770810127258
20.01697520003654,-0.046091340482234955,2.44098162651062,0.9060145616531372,-0.022469261661171913,0.0012192826252430677,0.07013951241970062,-0.9972833395004272
20.021208700025454,-0.046025220304727554,2.4410605430603027,0.9060097336769104,-0.022250447422266006,0.0011204230831936002,0.0699092224240303,-0.9973045587539673
20.02547739999136,-0.045865729451179504,2.441157579421997,0.905877947807312,-0.02188924513757229,0.0010564010590314865,0.06973883509635925,-0.9973245859146118
20.029478500015102,-0.04593851417303085,2.441257953643799,0.9059872031211853,-0.022009169682860374,0.0007818856975063682,0.06971926242113113,-0.9973235726356506
20.0340933999978,-0.04580569639801979,2.441396474838257,0.9058678150177002,-0.02148670144379139,0.0009855176322162151,0.06941600888967514,-0.9973559379577637
20.037760200037155,-0.045713361352682114,2.441575765609741,0.905830979347229,-0.02169008180499077,0.00109322729986161,0.06989625841379166,-0.9973178505897522
20.042039900028612,-0.04570523276925087,2.4417314529418945,0.9057937264442444,-0.021294664591550827,0.0012869418133050203,0.06975369900465012,-0.9973360896110535
20.048251100000925,-0.045666567981243134,2.4418699741363525,0.9057921767234802,-0.021210413426160812,0.0012593684950843453,0.06966562569141388,-0.9973440766334534
20.05249630002072,-0.0456252321600914,2.4420015811920166,0.9057987332344055,-0.021150853484869003,0.0012642862275242805,0.06956246495246887,-0.9973526000976562
20.056447300012223,-0.04559263959527016,2.442213773727417,0.9058870673179626,-0.020927896723151207,0.0019724539015442133,0.06809965521097183,-0.9974570870399475
20.06050950003555,-0.04558148980140686,2.4424214363098145,0.905895471572876,-0.02230963483452797,0.0011707774829119444,0.06907060742378235,-0.9973616600036621
20.064494199992623,-0.04546716809272766,2.442582845687866,0.9059394598007202,-0.02345411852002144,0.0013293754309415817,0.06987462937831879,-0.9972792267799377
20.06895510002505,-0.045460522174835205,2.4426848888397217,0.9059461355209351,-0.023382650688290596,0.0011145835742354393,0.06965448707342148,-0.9972965121269226
20.074124700040556,-0.04539778083562851,2.442782163619995,0.9059654474258423,-0.023395102471113205,0.0013751523802056909,0.0695239007472992,-0.9973050355911255
20.07883190002758,-0.04530969262123108,2.4429843425750732,0.9059690237045288,-0.023276060819625854,0.0015374728245660663,0.06906294077634811,-0.9973395466804504
20.08332189999055,-0.04528401419520378,2.443091869354248,0.9059258699417114,-0.02302653156220913,0.001351204700767994,0.06859173625707626,-0.9973781108856201
20.08769240003312,-0.045278627425432205,2.4431965351104736,0.9059352278709412,-0.022934546694159508,0.0013662080746144056,0.06848488003015518,-0.9973875880241394
20.091896500030998,-0.04526596516370773,2.443301200866699,0.9059296250343323,-0.022846493870019913,0.0012727468274533749,0.0684303566813469,-0.9973934888839722
20.096339000039734,-0.045257341116666794,2.443413496017456,0.9059459567070007,-0.02262674830853939,0.0011984700104221702,0.06830772012472153,-0.9974070191383362
20.100485200004186,-0.04532486945390701,2.4436209201812744,0.9061414003372192,-0.02435653656721115,0.0009790010517463088,0.06957577168941498,-0.9972788095474243
20.10468710004352,-0.04534461721777916,2.4437172412872314,0.9061980247497559,-0.024111857637763023,0.0009968560189008713,0.06950600445270538,-0.9972896575927734
20.108747099991888,-0.04532835632562637,2.44380259513855,0.9062255620956421,-0.02409001626074314,0.0008333079749718308,0.06930077821016312,-0.9973045587539673
20.11277730000438,-0.0452626533806324,2.443855047225952,0.906294584274292,-0.024151263758540154,0.0001911940926220268,0.06933211535215378,-0.9973012804985046
20.117351600027177,-0.0452534444630146,2.4439032077789307,0.9063420295715332,-0.02400381490588188,7.801310857757926e-05,0.06910398602485657,-0.9973207116127014
20.121213000034913,-0.04527074098587036,2.4439873695373535,0.9064332842826843,-0.02337726019322872,0.00046149108675308526,0.06902600824832916,-0.9973408579826355
20.12549060001038,-0.04521613568067551,2.443979263305664,0.9064695239067078,-0.023981550708413124,-5.0813148845918477e-05,0.06898464262485504,-0.9973294734954834
20.129495800007135,-0.04527322202920914,2.444016933441162,0.9065640568733215,-0.023515719920396805,0.0004883739748038352,0.06893659383058548,-0.9973437190055847
20.13385919999564,-0.04526562988758087,2.444049596786499,0.906600832939148,-0.023335641250014305,0.0005047363229095936,0.06883177906274796,-0.9973552227020264
20.138020500016864,-0.045158784836530685,2.444035053253174,0.9065768718719482,-0.023774124681949615,-0.00026358035393059254,0.06871689110994339,-0.9973528385162354
20.142774900014047,-0.04514461010694504,2.4440627098083496,0.9065760970115662,-0.023809943348169327,-0.0003519577148836106,0.06851466000080109,-0.9973658919334412
20.146990600042045,-0.04514392837882042,2.4440948963165283,0.9065893292427063,-0.023828022181987762,-0.00043479251326061785,0.06841185688972473,-0.9973725080490112
20.153109700011555,-0.045129261910915375,2.444124937057495,0.9065949320793152,-0.023462830111384392,-0.0004449633997865021,0.06828701496124268,-0.9973897337913513
20.158772700000554,-0.045072637498378754,2.4441778659820557,0.9066342711448669,-0.023359835147857666,-0.0005077763926237822,0.06837494671344757,-0.9973860383033752
20.163014799996745,-0.045048415660858154,2.444214344024658,0.9066904783248901,-0.02335352450609207,-0.0005656448192894459,0.06841733306646347,-0.9973832964897156
20.167744000034872,-0.04501239210367203,2.4442358016967773,0.9067179560661316,-0.02323923446238041,-0.0006570773548446596,0.06839469820261002,-0.9973874688148499
20.171689000038896,-0.04500824958086014,2.444235324859619,0.9067952036857605,-0.023164743557572365,-0.000524504401255399,0.06831495463848114,-0.9973946809768677
20.17595559998881,-0.04493071883916855,2.444243907928467,0.90675950050354,-0.02301301620900631,-0.0011895118514075875,0.06807278841733932,-0.997414231300354
20.180042600026354,-0.044911470264196396,2.4442319869995117,0.9068625569343567,-0.022788289934396744,-0.0007640160038135946,0.06801427155733109,-0.9974237680435181
20.184246200020425,-0.04487639293074608,2.444308280944824,0.9070199131965637,-0.022561408579349518,0.000300960848107934,0.06654568761587143,-0.9975283145904541
20.188082900014706,-0.04487656056880951,2.4442999362945557,0.907042384147644,-0.022600365802645683,0.0001720556610962376,0.06634502857923508,-0.9975408315658569
20.191584200016223,-0.04487656056880951,2.4442999362945557,0.907042384147644,-0.022600365802645683,0.0001720556610962376,0.06634502857923508,-0.9975408315658569
20.19624640000984,-0.04481935501098633,2.444272041320801,0.9070669412612915,-0.022622069343924522,-0.000144554054713808,0.06609219312667847,-0.9975570440292358
20.20089929999085,-0.044846296310424805,2.4442648887634277,0.9070634245872498,-0.02285839058458805,-0.0002799341455101967,0.0660642683506012,-0.9975535273551941
20.204453899990767,-0.04486946761608124,2.444288492202759,0.9070425629615784,-0.022606628015637398,-0.0005954962107352912,0.06555559486150742,-0.9975926280021667
20.209231100045145,-0.04481084272265434,2.44429874420166,0.907016396522522,-0.022511592134833336,-0.0006806923192925751,0.06497520208358765,-0.9976327419281006
20.213127000024542,-0.04483162239193916,2.444307565689087,0.9069815278053284,-0.02244303934276104,-0.0008434309856966138,0.0647462010383606,-0.9976490139961243
20.217099700006656,-0.04482002183794975,2.444319725036621,0.9069689512252808,-0.022623255848884583,-0.001062255003489554,0.06472040712833405,-0.9976463913917542
20.22133870003745,-0.04479682818055153,2.4443233013153076,0.9069915413856506,-0.022466637194156647,-0.001050136866979301,0.06442277878522873,-0.9976692795753479
20.225513500045054,-0.044716961681842804,2.444309711456299,0.9069923162460327,-0.022315984591841698,-0.001366828684695065,0.06405405700206757,-0.9976959824562073
20.2305174000212,-0.0447908379137516,2.444305658340454,0.9070717096328735,-0.022598301991820335,-0.0012272574240341783,0.06402655690908432,-0.9976916313171387
20.23406630003592,-0.04473017156124115,2.444279909133911,0.9071090817451477,-0.02252509817481041,-0.0015363114653155208,0.06384003907442093,-0.997704803943634
20.2378422000329,-0.044693466275930405,2.4442436695098877,0.9071714282035828,-0.02250528708100319,-0.0015159426257014275,0.0635237842798233,-0.9977254271507263
20.242109599988908,-0.044691845774650574,2.4441945552825928,0.9072887897491455,-0.022623440250754356,-0.0012418704573065042,0.06367455422878265,-0.997713565826416
20.246139499999117,-0.044657450169324875,2.4441335201263428,0.907362163066864,-0.02268378995358944,-0.0012862874427810311,0.06373648345470428,-0.9977080821990967
20.250359900004696,-0.044562533497810364,2.4441633224487305,0.9074869751930237,-0.021458713337779045,-0.001973835052922368,0.06344886869192123,-0.9977524876594543
20.25499760004459,-0.0445098802447319,2.444122314453125,0.9075433015823364,-0.021445542573928833,-0.00215054745785892,0.0633353441953659,-0.9977595806121826
20.258723500010092,-0.04445934295654297,2.444091796875,0.9075708985328674,-0.021630464121699333,-0.0022351357620209455,0.0634138435125351,-0.997750461101532
20.263642100035213,-0.0443582758307457,2.4440464973449707,0.9076060652732849,-0.021629229187965393,-0.0026787130627781153,0.06335266679525375,-0.9977532029151917
20.26711160002742,-0.044328514486551285,2.4440531730651855,0.9075965285301208,-0.021323299035429955,-0.002379715209826827,0.06331785768270493,-0.9977627992630005
20.270878500014078,-0.044328514486551285,2.4440531730651855,0.9075965285301208,-0.021323299035429955,-0.002379715209826827,0.06331785768270493,-0.9977627992630005
20.275508399994578,-0.04410649836063385,2.4439826011657715,0.9075456261634827,-0.01950528472661972,-0.002356769284233451,0.06199434772133827,-0.9978830814361572
20.27948910003761,-0.04402664676308632,2.443979024887085,0.9075243473052979,-0.01931699737906456,-0.0023887932766228914,0.06230151653289795,-0.9978675842285156
20.283820100012235,-0.0439472496509552,2.4439635276794434,0.9074746966362,-0.01909041963517666,-0.002515423810109496,0.06276688724756241,-0.9978424310684204
20.28779910004232,-0.04392160475254059,2.4440009593963623,0.9075064659118652,-0.018866607919335365,-0.002540556015446782,0.06249362602829933,-0.9978638291358948
20.292001000023447,-0.04386208578944206,2.443986177444458,0.9074974656105042,-0.018849723041057587,-0.002542898990213871,0.06294780224561691,-0.9978355765342712
20.296143400017172,-0.04381236806511879,2.4439849853515625,0.9075084328651428,-0.018871117383241653,-0.00270835030823946,0.06306421756744385,-0.9978273510932922
20.300374100042973,-0.04377581179141998,2.4439945220947266,0.9075276851654053,-0.018661919981241226,-0.002837821841239929,0.06300819665193558,-0.9978345036506653
20.3047734000138,-0.04371550306677818,2.444004774093628,0.9075357913970947,-0.01841381937265396,-0.0030065677128732204,0.06308852881193161,-0.9978335499763489
20.308633200009353,-0.04366962984204292,2.4440090656280518,0.9075459241867065,-0.01815687119960785,-0.003042860422283411,0.06298395991325378,-0.9978446960449219
20.312881599995308,-0.04360339045524597,2.4440226554870605,0.9075435400009155,-0.018030351027846336,-0.0031604510731995106,0.06306080520153046,-0.9978418350219727
20.317011200007983,-0.043554533272981644,2.444023847579956,0.9075468182563782,-0.018075354397296906,-0.003296375973150134,0.06313078850507736,-0.997836172580719
20.321254600014072,-0.043489933013916016,2.4440250396728516,0.9075368046760559,-0.01794617250561714,-0.0034759403206408024,0.06321205198764801,-0.997832715511322
20.325467100017704,-0.04339102655649185,2.44409441947937,0.9075613021850586,-0.016953028738498688,-0.0038561904802918434,0.06309352070093155,-0.9978561997413635
20.32961240003351,-0.04334297776222229,2.44407320022583,0.9075179100036621,-0.017580542713403702,-0.0037954971194267273,0.06317354738712311,-0.9978405237197876
20.33391460002167,-0.043270647525787354,2.4441440105438232,0.9075238108634949,-0.016588514670729637,-0.0039854575879871845,0.06291906535625458,-0.9978728294372559
20.338030499988236,-0.043195515871047974,2.4441919326782227,0.9074714183807373,-0.01649395003914833,-0.0041497936472296715,0.06307725608348846,-0.9978637099266052
20.34206360002281,-0.04313914105296135,2.444246292114258,0.9074519276618958,-0.016308220103383064,-0.004208531696349382,0.06300585716962814,-0.9978710412979126
20.34700290003093,-0.043066125363111496,2.444307327270508,0.9073858261108398,-0.016201533377170563,-0.004583541303873062,0.0628119483590126,-0.9978833794593811
20.351387100003194,-0.04301619902253151,2.4443531036376953,0.907359778881073,-0.016153184697031975,-0.004724917002022266,0.06282296776771545,-0.9978827834129333
20.35528230003547,-0.0429629348218441,2.4444165229797363,0.9073470830917358,-0.016213255003094673,-0.004864686634391546,0.06296044588088989,-0.9978724718093872
20.358951800037175,-0.0428631529211998,2.444456100463867,0.9073590040206909,-0.016118045896291733,-0.00531430821865797,0.0629023090004921,-0.997875452041626
20.36274549999507,-0.04281294345855713,2.4444870948791504,0.9073765277862549,-0.01627376675605774,-0.005350729916244745,0.06301052123308182,-0.9978658556938171
20.367075600021053,-0.042759981006383896,2.444505453109741,0.9073889255523682,-0.01628699153661728,-0.005511588882654905,0.06309870630502701,-0.9978591799736023
20.375276200007647,-0.042603880167007446,2.4445204734802246,0.9074421525001526,-0.016528736799955368,-0.005566481500864029,0.06301504373550415,-0.9978602528572083
20.379581200017128,-0.042530134320259094,2.444535970687866,0.9074723124504089,-0.016332924365997314,-0.00566907599568367,0.06294730305671692,-0.9978671073913574
20.383710200025234,-0.042432934045791626,2.444516658782959,0.9074776768684387,-0.016538996249437332,-0.005735928658396006,0.063056081533432,-0.9978564381599426
20.38811960001476,-0.042234551161527634,2.4445338249206543,0.9074702262878418,-0.016926346346735954,-0.006015247665345669,0.06329862028360367,-0.9978329539299011
20.392024100001436,-0.042147260159254074,2.444525957107544,0.9074985384941101,-0.017103128135204315,-0.00603044917806983,0.06336501985788345,-0.9978256821632385
20.396357399993576,-0.0420512817800045,2.444528818130493,0.9075350761413574,-0.0171655360609293,-0.006097005680203438,0.06336765736341476,-0.9978240728378296
20.40243110002484,-0.04193875193595886,2.4445226192474365,0.9075579643249512,-0.017141330987215042,-0.006134284660220146,0.06329342722892761,-0.9978289008140564
20.406787400017492,-0.041862934827804565,2.444516181945801,0.907581090927124,-0.017286809161305428,-0.006260918918997049,0.06342601776123047,-0.9978171586990356
20.41136180004105,-0.04179033264517784,2.444519519805908,0.9076130986213684,-0.017521018162369728,-0.006349566392600536,0.06346798688173294,-0.9978099465370178
20.41567150002811,-0.04168577119708061,2.4445316791534424,0.9076529741287231,-0.01776939444243908,-0.006515496876090765,0.06369109451770782,-0.9977902173995972
20.42076880001696,-0.04157912731170654,2.444525718688965,0.9077315330505371,-0.018088936805725098,-0.006661705207079649,0.06393910199403763,-0.9977676868438721
20.425120900035836,-0.04151735082268715,2.444530487060547,0.9077830910682678,-0.01807289756834507,-0.00667172996327281,0.06391677260398865,-0.9977693557739258
20.42945100000361,-0.0414574109017849,2.4445297718048096,0.9078847169876099,-0.01835024543106556,-0.006256843451410532,0.06415021419525146,-0.9977518916130066
20.433568300039042,-0.04131685942411423,2.444597005844116,0.9080261588096619,-0.020303959026932716,-0.0074620554223656654,0.0657786950469017,-0.997599720954895
20.438044100010302,-0.0412106066942215,2.444605588912964,0.9080962538719177,-0.020342007279396057,-0.0077863456681370735,0.0657752975821495,-0.9975966811180115
20.443757600034587,-0.04112124443054199,2.4446074962615967,0.9081425070762634,-0.02056521363556385,-0.007966733537614346,0.06593573838472366,-0.9975801706314087
20.448690099990927,-0.04108689725399017,2.444620370864868,0.9081799387931824,-0.020726341754198074,-0.008071360178291798,0.06604613363742828,-0.997568666934967
20.45449080003891,-0.04097868129611015,2.444643974304199,0.9082264304161072,-0.020862648263573647,-0.008211866021156311,0.06610062718391418,-0.9975610971450806
20.458942600002047,-0.040953587740659714,2.444655418395996,0.9082449674606323,-0.0208622794598341,-0.008187036961317062,0.06607964634895325,-0.9975626468658447
20.463025700009894,-0.040934834629297256,2.444758176803589,0.908332347869873,-0.019587982445955276,-0.008267942816019058,0.06617670506238937,-0.9975813627243042
20.467076000000816,-0.040903523564338684,2.4447410106658936,0.9083379507064819,-0.019990267232060432,-0.008566944859921932,0.06628222018480301,-0.9975638389587402
20.471811300027184,-0.04088064283132553,2.444769859313965,0.9083666801452637,-0.02020176872611046,-0.008618415333330631,0.06640928238630295,-0.9975507855415344
20.475289300025906,-0.04084598273038864,2.4447994232177734,0.9083896279335022,-0.020100440829992294,-0.008870397694408894,0.06658598780632019,-0.9975388050079346
20.479701800039038,-0.04082006216049194,2.4448342323303223,0.908412754535675,-0.020049579441547394,-0.008993501774966717,0.06665127724409103,-0.9975343942642212
20.483970400004182,-0.040794678032398224,2.444862127304077,0.9084499478340149,-0.019929345697164536,-0.009033365175127983,0.06660915166139603,-0.9975392818450928
20.487822900002357,-0.04081103578209877,2.4448940753936768,0.908475399017334,-0.020035533234477043,-0.009060448035597801,0.06679295003414154,-0.9975245594978333
20.49229770002421,-0.04080456122756004,2.444918632507324,0.9085214138031006,-0.01997743546962738,-0.009027544409036636,0.06677427887916565,-0.9975273013114929
20.496119100018404,-0.04083028435707092,2.444948434829712,0.9085782766342163,-0.019951308146119118,-0.008816832676529884,0.06683061271905899,-0.9975258708000183
20.500551000004634,-0.04078714922070503,2.444944143295288,0.9086244702339172,-0.020005783066153526,-0.009134043008089066,0.06696025282144547,-0.9975132942199707
20.50500220002141,-0.04079047963023186,2.444967269897461,0.9086827039718628,-0.020053992047905922,-0.00907947402447462,0.06700657308101654,-0.9975097179412842
20.50881190004293,-0.04076206311583519,2.444958448410034,0.9087158441543579,-0.020054413005709648,-0.009042341262102127,0.06705715507268906,-0.9975066781044006
20.513107700040564,-0.04076426848769188,2.4449377059936523,0.9088555574417114,-0.020146934315562248,-0.008458955213427544,0.06709225475788116,-0.9975075721740723
20.517103700025473,-0.040727198123931885,2.4448888301849365,0.9089221954345703,-0.020862245932221413,-0.00863093975931406,0.067225880920887,-0.9974823594093323
20.521250499994494,-0.04069853946566582,2.44486141204834,0.9089779257774353,-0.021018903702497482,-0.008747353218495846,0.06717735528945923,-0.9974812865257263
20.525218800001312,-0.04065924510359764,2.4448139667510986,0.9090495705604553,-0.021331489086151123,-0.009037010371685028,0.06715031713247299,-0.9974738955497742
20.529430599999614,-0.040629178285598755,2.444782018661499,0.909107506275177,-0.021222107112407684,-0.009170674718916416,0.06695857644081116,-0.9974879026412964
20.53373860003194,-0.040577054023742676,2.4447381496429443,0.9091699123382568,-0.021393103525042534,-0.009073294699192047,0.06700649112462997,-0.9974818825721741
20.537785699998494,-0.040563300251960754,2.444718837738037,0.9092603325843811,-0.021884433925151825,-0.009158053435385227,0.0674271211028099,-0.9974421262741089
20.542142099991906,-0.04052863270044327,2.4447109699249268,0.9093084931373596,-0.022098597139120102,-0.00924607552587986,0.06749486178159714,-0.9974320530891418
20.546370099997148,-0.04050148278474808,2.4447195529937744,0.9093583822250366,-0.021956196054816246,-0.009261888451874256,0.0674978718161583,-0.9974347949028015
20.55026970000472,-0.04039813578128815,2.444697380065918,0.909414529800415,-0.022091880440711975,-0.00989440642297268,0.06746579706668854,-0.9974278807640076
20.55432880000444,-0.04038504883646965,2.444704055786133,0.9094780087471008,-0.022050300613045692,-0.00995465274900198,0.06734012067317963,-0.9974367022514343
20.558764500019606,-0.04034014791250229,2.4446988105773926,0.9095313549041748,-0.022146251052618027,-0.010101859457790852,0.06746149808168411,-0.9974249601364136
20.563128800014965,-0.04033578932285309,2.444671630859375,0.9096344113349915,-0.02263537049293518,-0.010129434056580067,0.06774826347827911,-0.9973942041397095
20.568338400044013,-0.04029511660337448,2.444694995880127,0.9097086787223816,-0.022227609530091286,-0.010375372134149075,0.06765569001436234,-0.9974071383476257
20.57197889999952,-0.04024657979607582,2.4447224140167236,0.9099055528640747,-0.022076288238167763,-0.009251774288713932,0.06604794412851334,-0.9975293278694153
20.577414700004738,-0.04020753502845764,2.4446659088134766,0.9099899530410767,-0.02247714251279831,-0.009597993455827236,0.06592297554016113,-0.9975253939628601
20.581712100014556,-0.04021700099110603,2.4446072578430176,0.910108745098114,-0.022274693474173546,-0.00975445844233036,0.06555904448032379,-0.9975523352622986
20.588547000021208,-0.04020332917571068,2.4445669651031494,0.9102269411087036,-0.02211521938443184,-0.00978409219533205,0.06542989611625671,-0.9975640773773193
20.592018700030167,-0.04020491987466812,2.4445672035217285,0.9102699160575867,-0.022117892280220985,-0.009780394844710827,0.0652812272310257,-0.9975737929344177
20.59640690003289,-0.0402042493224144,2.444563627243042,0.9103103876113892,-0.02214008755981922,-0.009733166545629501,0.06532440334558487,-0.9975709319114685
20.60059350001393,-0.04018630459904671,2.4445736408233643,0.9103403091430664,-0.022120069712400436,-0.009716593660414219,0.06526187062263489,-0.9975757002830505
20.604771100042854,-0.04021398350596428,2.4446017742156982,0.9103662371635437,-0.02233150042593479,-0.009675676003098488,0.06548101454973221,-0.9975570440292358
20.60915540001588,-0.04020829126238823,2.444655179977417,0.910377562046051,-0.0223450418561697,-0.0097342599183321,0.06541585177183151,-0.9975603818893433
20.612803800031543,-0.04019588232040405,2.444719076156616,0.9103847146034241,-0.022587107494473457,-0.009821761399507523,0.06560645252466202,-0.9975415468215942
20.61718340002699,-0.04018397256731987,2.444777250289917,0.91034334897995,-0.02296236902475357,-0.009775687009096146,0.06601479649543762,-0.9975065588951111
20.62112090003211,-0.0402083657681942,2.4448745250701904,0.9103519320487976,-0.02233610674738884,-0.009599598124623299,0.06608323007822037,-0.9975179433822632
20.625393600028474,-0.04020185396075249,2.4449238777160645,0.9103735685348511,-0.022352108731865883,-0.009678198955953121,0.06623677909374237,-0.9975066781044006
20.62960019998718,-0.0401998832821846,2.4449524879455566,0.9103920459747314,-0.02225169911980629,-0.009544325061142445,0.06620516628026962,-0.9975122213363647
20.6336530999979,-0.04021438583731651,2.4449896812438965,0.910412073135376,-0.02210519276559353,-0.00958450511097908,0.06610774993896484,-0.9975215792655945
20.638154799991753,-0.04020349681377411,2.445042371749878,0.9104454517364502,-0.02243499830365181,-0.009561523795127869,0.06646832823753357,-0.9974905252456665
20.641928300028667,-0.040182050317525864,2.4450738430023193,0.9104609489440918,-0.022338546812534332,-0.009574802592396736,0.06626430153846741,-0.9975060820579529
20.64604290004354,-0.04020898789167404,2.445114850997925,0.9104851484298706,-0.022442927584052086,-0.009589610621333122,0.06637998670339584,-0.9974959492683411
20.650257900008,-0.04020823538303375,2.445180654525757,0.9105105400085449,-0.022395553067326546,-0.009665224701166153,0.06631609797477722,-0.997500479221344
20.654907900025137,-0.04021678864955902,2.445246696472168,0.910525918006897,-0.022289397194981575,-0.009628060273826122,0.06614640355110168,-0.9975144863128662
20.659503200033214,-0.040239397436380386,2.4453186988830566,0.910566508769989,-0.022296687588095665,-0.009605728089809418,0.06615103781223297,-0.9975142478942871
20.662945299991407,-0.04027079790830612,2.4453864097595215,0.9105767607688904,-0.022229505702853203,-0.009653344750404358,0.06610898673534393,-0.9975180625915527
20.66704430000391,-0.04030301794409752,2.445467710494995,0.9106176495552063,-0.022337179630994797,-0.009719299152493477,0.06623964756727219,-0.997506320476532
20.67104670003755,-0.040347471833229065,2.445549964904785,0.9106598496437073,-0.022333186119794846,-0.009583541192114353,0.06616153568029404,-0.997512936592102
20.6752056000405,-0.04039590060710907,2.445634365081787,0.9106857180595398,-0.022316232323646545,-0.009655237197875977,0.06629621237516403,-0.9975036978721619
20.67941330000758,-0.040436942130327225,2.445744752883911,0.9107645153999329,-0.02309987135231495,-0.009713168255984783,0.0669807642698288,-0.9974396228790283
20.68352220003726,-0.040454134345054626,2.4459071159362793,0.9108850955963135,-0.02289768122136593,-0.009052296169102192,0.06576764583587646,-0.9975311160087585
20.687796300044283,-0.04049895331263542,2.4459726810455322,0.9109464883804321,-0.022921225056052208,-0.009008603170514107,0.06544877588748932,-0.9975519776344299
20.691899900033604,-0.04054415971040726,2.446059465408325,0.9109410047531128,-0.022381458431482315,-0.009097944013774395,0.06504935771226883,-0.9975895881652832
20.69610310002463,-0.04056001454591751,2.4460959434509277,0.9110152721405029,-0.022337064146995544,-0.008729207329452038,0.06518902629613876,-0.9975847005844116
20.70106420002412,-0.04058992490172386,2.4461255073547363,0.9110483527183533,-0.02209915965795517,-0.008741590194404125,0.06525757163763046,-0.9975854158401489
20.704643900040537,-0.04060138016939163,2.4461100101470947,0.9111044406890869,-0.02256646938621998,-0.008858032524585724,0.0652846023440361,-0.9975722432136536
20.70884139998816,-0.040624454617500305,2.4461591243743896,0.9111612439155579,-0.0220594871789217,-0.0086668124422431,0.06527414917945862,-0.9975858926773071
20.713142700027674,-0.04064368084073067,2.446171522140503,0.9112246632575989,-0.021991495043039322,-0.00861589889973402,0.06516040116548538,-0.9975952506065369
20.716998399992008,-0.04071040451526642,2.4461400508880615,0.911325991153717,-0.021966515108942986,-0.008725171908736229,0.06489097326993942,-0.997612476348877
20.721393799991347,-0.04073823243379593,2.446167469024658,0.9113901257514954,-0.022054946050047874,-0.00877271220088005,0.06511435657739639,-0.997595489025116
20.725217300001532,-0.040761448442935944,2.446246385574341,0.9114540219306946,-0.021406101062893867,-0.00868949294090271,0.0651964396238327,-0.9976049661636353
20.729709500039462,-0.040804874151945114,2.446312427520752,0.9114866852760315,-0.020966442301869392,-0.008548439480364323,0.06531510502099991,-0.9976078271865845
20.733938199991826,-0.04079785943031311,2.446377754211426,0.9114853739738464,-0.02130708284676075,-0.008469601161777973,0.06565281748771667,-0.9975791573524475
20.738086200028192,-0.04080633074045181,2.4464781284332275,0.911520779132843,-0.020714864134788513,-0.008516116067767143,0.065798319876194,-0.9975816011428833
20.742250700015575,-0.0408514104783535,2.446486234664917,0.9115354418754578,-0.021531471982598305,-0.008389183320105076,0.0659518912434578,-0.9975551962852478
20.74649910000153,-0.04088477045297623,2.4465367794036865,0.911562442779541,-0.021685119718313217,-0.008427967317402363,0.06621082127094269,-0.9975343942642212
20.75094950001221,-0.04089763015508652,2.446577310562134,0.9115871787071228,-0.021875346079468727,-0.008407262153923512,0.06634605675935745,-0.9975214600563049
20.755698600027245,-0.04093489423394203,2.4466054439544678,0.9116162657737732,-0.02183419279754162,-0.008328036405146122,0.06632012128829956,-0.9975246787071228
20.760468300024513,-0.04102504253387451,2.446732759475708,0.9118945598602295,-0.024300137534737587,-0.008280089125037193,0.06862866133451462,-0.9973119497299194
20.764568699989468,-0.041017960757017136,2.446748971939087,0.9119023680686951,-0.024580588564276695,-0.008728152140974998,0.06887859106063843,-0.9972840547561646
20.76802449999377,-0.041017960757017136,2.446748971939087,0.9119023680686951,-0.024580588564276695,-0.008728152140974998,0.06887859106063843,-0.9972840547561646
20.772862699988764,-0.041192393749952316,2.4467203617095947,0.9121540188789368,-0.02558314986526966,-0.009162160567939281,0.06942377239465714,-0.997217059135437
20.777143000042997,-0.04125092923641205,2.4467525482177734,0.9122117757797241,-0.02536550536751747,-0.009360468946397305,0.06865139305591583,-0.9972743391990662
20.781666600028984,-0.04130467399954796,2.446725368499756,0.9122890830039978,-0.025087768211960793,-0.009450522251427174,0.06819487363100052,-0.9973118305206299
20.785579500021413,-0.04137582331895828,2.446650505065918,0.9122717976570129,-0.02520572580397129,-0.01023020874708891,0.06944989413022995,-0.9972145557403564
20.790528000041377,-0.04140034317970276,2.4466609954833984,0.9123332500457764,-0.025469228625297546,-0.01037223357707262,0.06958365440368652,-0.9971970319747925
20.796154999989085,-0.041566263884305954,2.4466757774353027,0.9124190807342529,-0.02588897943496704,-0.01020814012736082,0.06973642855882645,-0.997177243232727
20.800270300009288,-0.041620947420597076,2.446716785430908,0.9124631881713867,-0.026013391092419624,-0.010243826545774937,0.06994454562664032,-0.9971591234207153
20.80435590003617,-0.041694920510053635,2.4467358589172363,0.9124736189842224,-0.026222074404358864,-0.0102165462449193,0.07005906105041504,-0.9971458315849304
20.80850109999301,-0.04182783514261246,2.4466819763183594,0.9124664068222046,-0.02482576295733452,-0.00938930083066225,0.06877454370260239,-0.997279167175293
20.812932200031355,-0.0418512299656868,2.4467344284057617,0.9124377965927124,-0.025281403213739395,-0.009762538596987724,0.06911249458789825,-0.9972406625747681
20.81702509999741,-0.041899118572473526,2.446749210357666,0.9124510288238525,-0.0254262275993824,-0.009967277757823467,0.06920289993286133,-0.9972288012504578
20.821124300011434,-0.04192855581641197,2.446774959564209,0.9124835729598999,-0.025442443788051605,-0.01003473624587059,0.06914731860160828,-0.9972315430641174
20.825711000012234,-0.04198947548866272,2.446774959564209,0.9125242233276367,-0.025393923744559288,-0.010228076949715614,0.06910930573940277,-0.9972334504127502
20.829410500009544,-0.042013078927993774,2.4467666149139404,0.9125684499740601,-0.025249900296330452,-0.01039097085595131,0.06892365217208862,-0.9972482323646545
20.833709300030023,-0.042158421128988266,2.446720600128174,0.9126201868057251,-0.025046369060873985,-0.010061172768473625,0.06858093291521072,-0.9972803592681885
20.837885099987034,-0.04220936447381973,2.4466562271118164,0.9127407073974609,-0.02489522099494934,-0.010055506601929665,0.06881756335496902,-0.9972679615020752
20.841939500009175,-0.042280253022909164,2.4465696811676025,0.9128717184066772,-0.02471758984029293,-0.010123440995812416,0.06883113831281662,-0.9972707629203796
20.846351700020023,-0.042315393686294556,2.4465267658233643,0.9129711389541626,-0.024303026497364044,-0.010130619630217552,0.06849665939807892,-0.99730384349823
20.85026390000712,-0.04233580082654953,2.446474552154541,0.9130885004997253,-0.02397150732576847,-0.010358785279095173,0.06809355318546295,-0.9973371624946594
20.854543499997817,-0.04240048676729202,2.44642972946167,0.9131719470024109,-0.023774240165948868,-0.01021292619407177,0.0678110271692276,-0.9973626732826233
20.85872230003588,-0.04246022552251816,2.4463987350463867,0.9132397174835205,-0.023713748902082443,-0.01013933401554823,0.06779954582452774,-0.9973656535148621
20.86274360003881,-0.04253684729337692,2.4464662075042725,0.9133127331733704,-0.025498786941170692,-0.010495849885046482,0.06935887783765793,-0.997210681438446
20.86719170003198,-0.04258706420660019,2.446312189102173,0.9133074283599854,-0.024663716554641724,-0.009816944599151611,0.0678127259016037,-0.9973448514938354
20.87108569999691,-0.04273352399468422,2.446284770965576,0.9133228659629822,-0.024624448269605637,-0.00994420237839222,0.06796473264694214,-0.9973342418670654
20.87536890001502,-0.04276859387755394,2.4462761878967285,0.9133408069610596,-0.024653762578964233,-0.009835551492869854,0.06797023862600327,-0.9973342418670654
20.879666300024837,-0.04280805215239525,2.4462478160858154,0.9133638143539429,-0.024812132120132446,-0.009906844235956669,0.06808055192232132,-0.9973220229148865
20.883636699989438,-0.04285714775323868,2.4462239742279053,0.9133859276771545,-0.024725792929530144,-0.009822610765695572,0.06794589012861252,-0.9973342418670654
20.887973300006706,-0.04289291426539421,2.4461917877197266,0.913412868976593,-0.02481384389102459,-0.00979258120059967,0.06803276389837265,-0.9973263740539551
20.891944300034083,-0.04292483255267143,2.4461469650268555,0.9134334325790405,-0.024953126907348633,-0.009799633175134659,0.06823796033859253,-0.9973088502883911
20.896102800033987,-0.0429752916097641,2.446103811264038,0.9134731292724609,-0.02488628588616848,-0.00970130879431963,0.06839758902788162,-0.9973005652427673
20.900477899995167,-0.04301997274160385,2.446047067642212,0.9135380983352661,-0.024973375722765923,-0.009653131477534771,0.06861478090286255,-0.997283935546875
20.90445080003701,-0.04302408918738365,2.4460315704345703,0.9136876463890076,-0.023426493629813194,-0.009875133633613586,0.06829842180013657,-0.997340977191925
20.908938400039915,-0.0430612787604332,2.445876121520996,0.9136593341827393,-0.024600857868790627,-0.009750920347869396,0.06850244849920273,-0.9972999691963196
20.912839099997655,-0.043041981756687164,2.4458532333374023,0.9138112664222717,-0.02347921021282673,-0.010261720046401024,0.06841844320297241,-0.9973275661468506
20.917561800044496,-0.04305124282836914,2.4457595348358154,0.9138827919960022,-0.023428529500961304,-0.010503098368644714,0.06843248754739761,-0.9973253011703491
20.92133730003843,-0.043024882674217224,2.445672035217285,0.913984477519989,-0.023128395900130272,-0.011006511747837067,0.0683722123503685,-0.9973310232162476
20.9255880000419,-0.04302570968866348,2.445575475692749,0.9140610694885254,-0.023080380633473396,-0.011180328205227852,0.0683288425207138,-0.9973331689834595
20.929692700039595,-0.043042395263910294,2.4454398155212402,0.9140934944152832,-0.02358650416135788,-0.011251932941377163,0.0683685690164566,-0.9973178505897522
20.934034200035967,-0.04300941526889801,2.445291519165039,0.9142072796821594,-0.02314470335841179,-0.011647369712591171,0.0679694190621376,-0.9973509311676025
20.937862500024494,-0.04299836605787277,2.4451348781585693,0.9143548011779785,-0.02367333695292473,-0.011830330826342106,0.06799856573343277,-0.997334361076355
20.94198340002913,-0.04295993596315384,2.4450457096099854,0.9143962264060974,-0.023792536929249763,-0.012267837300896645,0.06818139553070068,-0.9973137974739075
20.946218900033273,-0.042885590344667435,2.4449806213378906,0.9144362807273865,-0.023591410368680954,-0.012637699954211712,0.06822235882282257,-0.9973111152648926
20.951442899997346,-0.04282098263502121,2.4449098110198975,0.9144760966300964,-0.023447439074516296,-0.013114738278090954,0.06836843490600586,-0.9972984194755554
20.955294999992475,-0.042752742767333984,2.444835901260376,0.9144715666770935,-0.023122519254684448,-0.013792249374091625,0.0681704506278038,-0.9973104000091553
20.95975310000358,-0.04266754537820816,2.444768190383911,0.9145390391349792,-0.023001784458756447,-0.014333143830299377,0.06844601035118103,-0.9972866773605347
20.963246600003913,-0.04265546798706055,2.4446909427642822,0.9146795272827148,-0.022946156561374664,-0.014768987894058228,0.06883715093135834,-0.9972546696662903
20.967117900028825,-0.042497653514146805,2.4445717334747314,0.9147651791572571,-0.022250128909945488,-0.015326134860515594,0.06859287619590759,-0.9972788691520691
20.971563099999912,-0.042329877614974976,2.4444262981414795,0.9148881435394287,-0.022219283506274223,-0.01620400883257389,0.06869146227836609,-0.9972589015960693
20.975258200021926,-0.042255885899066925,2.4440205097198486,0.9150181412696838,-0.02259238250553608,-0.017241355031728745,0.06878103315830231,-0.997226893901825
20.979558299994096,-0.042107436805963516,2.4438023567199707,0.9152430295944214,-0.0223592109978199,-0.017686689272522926,0.06873681396245956,-0.9972274899482727
20.98374330002116,-0.041930172592401505,2.4435818195343018,0.9154467582702637,-0.022054674103856087,-0.018039628863334656,0.06882702559232712,-0.9972217082977295
20.98810489999596,-0.04155386611819267,2.443193197250366,0.9155656695365906,-0.021049853414297104,-0.018525896593928337,0.06761462241411209,-0.997317373752594
20.9923606000375,-0.04130888730287552,2.4429123401641846,0.9158985614776611,-0.02051173523068428,-0.019963111728429794,0.06848840415477753,-0.997241199016571
20.996085999999195,-0.04104211926460266,2.442650556564331,0.9161431193351746,-0.020758531987667084,-0.021173199638724327,0.06928959488868713,-0.9971558451652527
21.000258100044448,-0.04066366329789162,2.4424400329589844,0.9164317846298218,-0.020280960947275162,-0.022926120087504387,0.06924892961978912,-0.9971297979354858
21.004507200035732,-0.04041815549135208,2.4422497749328613,0.9169024229049683,-0.023447632789611816,-0.02334229275584221,0.071525938808918,-0.9968899488449097
21.008785900019575,-0.04015740379691124,2.4419829845428467,0.9173230528831482,-0.023737387731671333,-0.023952847346663475,0.07151122391223907,-0.9968696236610413
21.013030700036325,-0.03983897715806961,2.441762685775757,0.9175673723220825,-0.024227891117334366,-0.02512873150408268,0.07174955308437347,-0.9968116879463196
21.016902600007597,-0.03941936790943146,2.4414865970611572,0.9179075360298157,-0.025212697684764862,-0.025900304317474365,0.06950318813323975,-0.9969267249107361
21.021023700013757,-0.03904830664396286,2.441267967224121,0.9183021187782288,-0.02435190975666046,-0.02729174867272377,0.06936650723218918,-0.9969204664230347
21.025597400031984,-0.038654688745737076,2.4409782886505127,0.9186591506004333,-0.02234262228012085,-0.028126537799835205,0.06790532916784286,-0.9970449805259705
21.02962710004067,-0.03831026703119278,2.440723180770874,0.9190157055854797,-0.022521814331412315,-0.028840988874435425,0.0683140978217125,-0.9969925880432129
21.033867900026962,-0.03787862882018089,2.440441131591797,0.9193329811096191,-0.022906344383955002,-0.029749348759651184,0.06931892037391663,-0.996887743473053
21.038291800010484,-0.037407439202070236,2.4402401447296143,0.9198067784309387,-0.027014151215553284,-0.032460104674100876,0.07229585945606232,-0.9964888095855713
21.042252100014593,-0.03708867356181145,2.4398045539855957,0.9200657606124878,-0.028720729053020477,-0.03290721774101257,0.07242275774478912,-0.996417224407196
21.046292899991386,-0.03665332496166229,2.4396474361419678,0.9204801917076111,-0.02768341451883316,-0.035187967121601105,0.07303889840841293,-0.9963236451148987
21.050357800035272,-0.03620947152376175,2.4394354820251465,0.9208900332450867,-0.026444783434271812,-0.03724979981780052,0.07300220429897308,-0.9962849617004395
21.055124500009697,-0.03581516444683075,2.4390976428985596,0.9210852384567261,-0.026191027835011482,-0.03936338797211647,0.07461205869913101,-0.9960912466049194
21.058629400038626,-0.03542086482048035,2.4387145042419434,0.9213811159133911,-0.025021377950906754,-0.040146078914403915,0.07336810976266861,-0.996182382106781
21.062940500036348,-0.03505619615316391,2.438422441482544,0.921699583530426,-0.026133371517062187,-0.041834697127342224,0.07379768788814545,-0.9960526823997498
21.067317600012757,-0.034604981541633606,2.4383432865142822,0.9222056269645691,-0.02741195447742939,-0.044418998062610626,0.07623249292373657,-0.9957230091094971
21.07123430003412,-0.03425701707601547,2.438222885131836,0.9226247668266296,-0.02740294300019741,-0.046598631888628006,0.07719998806715012,-0.9955490827560425
21.075811900023837,-0.03392595052719116,2.4381492137908936,0.9231896996498108,-0.026808593422174454,-0.04672463983297348,0.07568633556365967,-0.9956755042076111
21.079417300003115,-0.033509157598018646,2.4379940032958984,0.9234598278999329,-0.027338143438100815,-0.04801895469427109,0.07636226713657379,-0.995547890663147
21.083683800010476,-0.033163607120513916,2.437739610671997,0.9238234162330627,-0.026914723217487335,-0.04871896654367447,0.0753796398639679,-0.9956003427505493
21.088302400021348,-0.032622698694467545,2.4375622272491455,0.9242837429046631,-0.025706185027956963,-0.05128856748342514,0.07504142820835114,-0.9955288171768188
21.092061200004537,-0.0322495773434639,2.437429428100586,0.9246869087219238,-0.025099745020270348,-0.052905090153217316,0.07510988414287567,-0.9954544305801392
21.096262100036256,-0.0317268893122673,2.4373412132263184,0.9251157641410828,-0.025472570210695267,-0.05525096878409386,0.07600288838148117,-0.9952497482299805
21.100421700044535,-0.031296998262405396,2.4372289180755615,0.9254773259162903,-0.0250022541731596,-0.057054296135902405,0.07601692527532578,-0.995158851146698
21.105436699988786,-0.030926693230867386,2.437129497528076,0.9257814288139343,-0.02493165247142315,-0.05843328312039375,0.0761641412973404,-0.9950693845748901
21.108893500000704,-0.03057030215859413,2.4370832443237305,0.9261887669563293,-0.024286702275276184,-0.05996795371174812,0.07626426964998245,-0.994986355304718
21.11299340002006,-0.02999316155910492,2.436995267868042,0.9265012145042419,-0.024881476536393166,-0.06230966001749039,0.07694938778877258,-0.9947749376296997
21.11767740000505,-0.029587779194116592,2.4369659423828125,0.9268361330032349,-0.02515471540391445,-0.06381479650735855,0.07728061825037003,-0.9946470260620117
21.12147970002843,-0.029179511591792107,2.4369008541107178,0.9271502494812012,-0.02428569458425045,-0.06489084661006927,0.07648652046918869,-0.9946603775024414
21.12569459999213,-0.028605405241250992,2.4370789527893066,0.9277792572975159,-0.02529405802488327,-0.0681212916970253,0.0786384865641594,-0.9942513108253479
21.130060900002718,-0.02814112789928913,2.437162160873413,0.9284374713897705,-0.02550922892987728,-0.06814024597406387,0.07732712477445602,-0.9943473935127258
21.13496410002699,-0.02767641842365265,2.437101364135742,0.9288091659545898,-0.026436707004904747,-0.0697668269276619,0.07773812115192413,-0.9941783547401428
21.140484100033063,-0.027187708765268326,2.436964511871338,0.9292051196098328,-0.02570158615708351,-0.07092015445232391,0.07573723047971725,-0.9942704439163208
21.14500030002091,-0.026578277349472046,2.4370198249816895,0.9297102689743042,-0.0247193593531847,-0.0734073594212532,0.07563718408346176,-0.9941223859786987
21.15258440002799,-0.025640355423092842,2.437208652496338,0.9307911992073059,-0.02600857801735401,-0.07799176126718521,0.0776667669415474,-0.9935837388038635
21.156780000019353,-0.025283083319664,2.43721866607666,0.9312784671783447,-0.02596231736242771,-0.07903004437685013,0.07741519808769226,-0.993522584438324
21.160818200034555,-0.024638891220092773,2.437272071838379,0.9316967129707336,-0.025275850668549538,-0.08243242651224136,0.07697414606809616,-0.9932980537414551
21.165560199995525,-0.024160129949450493,2.437349319458008,0.9320952296257019,-0.02505967952311039,-0.08420821279287338,0.07669813185930252,-0.9931759834289551
21.16998980002245,-0.023703616112470627,2.437617301940918,0.9328628778457642,-0.027374843135476112,-0.0850316658616066,0.07721291482448578,-0.9930047392845154
21.17522660002578,-0.022768285125494003,2.4380617141723633,0.9338887929916382,-0.026277722790837288,-0.08927957713603973,0.07755471020936966,-0.9926348328590393
21.180138600000646,-0.02236187644302845,2.438194513320923,0.9342435598373413,-0.0241658054292202,-0.0909103974699974,0.07554346323013306,-0.9926956295967102
21.18435719999252,-0.021988628432154655,2.438397169113159,0.9346369504928589,-0.02483529970049858,-0.09260343015193939,0.07605903595685959,-0.9924831986427307
21.188603100017644,-0.02163774147629738,2.43856143951416,0.9350886940956116,-0.025531787425279617,-0.09388832002878189,0.07454365491867065,-0.9924598336219788
21.192899200017564,-0.021082129329442978,2.438849687576294,0.9357033371925354,-0.024736566469073296,-0.09687412530183792,0.07455451041460037,-0.9921921491622925
21.197322199994233,-0.02066621370613575,2.439070224761963,0.936115026473999,-0.024545272812247276,-0.09930481761693954,0.07459084689617157,-0.9919537901878357
21.201509100035764,-0.020312372595071793,2.4392855167388916,0.9365066289901733,-0.024487877264618874,-0.10072843730449677,0.0744611993432045,-0.9918214678764343
21.20912800001679,-0.019557207822799683,2.4399430751800537,0.9375895261764526,-0.021524664014577866,-0.1038573682308197,0.0715155377984047,-0.9917842149734497
21.21394720004173,-0.019058233126997948,2.440368890762329,0.9382774829864502,-0.022527799010276794,-0.10579580068588257,0.07253113389015198,-0.9914832711219788
21.219898400013335,-0.018676206469535828,2.4406192302703857,0.9387330412864685,-0.02196323126554489,-0.10717311501502991,0.07229826599359512,-0.9913650155067444
21.226284000033047,-0.017776817083358765,2.4411895275115967,0.9395908117294312,-0.01912098377943039,-0.11111108958721161,0.0708354264497757,-0.9910959601402283
21.231501000002027,-0.017194123938679695,2.441516399383545,0.9400179386138916,-0.01999097876250744,-0.11374756693840027,0.0723130851984024,-0.9906728267669678
21.23685760004446,-0.01666940376162529,2.441939353942871,0.9405198097229004,-0.021111829206347466,-0.1161644384264946,0.07436739653348923,-0.9902169704437256
21.242230600037146,-0.016086764633655548,2.442147970199585,0.9408863186836243,-0.021827945485711098,-0.1187884733080864,0.07444854080677032,-0.9898839592933655
21.246751500002574,-0.015005823224782944,2.4430623054504395,0.9418594241142273,-0.017979681491851807,-0.12139519304037094,0.07114528864622116,-0.989888072013855
21.2547082999954,-0.013794981874525547,2.4439797401428223,0.9427352547645569,-0.01662469655275345,-0.12558390200138092,0.0729392021894455,-0.9892584681510925
21.2593377000303,-0.013109716586768627,2.4443020820617676,0.9430932998657227,-0.016054121777415276,-0.12819892168045044,0.07386249303817749,-0.9888638257980347
21.26318300003186,-0.012582320719957352,2.4445817470550537,0.9433892369270325,-0.01508588157594204,-0.13002198934555054,0.07449156045913696,-0.9885938763618469
21.266932099999394,-0.011968408711254597,2.444828987121582,0.9436540007591248,-0.01354408822953701,-0.13266891241073608,0.07413630932569504,-0.9882912039756775
21.271321400010493,-0.01127866841852665,2.4451189041137695,0.9440299868583679,-0.01015536580234766,-0.13529372215270996,0.07308203727006912,-0.9880544543266296
21.27569850004511,-0.010687246918678284,2.445411443710327,0.9445648789405823,-0.012728491798043251,-0.13847096264362335,0.0767965093255043,-0.9873024821281433
21.27947020001011,-0.00991305336356163,2.445540428161621,0.9448383450508118,-0.010587123222649097,-0.1407383382320404,0.07589564472436905,-0.9870768189430237
21.28367239999352,-0.009179661981761456,2.4457125663757324,0.9452072381973267,-0.007846006192266941,-0.14360971748828888,0.07523255795240402,-0.986739456653595
21.287755299999844,-0.00848141685128212,2.4458324909210205,0.9455021619796753,-0.006678614299744368,-0.1458958089351654,0.07534229010343552,-0.986404299736023
21.29203220002819,-0.00791727565228939,2.4460599422454834,0.9461537599563599,-0.0076090674847364426,-0.14851044118404388,0.0777362585067749,-0.9858214855194092
21.296232799999416,-0.007248057518154383,2.4462835788726807,0.946634829044342,-0.008113738149404526,-0.1500605046749115,0.07605432718992233,-0.9857138395309448
21.300384300004225,-0.006479380186647177,2.4465606212615967,0.9470715522766113,-0.005767874885350466,-0.1531924456357956,0.07547366619110107,-0.9852932095527649
21.304948200006038,-0.005829123314470053,2.4465582370758057,0.9475550651550293,-0.005497697740793228,-0.15620633959770203,0.07483351230621338,-0.984870195388794
21.30857819999801,-0.005245604552328587,2.446591377258301,0.948009192943573,-0.006248008459806442,-0.15855903923511505,0.07515715062618256,-0.9844650626182556
21.312764800037257,-0.004541412927210331,2.4470856189727783,0.9488617777824402,-0.005991531070321798,-0.16135136783123016,0.07506425678730011,-0.984019935131073
21.317100699990988,-0.0038633481599390507,2.44709849357605,0.9493416547775269,-0.00612510833889246,-0.16448147594928741,0.0740358829498291,-0.9835787415504456
21.321126400027424,-0.003184831701219082,2.446981191635132,0.9497808814048767,-0.0055507090874016285,-0.16661372780799866,0.07234622538089752,-0.9833489656448364
21.325478399987333,-0.002354065189138055,2.4470596313476562,0.9503319263458252,-0.0022569517605006695,-0.16874036192893982,0.07086969166994095,-0.9831068515777588
21.329424499999732,-0.0017659412696957588,2.447162389755249,0.9513689279556274,-0.004774846602231264,-0.17075632512569427,0.07435674965381622,-0.9824919700622559
21.333641000033822,-0.0010934476740658283,2.44722843170166,0.9518762826919556,-0.006657937075942755,-0.1732514500617981,0.07270470261573792,-0.9821678400039673
21.33825860003708,-0.00029138941317796707,2.447378635406494,0.9524484872817993,-0.004522255156189203,-0.17635411024093628,0.07110366225242615,-0.9817448854446411
21.34409870003583,0.0004742064047604799,2.447451591491699,0.953210175037384,-0.006242991425096989,-0.17969800531864166,0.07366522401571274,-0.9809398651123047
21.34848740004236,0.0010204989230260253,2.4474594593048096,0.9537507891654968,-0.00581685034558177,-0.1817285269498825,0.07455206662416458,-0.9805014133453369
21.35320330003742,0.0019426289945840836,2.4473876953125,0.9541959166526794,-0.004338237922638655,-0.18555594980716705,0.0735633373260498,-0.9798666834831238
21.356714299996383,0.002802768722176552,2.4473114013671875,0.9546048641204834,-0.0036702174693346024,-0.1878911703824997,0.0737614706158638,-0.979409396648407
21.360802500043064,0.0034796828404068947,2.4473772048950195,0.9553331732749939,-0.004847596865147352,-0.1900056004524231,0.07732076942920685,-0.978721559047699
21.365192500001285,0.004310229793190956,2.4473884105682373,0.9557014107704163,-0.0034023826010525227,-0.1931852549314499,0.07642142474651337,-0.9781757593154907
21.3698573000147,0.004992797039449215,2.4474592208862305,0.9560297727584839,-0.0026727053336799145,-0.19556449353694916,0.07702609896659851,-0.9776576161384583
21.37676690000808,0.006517995148897171,2.4477896690368652,0.9568262696266174,-0.003065701574087143,-0.2021302878856659,0.08092468231916428,-0.9760047197341919
21.381415700016078,0.007279375568032265,2.447829246520996,0.9572250247001648,-0.0014997292309999466,-0.20485854148864746,0.07919292151927948,-0.9755815267562866
21.385697400022764,0.007903768680989742,2.44787859916687,0.9574949145317078,-0.00044278407585807145,-0.2069128453731537,0.07829909771680832,-0.9752210974693298
21.389618100016378,0.008548562414944172,2.4479804039001465,0.9579869508743286,-0.0003769229806493968,-0.2086101472377777,0.07820817083120346,-0.9748668074607849
21.393759900005534,0.009282099083065987,2.448070764541626,0.9583597779273987,0.0013446240918710828,-0.21207855641841888,0.07814443111419678,-0.9741223454475403
21.397867000021506,0.009969555772840977,2.4481379985809326,0.9587706327438354,0.00021352549083530903,-0.21487276256084442,0.08044853061437607,-0.9733229875564575
21.40213500004029,0.01059635914862156,2.4481518268585205,0.9592446088790894,-0.00046320745605044067,-0.2172589749097824,0.08197591453790665,-0.972665548324585
21.406504300015513,0.011265913024544716,2.4480719566345215,0.9595939517021179,-0.0008366305264644325,-0.21985220909118652,0.0834667906165123,-0.9719556570053101
21.410864100034814,0.011856301687657833,2.448019027709961,0.960041880607605,0.0015993877314031124,-0.22251856327056885,0.08178789913654327,-0.9714905023574829
21.414535699994303,0.012439180165529251,2.4477570056915283,0.9603577256202698,0.002075399039313197,-0.22475913166999817,0.08006968349218369,-0.971116840839386
21.418738900043536,0.013099392876029015,2.4475276470184326,0.9607492685317993,0.0006959200254641473,-0.22817306220531464,0.0802001953125,-0.9703116416931152
21.423265799996443,0.013629150576889515,2.447349786758423,0.961070716381073,0.0010888971155509353,-0.230427548289299,0.07904665172100067,-0.9698730707168579
21.427548100007698,0.014213105663657188,2.4472663402557373,0.9614742994308472,0.0030697539914399385,-0.23329971730709076,0.07750245928764343,-0.9693065285682678
21.43184790003579,0.014767233282327652,2.4470067024230957,0.9618462920188904,0.0026261487510055304,-0.2362857162952423,0.07663892954587936,-0.9686529636383057
21.436532300023828,0.015334082767367363,2.446779489517212,0.9621608257293701,0.0019426483195275068,-0.23956865072250366,0.0763394758105278,-0.9678716063499451
21.442103400011547,0.01650870591402054,2.446089744567871,0.9630213379859924,0.0004407005035318434,-0.24368184804916382,0.07444380968809128,-0.9669938683509827
21.44610850000754,0.017091216519474983,2.4458751678466797,0.9635499119758606,0.0007573793991468847,-0.24643957614898682,0.07249780744314194,-0.9664425253868103
21.4505574000068,0.01748325303196907,2.445427417755127,0.9638937711715698,-0.0002881214313674718,-0.24964088201522827,0.07370354980230331,-0.9655294418334961
21.45505480002612,0.017978252843022346,2.444866895675659,0.9641798734664917,-0.0018056288827210665,-0.2523408532142639,0.07399249821901321,-0.9648036360740662
21.458797800005414,0.018501130864024162,2.444302797317505,0.9644038677215576,-0.0012079046573489904,-0.2547186315059662,0.07197986543178558,-0.9643318057060242
21.463006800040603,0.0189993754029274,2.443681478500366,0.9646430611610413,-7.401969924103469e-06,-0.25717857480049133,0.06876605749130249,-0.9639142155647278
21.466973200032953,0.01953476294875145,2.443369150161743,0.9650867581367493,-0.001886197947897017,-0.2596050500869751,0.07077278196811676,-0.9631162881851196
21.47186520003015,0.020031610503792763,2.442891836166382,0.9653097987174988,-0.0036212296690791845,-0.2622964084148407,0.07157441973686218,-0.962322473526001
21.475290500035044,0.020636504516005516,2.4422662258148193,0.9656383991241455,-0.004593480844050646,-0.2648056149482727,0.07107725739479065,-0.9616677761077881
21.480356900021434,0.021245907992124557,2.4415318965911865,0.9658412933349609,-0.004439886659383774,-0.2675917446613312,0.06937488168478012,-0.961021363735199
21.48448520002421,0.021764369681477547,2.440967321395874,0.966008186340332,-0.004730409476906061,-0.27028366923332214,0.06901761144399643,-0.9602921605110168
21.488195400044788,0.02223924919962883,2.440413475036621,0.9663205146789551,-0.004762514028698206,-0.2736670672893524,0.06826847046613693,-0.9593868851661682
21.492585900006816,0.02287071757018566,2.4398746490478516,0.9665868878364563,-0.005063854157924652,-0.27651920914649963,0.07003452628850937,-0.9584397077560425
21.496064400009345,0.02352828159928322,2.439127206802368,0.9666936993598938,-0.004425778053700924,-0.2793647050857544,0.07164366543292999,-0.95749831199646
21.500322800013237,0.024193640798330307,2.4385859966278076,0.9668307304382324,-0.0016291021602228284,-0.28210365772247314,0.06990479677915573,-0.9568323493003845
21.50507870002184,0.02474101632833481,2.4380171298980713,0.9669291973114014,-0.0034960394259542227,-0.28450697660446167,0.06898964196443558,-0.956182062625885
21.50947200000519,0.02534044347703457,2.4373462200164795,0.9669432044029236,-0.004926427733153105,-0.28704649209976196,0.07002300769090652,-0.9553412199020386
21.513469099998474,0.02593497931957245,2.436638355255127,0.9670259952545166,-0.004744227509945631,-0.2893379032611847,0.07122432440519333,-0.9545618295669556
21.516987600014545,0.026656363159418106,2.4360849857330322,0.9671633243560791,-0.0030377544462680817,-0.29244500398635864,0.07081244885921478,-0.9536520838737488
21.521197199996095,0.027380548417568207,2.4355716705322266,0.967179536819458,-0.003018462099134922,-0.29470616579055786,0.07092870026826859,-0.9529472589492798
21.525462999998126,0.02801143005490303,2.4351541996002197,0.967275857925415,-0.003791375318542123,-0.2974853217601776,0.07262814790010452,-0.9519523978233337
21.529645500006154,0.028744246810674667,2.434629201889038,0.9672365188598633,-0.0025694489013403654,-0.3001038730144501,0.07248248904943466,-0.951145350933075
21.53406969999196,0.029563583433628082,2.4339144229888916,0.9669342637062073,-0.002315921476110816,-0.30303657054901123,0.07376256585121155,-0.9501171708106995
21.537789700028952,0.03018227592110634,2.433401584625244,0.9668304920196533,-0.003049209015443921,-0.3058832883834839,0.07581140100955963,-0.949040949344635
21.54207560000941,0.030924027785658836,2.4330365657806396,0.9667078852653503,-0.003242496633902192,-0.30879393219947815,0.07838179171085358,-0.947888195514679
21.54645150003489,0.03169454261660576,2.432523250579834,0.9664154648780823,-0.002367404755204916,-0.3114830255508423,0.07747325301170349,-0.9470853805541992
21.550256500020623,0.03237035870552063,2.4320664405822754,0.9662585258483887,0.00015125500794965774,-0.3141193389892578,0.07533881068229675,-0.9463894963264465
21.554488299996592,0.03304466977715492,2.4315695762634277,0.9657849669456482,0.0007406952208839357,-0.31705206632614136,0.07655586302280426,-0.9453129768371582
21.558484100038186,0.03365115448832512,2.4311344623565674,0.9655539989471436,0.002043553628027439,-0.3201271593570709,0.07744213938713074,-0.9442018866539001
21.563040500041097,0.03428930789232254,2.430746078491211,0.9653396606445312,0.0028945577796548605,-0.32307544350624084,0.07833042740821838,-0.943121612071991
21.567356700019445,0.03495899960398674,2.4303176403045654,0.9651423692703247,0.0030510087963193655,-0.32564979791641235,0.07977338135242462,-0.9421141743659973
21.5711086000083,0.03571966290473938,2.4298393726348877,0.9649169445037842,0.005126448348164558,-0.32898521423339844,0.07827690243721008,-0.9410713315010071
21.575540899997577,0.03628752380609512,2.4295103549957275,0.9646909832954407,0.005779945757240057,-0.33123070001602173,0.07863639295101166,-0.940249502658844
21.5795630000066,0.03687288612127304,2.429100751876831,0.9644802808761597,0.005477681756019592,-0.3338487446308136,0.07932890206575394,-0.9392667412757874
21.58369749999838,0.037502944469451904,2.428805351257324,0.964253842830658,0.005304528865963221,-0.33676815032958984,0.08109135925769806,-0.9380742311477661
21.58819650002988,0.03814729303121567,2.428419589996338,0.9638913869857788,0.006126388441771269,-0.3392212986946106,0.08087243884801865,-0.9372038841247559
21.592685600044206,0.038761626929044724,2.427978992462158,0.9636537432670593,0.0064233653247356415,-0.341696172952652,0.08089949935674667,-0.9362999796867371
21.59643989999313,0.03939229995012283,2.427556276321411,0.9633398652076721,0.008353077806532383,-0.3431602418422699,0.07922416180372238,-0.9358925223350525
21.6002800000133,0.04003661125898361,2.427020311355591,0.96306973695755,0.009263316169381142,-0.3467385768890381,0.08000030368566513,-0.9344980120658875
21.604951400018763,0.04052293673157692,2.426614761352539,0.9629076719284058,0.011945633217692375,-0.3500182330608368,0.0808367058634758,-0.9331719875335693
21.608957700023893,0.041091322898864746,2.426142454147339,0.9626207947731018,0.011998504400253296,-0.35251495242118835,0.08230860531330109,-0.9321022033691406
21.61279760004254,0.041610412299633026,2.425783634185791,0.9624264240264893,0.01268165372312069,-0.3546786904335022,0.08353399485349655,-0.9311628937721252
21.617506700044032,0.04217078164219856,2.4252548217773438,0.9622167348861694,0.013026388362050056,-0.3573867678642273,0.08562041074037552,-0.9299324154853821
21.621144300035667,0.04269314557313919,2.4247212409973145,0.9621170163154602,0.014140808954834938,-0.35962697863578796,0.08368388563394547,-0.9292284250259399
21.62545009999303,0.04317784309387207,2.4242477416992188,0.9620472192764282,0.01445851568132639,-0.36199167370796204,0.08333787322044373,-0.9283360838890076
21.629560300032608,0.043611109256744385,2.423797369003296,0.9619548320770264,0.015124187804758549,-0.36396467685699463,0.08283178508281708,-0.9275990128517151
21.633577900007367,0.0440940223634243,2.4233453273773193,0.9618749022483826,0.015195988118648529,-0.36652809381484985,0.08309248089790344,-0.9265645742416382
21.638437399989925,0.04455794394016266,2.4227702617645264,0.9617670774459839,0.015240241773426533,-0.3687877357006073,0.08349883556365967,-0.9256302118301392
21.64194330002647,0.04495782032608986,2.422008752822876,0.9617821574211121,0.01626306213438511,-0.37111279368400574,0.08387984335422516,-0.9246485829353333
21.646214000007603,0.04533623531460762,2.421438694000244,0.9618130326271057,0.0165855772793293,-0.37327221035957336,0.084483802318573,-0.9237181544303894
21.650364800007083,0.04567447677254677,2.420893669128418,0.9618145823478699,0.01734883151948452,-0.3750564754009247,0.08454352617263794,-0.9229756593704224
21.65442090004217,0.04624868556857109,2.420384645462036,0.9617677330970764,0.01608404703438282,-0.3784528076648712,0.08862198144197464,-0.9212279915809631
21.658834900008515,0.046705976128578186,2.4198341369628906,0.9617550373077393,0.01565408706665039,-0.38082900643348694,0.09039069712162018,-0.9200835227966309
21.66272459999891,0.047071751207113266,2.4191641807556152,0.9621331691741943,0.018098704516887665,-0.3832387924194336,0.08846328407526016,-0.9192250967025757
21.66728970000986,0.047466106712818146,2.418370485305786,0.9621012210845947,0.018708061426877975,-0.3852240741252899,0.08757641911506653,-0.9184675812721252
21.67244410002604,0.047841161489486694,2.417449951171875,0.9618220925331116,0.018749650567770004,-0.3879753351211548,0.09143766760826111,-0.91693115234375
21.676497900043614,0.048207838088274,2.416633129119873,0.9619141817092896,0.018947353586554527,-0.3908112049102783,0.09374590963125229,-0.9154886603355408
21.680571600038093,0.0485159270465374,2.4159815311431885,0.9620196223258972,0.019182346761226654,-0.3927192986011505,0.094208262860775,-0.9146192073822021
21.68477140000323,0.04883918911218643,2.4151384830474854,0.9621322751045227,0.019185474142432213,-0.3949819803237915,0.09324722737073898,-0.9137428998947144
21.688843799987808,0.04909961670637131,2.4144887924194336,0.9622654914855957,0.018819143995642662,-0.39708179235458374,0.09377162158489227,-0.9127863049507141
21.695939099998213,0.049475815147161484,2.412850856781006,0.962577760219574,0.019346605986356735,-0.4014536738395691,0.09627573192119598,-0.9105996489524841
21.70091900002444,0.049658533185720444,2.4122042655944824,0.9629142880439758,0.01880025304853916,-0.4034707546234131,0.097236268222332,-0.909617006778717
21.704955700028222,0.049835480749607086,2.4112608432769775,0.9633074998855591,0.017625225707888603,-0.4061999022960663,0.09896005690097809,-0.90823894739151
21.710616299998946,0.049901168793439865,2.410576820373535,0.9635319113731384,0.01700432039797306,-0.40698590874671936,0.0996871218085289,-0.9078192710876465
21.715122500027064,0.049893345683813095,2.4098591804504395,0.9638060331344604,0.016877565532922745,-0.4089611768722534,0.09920808672904968,-0.9069860577583313
21.721143200004008,0.05001743882894516,2.40832781791687,0.9645662307739258,0.015534101985394955,-0.4129064679145813,0.09898713231086731,-0.9052451252937317
21.725248700007796,0.049874480813741684,2.407607078552246,0.9650105834007263,0.014713834971189499,-0.41411691904067993,0.0981612503528595,-0.9047955870628357
21.729511599987745,0.049882471561431885,2.4067788124084473,0.9655044674873352,0.013429373502731323,-0.4155895709991455,0.09805911779403687,-0.9041512608528137
21.73397020000266,0.0498618446290493,2.4058778285980225,0.9658310413360596,0.01280016265809536,-0.4176877737045288,0.09790315479040146,-0.903209924697876
21.73806629999308,0.04972560331225395,2.40498948097229,0.9663713574409485,0.012425648048520088,-0.4194547235965729,0.09901127219200134,-0.9022749662399292
21.74221110000508,0.04958396404981613,2.4042274951934814,0.9668197631835938,0.011648069135844707,-0.42052730917930603,0.098487488925457,-0.9018433690071106
21.746469100005925,0.04947492107748985,2.4034764766693115,0.9674373269081116,0.01014229841530323,-0.4218614101409912,0.09798198193311691,-0.9012933373451233
21.750589100003708,0.049297723919153214,2.402815103530884,0.9680790901184082,0.008827503770589828,-0.4235018491744995,0.09840215742588043,-0.9004917740821838
21.754602500004694,0.049108296632766724,2.4020752906799316,0.9686806797981262,0.007291889749467373,-0.4251379668712616,0.09893402457237244,-0.8996758460998535
21.759886700019706,0.0488460399210453,2.4013819694519043,0.9691693782806396,0.006536830682307482,-0.4267422556877136,0.09882204234600067,-0.8989341855049133
21.763757300039288,0.04861149191856384,2.400761127471924,0.969667375087738,0.005310949869453907,-0.4274223744869232,0.09843411296606064,-0.8986616134643555
21.76756240002578,0.04824844375252724,2.400146961212158,0.970233142375946,0.0043778144754469395,-0.42954152822494507,0.0963267907500267,-0.8978843092918396
21.771266700001433,0.04803349822759628,2.3996164798736572,0.9707146286964417,0.0033330568112432957,-0.4310953617095947,0.09615543484687805,-0.8971620202064514
21.77537869999651,0.04785033315420151,2.3989040851593018,0.9709818363189697,0.0021729455329477787,-0.43300262093544006,0.0967169925570488,-0.8961862325668335
21.77950260002399,0.047703810036182404,2.3981852531433105,0.971408486366272,0.0020021165255457163,-0.43375492095947266,0.09717514365911484,-0.8957732319831848
21.783853100030683,0.04737888276576996,2.397678852081299,0.9719033241271973,0.0014366658870130777,-0.4349052906036377,0.09749721735715866,-0.8951813578605652
21.787818100012373,0.047000303864479065,2.3971059322357178,0.9724375009536743,0.0005949086043983698,-0.4366965591907501,0.09668412059545517,-0.8943981528282166
21.792246700031683,0.04680250212550163,2.396543025970459,0.9728237986564636,0.00015398432151414454,-0.43804943561553955,0.09543784707784653,-0.8938703536987305
21.79623169999104,0.046681057661771774,2.3959274291992188,0.9732091426849365,-0.00044492940651252866,-0.43933531641960144,0.09479714184999466,-0.8933072686195374
21.800287100020796,0.046427369117736816,2.3953857421875,0.9737082719802856,-0.0015656781615689397,-0.44104209542274475,0.09582369029521942,-0.8923550248146057
21.804650600010063,0.04610469937324524,2.394979953765869,0.9742867946624756,-0.002625546418130398,-0.442451536655426,0.09609193354845047,-0.8916254639625549
21.808678400004283,0.04581171274185181,2.3946738243103027,0.9749276041984558,-0.0038574831560254097,-0.44375884532928467,0.09775117039680481,-0.890790581703186
21.812842899991665,0.04563269764184952,2.3943145275115967,0.9756293892860413,-0.005924399476498365,-0.4447290599346161,0.09664119780063629,-0.8904165029525757
21.81706040003337,0.04544509947299957,2.3938136100769043,0.9760369062423706,-0.006665226072072983,-0.4456920623779297,0.09304198622703552,-0.8903130888938904
21.821167799993418,0.04520160332322121,2.393373489379883,0.9765843749046326,-0.007727351039648056,-0.4468090534210205,0.09235935658216476,-0.8898155689239502
21.825986600015312,0.04502677172422409,2.39294171333313,0.977043092250824,-0.009661531075835228,-0.448040246963501,0.093135766685009,-0.8890964388847351
21.829743700043764,0.04472123458981514,2.3924825191497803,0.9775751233100891,-0.010113309137523174,-0.4492819011211395,0.09320688992738724,-0.8884571194648743
21.83393070002785,0.044487349689006805,2.3920915126800537,0.9781268835067749,-0.010078868828713894,-0.45012167096138,0.09077901393175125,-0.8882837295532227
21.838100299995858,0.04418710991740227,2.3918256759643555,0.9786159992218018,-0.0112446378916502,-0.4506760239601135,0.09007765352725983,-0.8880601525306702
21.84208979998948,0.0438828282058239,2.3915181159973145,0.9792540073394775,-0.013719629496335983,-0.4515056312084198,0.08974886685609818,-0.8876371383666992
21.846503700013272,0.04365002363920212,2.39125657081604,0.9797548055648804,-0.015575818717479706,-0.4520096480846405,0.08834471553564072,-0.8874908685684204
21.8505989999976,0.04343469440937042,2.3910577297210693,0.9802947640419006,-0.017882365733385086,-0.4529796540737152,0.08792934566736221,-0.886993944644928
21.85464040003717,0.04313483089208603,2.390981674194336,0.9810495376586914,-0.020071418955922127,-0.45419543981552124,0.0884103775024414,-0.8862772583961487
21.858986800012644,0.04277744144201279,2.390721559524536,0.9817131161689758,-0.02045968361198902,-0.45419424772262573,0.08505494892597198,-0.886597216129303
21.862805899989326,0.04237770289182663,2.3905372619628906,0.9824977517127991,-0.021723274141550064,-0.45435163378715515,0.08264359086751938,-0.8867146372795105
21.86731260002125,0.042014893144369125,2.390444278717041,0.9834057092666626,-0.02343856543302536,-0.4544140696525574,0.07943210750818253,-0.8869324326515198
21.87153699999908,0.041616637259721756,2.3903160095214844,0.9840574860572815,-0.024458780884742737,-0.45453211665153503,0.07686815410852432,-0.8870701789855957
21.87563920003595,0.041255734860897064,2.390133857727051,0.9846861362457275,-0.025121398270130157,-0.45454004406929016,0.07400413602590561,-0.8872911930084229
21.879619500017725,0.04077720642089844,2.389995813369751,0.9854907989501953,-0.02549905516207218,-0.454227089881897,0.07159583270549774,-0.8876382112503052
21.883689500042237,0.04031608626246452,2.389880895614624,0.9861122369766235,-0.026211291551589966,-0.4544879198074341,0.0693633183836937,-0.8876612186431885
21.88816329999827,0.0398041233420372,2.3897206783294678,0.9865782260894775,-0.02869626320898533,-0.4550851285457611,0.06936924159526825,-0.8872779607772827
21.892582400003448,0.03932677209377289,2.389617919921875,0.9871526956558228,-0.02910470962524414,-0.45548227429389954,0.06528009474277496,-0.8873711228370667
21.896391200018115,0.0389442965388298,2.3895130157470703,0.9876604676246643,-0.029030676931142807,-0.45586127042770386,0.06268005818128586,-0.8873662948608398
21.900813599990215,0.03847230225801468,2.3895328044891357,0.9882481694221497,-0.029142143204808235,-0.4561067223548889,0.06091325730085373,-0.8873595595359802
21.904696699988563,0.037942297756671906,2.3896281719207764,0.9890279769897461,-0.030967319384217262,-0.4571477770805359,0.06229052692651749,-0.8866661190986633
21.9088250999921,0.037515997886657715,2.389605760574341,0.9896405339241028,-0.03148438036441803,-0.45762649178504944,0.06151581183075905,-0.8864549994468689
21.9128381999908,0.037161801010370255,2.389514207839966,0.990170419216156,-0.031674694269895554,-0.45753154158592224,0.05870816856622696,-0.886687695980072
21.91705859999638,0.0368487723171711,2.3894200325012207,0.9907528758049011,-0.0326557457447052,-0.4576469659805298,0.05663130432367325,-0.8867276906967163
21.92120550002437,0.03647873178124428,2.3894641399383545,0.9917179942131042,-0.03398105129599571,-0.4576719403266907,0.05145472288131714,-0.8869803547859192
21.925318900030106,0.03599380701780319,2.389409065246582,0.9926140904426575,-0.034029167145490646,-0.4576979875564575,0.04920251667499542,-0.8870928287506104
21.92985320003936,0.035631343722343445,2.3893399238586426,0.9932494759559631,-0.034526195377111435,-0.45779290795326233,0.04797784611582756,-0.8870918154716492
21.933693400002085,0.03534311428666115,2.3891682624816895,0.9938375949859619,-0.034389153122901917,-0.45823243260383606,0.04545878246426582,-0.88700270652771
21.938015500025358,0.03497796133160591,2.389096260070801,0.9944419860839844,-0.034976232796907425,-0.4587274193763733,0.04524960368871689,-0.8867347240447998
21.942193099996075,0.03467303514480591,2.3889219760894775,0.9950518608093262,-0.03465326502919197,-0.4582604467868805,0.04239646717905998,-0.8871297240257263
21.946692900033668,0.03422036021947861,2.3888421058654785,0.9957999587059021,-0.035242944955825806,-0.45848336815834045,0.041439931839704514,-0.8870364427566528
21.950487299996894,0.0337645560503006,2.3886606693267822,0.9965071678161621,-0.03733132407069206,-0.4593493640422821,0.04207149147987366,-0.8864731192588806
21.954441700014286,0.03342311456799507,2.3885602951049805,0.9970307946205139,-0.03851331025362015,-0.45977193117141724,0.041889630258083344,-0.8862121105194092
21.959183800034225,0.03307212144136429,2.3884992599487305,0.9975899457931519,-0.0389879047870636,-0.46006396412849426,0.04127117246389389,-0.8860687017440796
21.96289510000497,0.0327228382229805,2.3885374069213867,0.9983964562416077,-0.04002107307314873,-0.4597760736942291,0.04046396538615227,-0.88620924949646
21.96694330003811,0.03227832168340683,2.388545036315918,0.9991400241851807,-0.040734563022851944,-0.4600552022457123,0.04037521779537201,-0.8860360383987427
21.97123520000605,0.031812068074941635,2.3884575366973877,0.9999948143959045,-0.039930135011672974,-0.4602910876274109,0.0383572019636631,-0.8860397338867188
21.975177599990275,0.03141173720359802,2.388319730758667,1.000555157661438,-0.03996065631508827,-0.45986276865005493,0.03619283065199852,-0.8863518238067627
21.97977630002424,0.030942343175411224,2.3882315158843994,1.0011317729949951,-0.040896594524383545,-0.4600396752357483,0.03451437130570412,-0.8862842917442322
21.983751100022346,0.030463142320513725,2.3882088661193848,1.001854419708252,-0.041975002735853195,-0.4598391056060791,0.03430020436644554,-0.886346161365509
21.987758000032045,0.030031170696020126,2.3880245685577393,1.0027217864990234,-0.0422748327255249,-0.4601554572582245,0.032753050327301025,-0.8862262964248657
21.992356700007804,0.02963382750749588,2.387920379638672,1.0033626556396484,-0.042496342211961746,-0.4602345824241638,0.03168738633394241,-0.8862133026123047
21.996264900022652,0.02917640283703804,2.3878085613250732,1.0041022300720215,-0.0431319922208786,-0.46074387431144714,0.03222525492310524,-0.8858985304832458
22.000426799990237,0.028626756742596626,2.387728452682495,1.0048792362213135,-0.04343472421169281,-0.46088388562202454,0.032520078122615814,-0.8858001232147217
22.004641100007575,0.028114689514040947,2.3875741958618164,1.0057719945907593,-0.04338376969099045,-0.46061959862709045,0.028913933783769608,-0.8860651254653931
22.008754000009503,0.02765500545501709,2.3874380588531494,1.006490707397461,-0.04447101056575775,-0.4607338011264801,0.027484774589538574,-0.8859974145889282
22.01350739999907,0.02716900408267975,2.387176513671875,1.0071848630905151,-0.045688629150390625,-0.4603131115436554,0.02577817067503929,-0.8862053751945496
22.01710350002395,0.026613615453243256,2.3871028423309326,1.0080771446228027,-0.04599195718765259,-0.46038809418678284,0.02527521923184395,-0.886165201663971
22.021208700025454,0.026095222681760788,2.387035369873047,1.0090279579162598,-0.04540754482150078,-0.4604949355125427,0.023454200476408005,-0.886189877986908
22.02534430002561,0.02560868300497532,2.3869822025299072,1.009812831878662,-0.045982468873262405,-0.46014443039894104,0.02181551232933998,-0.8863841891288757
22.029435000033118,0.02503841370344162,2.3868465423583984,1.0104944705963135,-0.04687485843896866,-0.46022269129753113,0.01968199759721756,-0.8863467574119568
22.03372720000334,0.02438192069530487,2.3866450786590576,1.011444330215454,-0.04791988432407379,-0.45940613746643066,0.019184041768312454,-0.8867253065109253
22.03797070001019,0.023855462670326233,2.3865511417388916,1.0124496221542358,-0.04983551427721977,-0.45922791957855225,0.017163660377264023,-0.8867533802986145
22.04203380004037,0.023424401879310608,2.386495590209961,1.0134705305099487,-0.05182082951068878,-0.459594190120697,0.017090581357479095,-0.886451244354248
22.046276100038085,0.02291584014892578,2.3863773345947266,1.0144424438476562,-0.05307113751769066,-0.4592743515968323,0.01737426221370697,-0.8865374326705933
22.050263500015717,0.022362319752573967,2.3859364986419678,1.0153076648712158,-0.054506994783878326,-0.4587287902832031,0.014918459579348564,-0.8867775797843933
22.054616900044493,0.021858172491192818,2.385699987411499,1.0161702632904053,-0.05584705248475075,-0.45845261216163635,0.01300441287457943,-0.8868670463562012
22.058598100033123,0.021439578384160995,2.3855297565460205,1.0170906782150269,-0.05615298077464104,-0.4575903117656708,0.011176922358572483,-0.8873178958892822
22.062922900018748,0.020985344424843788,2.3854176998138428,1.0182113647460938,-0.0566573403775692,-0.45674189925193787,0.0076208701357245445,-0.887760579586029
22.067081200017128,0.0205376036465168,2.385277509689331,1.019169807434082,-0.057634711265563965,-0.45668622851371765,0.00509714987128973,-0.8877444267272949
22.071083699993324,0.02009309083223343,2.3851115703582764,1.0199265480041504,-0.05941705405712128,-0.45684388279914856,0.00417317496612668,-0.8875505328178406
22.075560500030406,0.01962391473352909,2.384995937347412,1.0208582878112793,-0.0614144541323185,-0.4569070339202881,0.00575748085975647,-0.8873732089996338
22.08336779999081,0.01884639635682106,2.3847177028656006,1.0222257375717163,-0.06228822469711304,-0.4573133885860443,0.004319972358644009,-0.8871111273765564
22.087873800017405,0.018510479480028152,2.3846070766448975,1.022723913192749,-0.0624149926006794,-0.4576278626918793,0.0037122375797480345,-0.8869426846504211
22.092000800010283,0.01812560111284256,2.3844447135925293,1.0232630968093872,-0.06378979980945587,-0.45906171202659607,0.0030793664045631886,-0.8861059546470642
22.096060000010766,0.017717424780130386,2.384351968765259,1.023762822151184,-0.06477740406990051,-0.459717720746994,0.004702490288764238,-0.8856870532035828
22.100760000001173,0.01743030548095703,2.3842716217041016,1.0241973400115967,-0.06563105434179306,-0.46023350954055786,0.005045896861702204,-0.8853542804718018
22.105398299987428,0.017085080966353416,2.3841421604156494,1.0247113704681396,-0.06570491194725037,-0.4605909287929535,0.0038828011602163315,-0.885168731212616
22.10897430003388,0.01684659719467163,2.384056568145752,1.0250718593597412,-0.06561457365751266,-0.4606226086616516,0.0025652104523032904,-0.8851637840270996
22.11277710000286,0.016581688076257706,2.3839492797851562,1.0254687070846558,-0.06556873023509979,-0.4608784317970276,0.001335302134975791,-0.885036826133728
22.117263299995102,0.016382889822125435,2.3838868141174316,1.0260108709335327,-0.06587167829275131,-0.4609717130661011,-0.0009350236505270004,-0.884966254234314
22.121167200035416,0.016184259206056595,2.3838422298431396,1.0265001058578491,-0.06555862724781036,-0.4613489806652069,-0.0019303378649055958,-0.8847911953926086
22.12544000003254,0.01599171571433544,2.383803367614746,1.0269997119903564,-0.06613307446241379,-0.4619462490081787,-0.0024311284068971872,-0.8844355940818787
22.129442600009497,0.01576317846775055,2.3836894035339355,1.0274085998535156,-0.06611194461584091,-0.46258559823036194,-0.003481935476884246,-0.8840993642807007
22.133707700006198,0.015491798520088196,2.3836686611175537,1.027927041053772,-0.06664114445447922,-0.4630531072616577,-0.001574214082211256,-0.8838202953338623
22.137946900038514,0.015245255082845688,2.383606433868408,1.0283738374710083,-0.066854327917099,-0.46348798274993896,-0.0018586395308375359,-0.8835756182670593
22.142069099994842,0.015060076490044594,2.383577346801758,1.0286482572555542,-0.06671049445867538,-0.4637678265571594,-0.0022931976709514856,-0.8834386467933655
22.147696400003042,0.014822021126747131,2.3835434913635254,1.0289305448532104,-0.06664305925369263,-0.46416282653808594,-0.003314798232167959,-0.8832330107688904
22.15234580001561,0.014556333422660828,2.38348650932312,1.0292277336120605,-0.06726896017789841,-0.46482178568840027,-0.003870368702337146,-0.882836639881134
22.156301600043662,0.014366170391440392,2.383535861968994,1.0294106006622314,-0.06733611226081848,-0.4654911160469055,-0.004427702631801367,-0.8824762105941772
22.16121920000296,0.014078846201300621,2.383650779724121,1.0296509265899658,-0.06784052401781082,-0.4669578969478607,-0.004545500036329031,-0.8816617727279663
22.16571520001162,0.013878904283046722,2.3836069107055664,1.0297974348068237,-0.06690804660320282,-0.4674082100391388,-0.0059129721485078335,-0.8814862370491028
22.17123909998918,0.013494281098246574,2.3836779594421387,1.030031442642212,-0.06539753079414368,-0.4689057171344757,-0.006920950021594763,-0.8807966709136963
22.17541299998993,0.013309603556990623,2.3836445808410645,1.0302035808563232,-0.06434450298547745,-0.4694746136665344,-0.008184218779206276,-0.8805603384971619
22.182362799998373,0.013135685585439205,2.383664608001709,1.0303776264190674,-0.06339441239833832,-0.47012174129486084,-0.008954894728958607,-0.8802763819694519
22.187917400035076,0.01280750147998333,2.38364315032959,1.0307397842407227,-0.061042655259370804,-0.4711105525493622,-0.010059612803161144,-0.8799019455909729
22.192770100024063,0.012536974623799324,2.383641481399536,1.0308921337127686,-0.060167524963617325,-0.4723326861858368,-0.010504468344151974,-0.8793016672134399
22.19648490002146,0.012321621179580688,2.3836464881896973,1.031061053276062,-0.05909014865756035,-0.4730614125728607,-0.01120332907885313,-0.8789743185043335
22.201596099999733,0.012099119834601879,2.3835651874542236,1.0312758684158325,-0.05764865502715111,-0.4735809564590454,-0.01166228111833334,-0.8787842392921448
22.206342199991923,0.011842044070363045,2.383526086807251,1.031495451927185,-0.05632168427109718,-0.47452759742736816,-0.012092609889805317,-0.8783537149429321
22.210662700003013,0.011568032205104828,2.3835294246673584,1.0316587686538696,-0.055519379675388336,-0.4758845269680023,-0.010903159156441689,-0.8776859045028687
22.214914500014856,0.011096971109509468,2.3835349082946777,1.0317871570587158,-0.054413922131061554,-0.47739848494529724,-0.011234725825488567,-0.8769285678863525
22.218832000042312,0.010822291485965252,2.3835339546203613,1.0319315195083618,-0.053279630839824677,-0.47831404209136963,-0.010901722125709057,-0.8765034675598145
22.222986900014803,0.010555977001786232,2.383500337600708,1.0321273803710938,-0.05185232311487198,-0.4792332649230957,-0.01184216607362032,-0.8760745525360107
22.226767499989364,0.010253667831420898,2.3834450244903564,1.032251238822937,-0.05026726424694061,-0.480305016040802,-0.011446202173829079,-0.8755851984024048
22.230555600021034,0.009904967620968819,2.3834104537963867,1.0325038433074951,-0.048279210925102234,-0.4805615246295929,-0.012978428974747658,-0.8755348324775696
22.235538300010376,0.009562063962221146,2.3835220336914062,1.032779574394226,-0.04493360221385956,-0.4804672598838806,-0.015176700428128242,-0.8757293820381165
22.239942600019276,0.009264562278985977,2.3835184574127197,1.033050298690796,-0.04312169924378395,-0.4808828830718994,-0.016617635264992714,-0.8755661249160767
22.24384980002651,0.008920199237763882,2.3835151195526123,1.033310055732727,-0.04182567819952965,-0.48164495825767517,-0.016914447769522667,-0.8752043843269348
22.247949000040535,0.00859888643026352,2.3834667205810547,1.033617377281189,-0.040095388889312744,-0.4826004207134247,-0.01732848770916462,-0.8747507929801941
22.251951700018253,0.00822366215288639,2.3833727836608887,1.0339159965515137,-0.038011711090803146,-0.4835208058357239,-0.018080338835716248,-0.8743202686309814
22.255475000012666,0.00822366215288639,2.3833727836608887,1.0339159965515137,-0.038011711090803146,-0.4835208058357239,-0.018080338835716248,-0.8743202686309814
22.259205700014718,0.007640182040631771,2.3831725120544434,1.034571886062622,-0.03478294238448143,-0.4848571717739105,-0.018649106845259666,-0.8737024068832397
22.2629195000045,0.007393709849566221,2.383183002471924,1.0348154306411743,-0.03303340822458267,-0.485623836517334,-0.019338637590408325,-0.8733294606208801
22.267013400036376,0.007130498997867107,2.3831682205200195,1.035090446472168,-0.03122212365269661,-0.4863276481628418,-0.019580017775297165,-0.8729990124702454
22.271134600043297,0.006902201101183891,2.3831534385681152,1.0353074073791504,-0.029565496370196342,-0.4869435131549835,-0.019586125388741493,-0.8727132081985474
22.27548910002224,0.006591186858713627,2.3831658363342285,1.0355232954025269,-0.028008392080664635,-0.4875839948654175,-0.01936740055680275,-0.8724117279052734
22.279521799995564,0.006329767405986786,2.383131265640259,1.0357086658477783,-0.02600499428808689,-0.4883558750152588,-0.019509615376591682,-0.8720389008522034
22.284095000009984,0.0060829222202301025,2.3830971717834473,1.0358752012252808,-0.02405203878879547,-0.489633172750473,-0.019086327403783798,-0.8713876605033875
22.28798550000647,0.00583238247781992,2.3830456733703613,1.0361137390136719,-0.021980879828333855,-0.4911165237426758,-0.018988480791449547,-0.8706094622612
22.29215180000756,0.005627883598208427,2.3829710483551025,1.0361958742141724,-0.019526861608028412,-0.49232351779937744,-0.01822519861161709,-0.8700023889541626
22.296142100007273,0.005356036126613617,2.382922887802124,1.0362467765808105,-0.016979066655039787,-0.4936274290084839,-0.018585972487926483,-0.8693090677261353
22.3007158000255,0.005166683811694384,2.3829634189605713,1.036359190940857,-0.0139381755143404,-0.4942091703414917,-0.01817665994167328,-0.8690412640571594
22.305734299996402,0.0049581388011574745,2.382951021194458,1.0363775491714478,-0.010232246480882168,-0.49513304233551025,-0.01657141000032425,-0.8685988783836365
22.309658300015144,0.0048319026827812195,2.382957696914673,1.036417841911316,-0.008184553124010563,-0.4965108036994934,-0.015502777881920338,-0.8678536415100098
22.3138961000368,0.004732918925583363,2.383049488067627,1.0366735458374023,-0.0066329254768788815,-0.4976767599582672,-0.013777806423604488,-0.8672279119491577
22.31950500002131,0.004611463285982609,2.3830676078796387,1.0369144678115845,-0.005485174711793661,-0.4986063539981842,-0.013227911666035652,-0.8667103052139282
22.323249300010502,0.004507480189204216,2.3831093311309814,1.0372768640518188,-0.0034462471958249807,-0.49895134568214417,-0.013793611899018288,-0.8665134906768799
22.328094299999066,0.00429209228605032,2.383129358291626,1.0376546382904053,-0.0021813116036355495,-0.5001096129417419,-0.01211422961205244,-0.865874707698822
22.331920200027525,0.004133945796638727,2.3830618858337402,1.038053274154663,-0.0016935357125476003,-0.5011356472969055,-0.011096720583736897,-0.865295946598053
22.335492200043518,0.003988892771303654,2.382936477661133,1.0385323762893677,-0.001235185656696558,-0.501521110534668,-0.010333220474421978,-0.8650827407836914
22.339140700001735,0.003930000588297844,2.382852792739868,1.0390676259994507,-0.0008639676379971206,-0.5016247034072876,-0.01187986321747303,-0.8650033473968506
22.343814100022428,0.0038337474688887596,2.3827319145202637,1.039503574371338,-0.0007397725712507963,-0.5016096830368042,-0.012576447799801826,-0.8650022745132446
22.348151200043503,0.0037246057763695717,2.382565498352051,1.0399725437164307,-0.00035602072603069246,-0.5016974806785583,-0.013668611645698547,-0.8649351596832275
22.352085300022736,0.0036094794049859047,2.38236665725708,1.0404541492462158,-0.0002453929919283837,-0.5019568204879761,-0.0134285818785429,-0.8647884726524353
22.356166400015354,0.003440236672759056,2.382171392440796,1.0410346984863281,-0.0004928281414322555,-0.5025463104248047,-0.01425098069012165,-0.864432692527771
22.360519999987446,0.003307934384793043,2.3818612098693848,1.0415897369384766,-0.0009926026687026024,-0.5039582252502441,-0.012079632841050625,-0.8636430501937866
22.36466050002491,0.0032745031639933586,2.3814971446990967,1.042264699935913,-8.309579425258562e-05,-0.5046955347061157,-0.01193045824766159,-0.8632149696350098
22.368215600028634,0.0031759326811879873,2.3812074661254883,1.0428467988967896,0.0008014040067791939,-0.5050007104873657,-0.013186268508434296,-0.8630178570747375
22.37161810003454,0.003123351838439703,2.381024122238159,1.0433557033538818,0.0011015620548278093,-0.5049241781234741,-0.014340143650770187,-0.8630439043045044
22.37542500003474,0.0031149601563811302,2.380894422531128,1.0439751148223877,0.001006940146908164,-0.5038156509399414,-0.016257917508482933,-0.8636575937271118
22.380078200018033,0.003040255745872855,2.3805832862854004,1.0444484949111938,0.0018334194319322705,-0.5029387474060059,-0.019801612943410873,-0.8640933036804199
22.384071100037545,0.0030486639589071274,2.3804237842559814,1.045078158378601,0.0006434782990254462,-0.5032745599746704,-0.022329548373818398,-0.8638378381729126
22.38806550001027,0.0029843179509043694,2.380188226699829,1.0457507371902466,-0.0006679416983388364,-0.5035715103149414,-0.022175215184688568,-0.8636686205863953
22.392068599991035,0.0029021352529525757,2.3799145221710205,1.0463171005249023,-0.0015962450997903943,-0.5036649107933044,-0.02220710925757885,-0.863612174987793
22.400596200022846,0.0028659740928560495,2.3793792724609375,1.0471934080123901,-0.0015796397347003222,-0.5038947463035583,-0.02332557551562786,-0.8634486198425293
22.404224800004158,0.0028659740928560495,2.3793792724609375,1.0471934080123901,-0.0015796397347003222,-0.5038947463035583,-0.02332557551562786,-0.8634486198425293
22.408795499999542,0.002963725943118334,2.378737211227417,1.0481843948364258,-0.001322079449892044,-0.5047959089279175,-0.02279198355972767,-0.862936794757843
22.412831800000276,0.0030211047269403934,2.3783185482025146,1.0486245155334473,-0.00032643339363858104,-0.5046390295028687,-0.0251340139657259,-0.8629645109176636
22.41706350003369,0.002882429864257574,2.377840280532837,1.0492732524871826,-0.0005353057058528066,-0.5055800080299377,-0.022625885903835297,-0.8624828457832336
22.421050400007516,0.0028637931682169437,2.3774867057800293,1.0497865676879883,-0.00015888988855294883,-0.5057240128517151,-0.023713547736406326,-0.8623693585395813
22.42519259999972,0.0029118312522768974,2.3772034645080566,1.050234317779541,-0.00024281817604787648,-0.5057394504547119,-0.025009624660015106,-0.8623237013816833
22.42972459999146,0.002971552312374115,2.376861572265625,1.0507112741470337,-0.0006712035392411053,-0.505918562412262,-0.026300789788365364,-0.8621799349784851
22.433608199993614,0.0030552460812032223,2.376556634902954,1.0511996746063232,-0.0011347023537382483,-0.5064390897750854,-0.026342324912548065,-0.8618725538253784
22.437913100002334,0.0031684087589383125,2.376173496246338,1.0515979528427124,-0.0016893327701836824,-0.5072507262229919,-0.025408955290913582,-0.8614222407341003
22.44207390001975,0.003231286071240902,2.375664472579956,1.0520578622817993,-0.0015077299904078245,-0.507581353187561,-0.02397620491683483,-0.861268937587738
22.446105899987742,0.0032980535179376602,2.375115156173706,1.0525318384170532,-0.0014394765021279454,-0.5078484416007996,-0.0252095777541399,-0.861076295375824
22.452120100031607,0.003299003466963768,2.3746988773345947,1.0531548261642456,-0.002582895802333951,-0.5088454484939575,-0.023718610405921936,-0.8605273365974426
22.45628270000452,0.00330951064825058,2.3742802143096924,1.0537174940109253,-0.0028937077149748802,-0.5091179013252258,-0.023713670670986176,-0.8603652119636536
22.460441200004425,0.003315492533147335,2.373771905899048,1.0543570518493652,-0.003407833632081747,-0.5094268918037415,-0.025682669132947922,-0.860123872756958
22.464877900027204,0.0032814480364322662,2.3732783794403076,1.0549837350845337,-0.0041650766506791115,-0.5095739960670471,-0.025587700307369232,-0.8600361943244934
22.46920880000107,0.003316321410238743,2.3727784156799316,1.0555864572525024,-0.004738448187708855,-0.5092553496360779,-0.02842838689684868,-0.8601327538490295
22.473342999990564,0.0033679483458399773,2.3721396923065186,1.0561962127685547,-0.007042636163532734,-0.5098174810409546,-0.03003021702170372,-0.859729528427124
22.477864800021052,0.003266999963670969,2.37157940864563,1.0571759939193726,-0.00927323754876852,-0.510145366191864,-0.02855950966477394,-0.8595638871192932
22.48207289999118,0.003111847210675478,2.37090802192688,1.0580040216445923,-0.009243509732186794,-0.5100022554397583,-0.028983348980545998,-0.8596349358558655
22.486547200009227,0.0030014943331480026,2.370307207107544,1.0587148666381836,-0.008709101006388664,-0.5091095566749573,-0.031387537717819214,-0.860085129737854
22.490022999991197,0.0028234291821718216,2.3696701526641846,1.0595135688781738,-0.009938366711139679,-0.5082802772521973,-0.03171544894576073,-0.8605501055717468
22.49413690000074,0.002693351823836565,2.368969678878784,1.0603693723678589,-0.010516831651329994,-0.5077841877937317,-0.032526444643735886,-0.860805869102478
22.498048500041477,0.002430994063615799,2.3683488368988037,1.0612162351608276,-0.010930188000202179,-0.5081877708435059,-0.034896839410066605,-0.8604696393013
22.502643599989824,0.002271183766424656,2.3676013946533203,1.0619701147079468,-0.01217327918857336,-0.5074448585510254,-0.03770223259925842,-0.8607730269432068
22.50680969998939,0.002118215896189213,2.3669185638427734,1.0626206398010254,-0.013027230277657509,-0.5075632929801941,-0.04061296582221985,-0.8605583310127258
22.511686699988786,0.0019761817529797554,2.3663296699523926,1.063351035118103,-0.013205304741859436,-0.5068222284317017,-0.04213006794452667,-0.8609192371368408
22.51678930001799,0.001459338702261448,2.364941120147705,1.064863681793213,-0.013956388458609581,-0.507671058177948,-0.03951527550816536,-0.860531210899353
22.521418599993922,0.0012281490489840508,2.364177942276001,1.0656017065048218,-0.013816570863127708,-0.5080231428146362,-0.04167146235704422,-0.8602238297462463
22.52552550000837,0.001018342562019825,2.3635413646698,1.0663275718688965,-0.012766456231474876,-0.5071902871131897,-0.04337754845619202,-0.8606471419334412
22.529574399988633,0.0007060002535581589,2.3629202842712402,1.0674169063568115,-0.013539528474211693,-0.5077534317970276,-0.042477983981370926,-0.860348105430603
22.53410630003782,0.0005106404423713684,2.3621256351470947,1.0682036876678467,-0.014496585354208946,-0.5081810355186462,-0.04295632988214493,-0.8600562214851379
22.53779219998978,0.00036318879574537277,2.3614723682403564,1.068909764289856,-0.014458178542554379,-0.5075598955154419,-0.04494291543960571,-0.8603220582008362
22.54238150001038,0.00019104965031147003,2.3606536388397217,1.0697182416915894,-0.013088716194033623,-0.5066236853599548,-0.04787062108516693,-0.8607378602027893
22.546481300028972,-5.7629309594631195e-05,2.3599178791046143,1.0705262422561646,-0.01291658915579319,-0.5070828199386597,-0.04735909402370453,-0.860498309135437
22.550075400038622,-5.7629309594631195e-05,2.3599178791046143,1.0705262422561646,-0.01291658915579319,-0.5070828199386597,-0.04735909402370453,-0.860498309135437
22.554941200010944,-0.00032292166724801064,2.3583033084869385,1.0720731019973755,-0.016180265694856644,-0.5088275671005249,-0.04266422986984253,-0.8596583604812622
22.559057700040285,-0.0004901948850601912,2.3576924800872803,1.0728317499160767,-0.01608509011566639,-0.5081437230110168,-0.04347340762615204,-0.8600240349769592
22.56292639998719,-0.0006814373191446066,2.357027292251587,1.0736563205718994,-0.015669122338294983,-0.5072259306907654,-0.04610322415828705,-0.8604363799095154
22.56714759999886,-0.0008465643040835857,2.3562450408935547,1.0745980739593506,-0.01629483886063099,-0.5064821243286133,-0.04922040179371834,-0.8606902956962585
22.57108970003901,-0.0009705349802970886,2.3554115295410156,1.0753324031829834,-0.017580779269337654,-0.5079148411750793,-0.04957905784249306,-0.8597996234893799
22.57592770003248,-0.0011476706713438034,2.354724168777466,1.0759772062301636,-0.017852535471320152,-0.5079141855239868,-0.047953493893146515,-0.8598865866661072
22.580436500022188,-0.0014726389199495316,2.3540518283843994,1.07688307762146,-0.01884530298411846,-0.5071992874145508,-0.04779193177819252,-0.8602963089942932
22.5843347000191,-0.001804158091545105,2.353334665298462,1.077621579170227,-0.018502380698919296,-0.5073527097702026,-0.04776250943541527,-0.86021488904953
22.588065000018105,-0.0019795773550868034,2.3526458740234375,1.0783073902130127,-0.01851123943924904,-0.5072904229164124,-0.04889024794101715,-0.8601880669593811
22.59210070001427,-0.002141422126442194,2.3518049716949463,1.0790022611618042,-0.01980915293097496,-0.507188618183136,-0.049567122012376785,-0.8601804971694946
22.59628649998922,-0.0023920522071421146,2.3510372638702393,1.0798330307006836,-0.0214222501963377,-0.5076686143875122,-0.04715500771999359,-0.8599942922592163
22.600331900001038,-0.002787178847938776,2.350327253341675,1.0807936191558838,-0.020289422944188118,-0.5077757835388184,-0.049633610993623734,-0.8598189949989319
22.604508900025394,-0.0030521973967552185,2.3496687412261963,1.0814839601516724,-0.019854996353387833,-0.507100522518158,-0.049335651099681854,-0.8602445721626282
22.608694299997296,-0.00345442071557045,2.348921298980713,1.0823521614074707,-0.019911276176571846,-0.504580557346344,-0.05165665224194527,-0.8615878820419312
22.61278329999186,-0.0037643443793058395,2.3480708599090576,1.0831605195999146,-0.020077044144272804,-0.5058571100234985,-0.052065715193748474,-0.8608104586601257
22.617273900017608,-0.004162234719842672,2.347287654876709,1.0839422941207886,-0.02000563032925129,-0.5058310031890869,-0.0520157516002655,-0.8608304858207703
22.621178600005805,-0.004506411962211132,2.3466286659240723,1.0845999717712402,-0.018873360008001328,-0.5051528215408325,-0.052529238164424896,-0.8612231016159058
22.625512600003276,-0.0048563191667199135,2.3458304405212402,1.0852583646774292,-0.019042566418647766,-0.5051924586296082,-0.05170748010277748,-0.8612458109855652
22.630112599988934,-0.005235716234892607,2.3451242446899414,1.085797667503357,-0.018278710544109344,-0.5055351853370667,-0.05196678265929222,-0.8610456585884094
22.63383160001831,-0.005600024946033955,2.3444106578826904,1.0864542722702026,-0.01725015975534916,-0.5058275461196899,-0.05272335186600685,-0.860849142074585
22.638668300001882,-0.006029786542057991,2.343639373779297,1.0871310234069824,-0.01675073243677616,-0.5062445402145386,-0.05265919491648674,-0.8606177568435669
22.642367799999192,-0.006429622415453196,2.343085765838623,1.0876590013504028,-0.01665690168738365,-0.5066555142402649,-0.05190335214138031,-0.8604236245155334
22.645996600040235,-0.006429622415453196,2.343085765838623,1.0876590013504028,-0.01665690168738365,-0.5066555142402649,-0.05190335214138031,-0.8604236245155334
22.64952340000309,-0.006429622415453196,2.343085765838623,1.0876590013504028,-0.01665690168738365,-0.5066555142402649,-0.05190335214138031,-0.8604236245155334
22.65333370002918,-0.0068676830269396305,2.3424954414367676,1.0881720781326294,-0.01621812768280506,-0.506994366645813,-0.051179226487874985,-0.8602757453918457
22.658536200004164,-0.008368119597434998,2.340531349182129,1.0898741483688354,-0.012584307231009007,-0.5068714022636414,-0.05296420305967331,-0.8603010177612305
22.662767800036818,-0.008872559294104576,2.3398830890655518,1.090602159500122,-0.010911219753324986,-0.5065524578094482,-0.052807316184043884,-0.8605213165283203
22.667190500011202,-0.009261323139071465,2.339155912399292,1.0912704467773438,-0.01086653396487236,-0.5064710378646851,-0.05233012139797211,-0.8605990409851074
22.671517300012056,-0.009863285347819328,2.3384716510772705,1.0918289422988892,-0.008982839062809944,-0.5061203241348267,-0.053659334778785706,-0.8607451319694519
22.675419000035618,-0.010256510227918625,2.3378827571868896,1.0924566984176636,-0.008642612025141716,-0.5064311027526855,-0.0525621734559536,-0.8606335520744324
22.679521600017324,-0.010546911507844925,2.3371622562408447,1.0932060480117798,-0.008033332414925098,-0.506227970123291,-0.054060254245996475,-0.8606660962104797
22.683619200019166,-0.011008961126208305,2.336472511291504,1.0939197540283203,-0.00730259669944644,-0.5062886476516724,-0.05437599867582321,-0.8606170415878296
22.687964599987026,-0.01134658046066761,2.3358144760131836,1.0944327116012573,-0.005894724745303392,-0.5057637095451355,-0.056527066975831985,-0.8607978820800781
22.692620099987835,-0.011732956394553185,2.3353497982025146,1.0951669216156006,-0.005703568458557129,-0.5054216980934143,-0.05585896223783493,-0.8610436320304871
22.69637409999268,-0.012107109650969505,2.334653854370117,1.0959147214889526,-0.006864603143185377,-0.5061073899269104,-0.05527510121464729,-0.8606700897216797
22.701151399989612,-0.012422610074281693,2.334054708480835,1.0964409112930298,-0.0065276711247861385,-0.5061635375022888,-0.05626155063509941,-0.8605757355690002
22.70507930003805,-0.012858402915298939,2.333584785461426,1.0968252420425415,-0.00564860925078392,-0.506155252456665,-0.05773112550377846,-0.8604894876480103
22.708716200024355,-0.012858402915298939,2.333584785461426,1.0968252420425415,-0.00564860925078392,-0.506155252456665,-0.05773112550377846,-0.8604894876480103
22.712251899996772,-0.012858402915298939,2.333584785461426,1.0968252420425415,-0.00564860925078392,-0.506155252456665,-0.05773112550377846,-0.8604894876480103
22.716685999999754,-0.014202200807631016,2.332186460494995,1.0983701944351196,-0.0022894074209034443,-0.5058081746101379,-0.05664524435997009,-0.8607811331748962
22.72146500000963,-0.01458205096423626,2.3317549228668213,1.0988011360168457,-0.002581836888566613,-0.5053929090499878,-0.05618169903755188,-0.861054539680481
22.725692000007257,-0.015035922639071941,2.331310749053955,1.0991066694259644,-0.0019511664286255836,-0.5056329369544983,-0.05756670609116554,-0.8608237504959106
22.731833600031678,-0.015494282357394695,2.3309390544891357,1.0994328260421753,-0.0003872647066600621,-0.5055851936340332,-0.05655929073691368,-0.8609207272529602
22.736134900012985,-0.015895087271928787,2.330395221710205,1.0998021364212036,0.0007478428888134658,-0.5057908296585083,-0.0575496107339859,-0.8607340455055237
22.741711400041822,-0.01673223078250885,2.3295023441314697,1.1005748510360718,0.0035890773870050907,-0.5067726969718933,-0.057047825306653976,-0.8601826429367065
22.7460018999991,-0.017176136374473572,2.329117774963379,1.1010013818740845,0.004800890106707811,-0.5064263343811035,-0.05672452598810196,-0.8604021072387695
22.750430200016126,-0.017657430842518806,2.328670024871826,1.1013178825378418,0.0062993839383125305,-0.5066123008728027,-0.057781703770160675,-0.8602124452590942
22.75513659999706,-0.018221762031316757,2.3283116817474365,1.1016364097595215,0.007673080079257488,-0.5067654848098755,-0.05691144987940788,-0.8601691722869873
22.75872340000933,-0.018814321607351303,2.327857494354248,1.102034568786621,0.008954494260251522,-0.5076863765716553,-0.05717654898762703,-0.8595959544181824
22.76347510004416,-0.01931038312613964,2.32749342918396,1.1023039817810059,0.009832266718149185,-0.5071134567260742,-0.05794299393892288,-0.8598731756210327
22.767400500015356,-0.019723402336239815,2.3272268772125244,1.1025760173797607,0.010595797561109066,-0.5068268775939941,-0.058509621769189835,-0.8599947690963745
22.7712104000384,-0.0201562587171793,2.3269124031066895,1.1027536392211914,0.011772418394684792,-0.5063175559043884,-0.06120521202683449,-0.8600918650627136
22.776063200028148,-0.02067345194518566,2.3265998363494873,1.1031452417373657,0.012234030291438103,-0.506106436252594,-0.059715017676353455,-0.8603143095970154
22.779852200008463,-0.02119745872914791,2.326188087463379,1.1035690307617188,0.01274764072149992,-0.5058217644691467,-0.05855616554617882,-0.8605539202690125
22.783754400035832,-0.02172801084816456,2.3257524967193604,1.104116678237915,0.013852122239768505,-0.5064173936843872,-0.06023484468460083,-0.860070526599884
22.787815599993337,-0.022237922996282578,2.325366735458374,1.1044940948486328,0.013347768224775791,-0.5067299604415894,-0.05979548394680023,-0.8599250316619873
22.79210520000197,-0.022628340870141983,2.3250293731689453,1.1048051118850708,0.013554747216403484,-0.5066347122192383,-0.060347624123096466,-0.8599393963813782
22.796586700016633,-0.023126253858208656,2.3246307373046875,1.1050937175750732,0.012759227305650711,-0.507663369178772,-0.05961088091135025,-0.8593960404396057
22.80033390002791,-0.023505106568336487,2.3242502212524414,1.1054835319519043,0.01351540070027113,-0.5080323219299316,-0.05914204940199852,-0.8591988682746887
22.804652600025292,-0.024148235097527504,2.3238091468811035,1.1061296463012695,0.015013547614216805,-0.5071167349815369,-0.060096267610788345,-0.859648585319519
22.8087208000361,-0.024565264582633972,2.323418140411377,1.10653817653656,0.01594005897641182,-0.5059199333190918,-0.062495701014995575,-0.8601657748222351
22.81284950004192,-0.024986350908875465,2.3230881690979004,1.1067638397216797,0.01640581712126732,-0.5057241320610046,-0.06146150827407837,-0.8603467345237732
22.817277599999215,-0.025347881019115448,2.3227598667144775,1.106947898864746,0.0161101296544075,-0.5060130953788757,-0.06068555638194084,-0.8602374196052551
22.821189899987075,-0.025740360841155052,2.322404623031616,1.1072601079940796,0.016483308747410774,-0.5067934989929199,-0.06035732850432396,-0.8597939610481262
22.825613600027282,-0.026239309459924698,2.322129249572754,1.107494592666626,0.017509235069155693,-0.5068361759185791,-0.060214582830667496,-0.8597584962844849
22.82944410003256,-0.026756325736641884,2.3217556476593018,1.1078778505325317,0.018457792699337006,-0.5070074796676636,-0.060462575405836105,-0.8596202731132507
22.833585800020956,-0.02710261382162571,2.3214762210845947,1.10819673538208,0.019353285431861877,-0.5071044564247131,-0.06016412749886513,-0.8595642447471619
22.8385108000366,-0.027505775913596153,2.321132183074951,1.1083652973175049,0.020217323675751686,-0.506779134273529,-0.06127873435616493,-0.8596575260162354
22.84237359999679,-0.02791740745306015,2.3208982944488525,1.1085516214370728,0.020845936611294746,-0.5074831247329712,-0.06155004724860191,-0.859207808971405
22.848061400000006,-0.02823983132839203,2.320652723312378,1.1087040901184082,0.02114933542907238,-0.5079735517501831,-0.061269935220479965,-0.8589304685592651
22.85253820003709,-0.028701052069664,2.3204288482666016,1.1087849140167236,0.02204611524939537,-0.5087304711341858,-0.06072170287370682,-0.8584988117218018
22.856419400020968,-0.029071927070617676,2.320188283920288,1.1088752746582031,0.02268613874912262,-0.5092160105705261,-0.060031525790691376,-0.8582427501678467
22.86104410002008,-0.029502807185053825,2.319783926010132,1.1091821193695068,0.02402503974735737,-0.5106434226036072,-0.06069798767566681,-0.8573108911514282
22.865006200037897,-0.029898662120103836,2.3195078372955322,1.1094557046890259,0.024464456364512444,-0.5099127292633057,-0.06063048914074898,-0.8577379584312439
22.868836100038607,-0.030224325135350227,2.319338083267212,1.1097549200057983,0.024637537077069283,-0.5099432468414307,-0.06069793924689293,-0.8577101230621338
22.872953600017354,-0.0304777380079031,2.319082736968994,1.1099879741668701,0.0237935371696949,-0.510688841342926,-0.06032145023345947,-0.857316792011261
22.876965200004634,-0.03073597326874733,2.318866491317749,1.1101864576339722,0.02334912307560444,-0.5114111304283142,-0.05993034318089485,-0.8569258451461792
22.881630500021856,-0.031028589233756065,2.3186426162719727,1.1106034517288208,0.02321166917681694,-0.5115883350372314,-0.05796895921230316,-0.8569587469100952
22.885598200024106,-0.03139619156718254,2.3184621334075928,1.1109251976013184,0.02362300455570221,-0.511583149433136,-0.0576457716524601,-0.856972336769104
22.88976570003433,-0.03174767643213272,2.31827449798584,1.1111302375793457,0.023876642808318138,-0.5117254257202148,-0.05836748704314232,-0.8568314909934998
22.89372650004225,-0.031974777579307556,2.3180506229400635,1.111412763595581,0.023761456832289696,-0.5120745301246643,-0.05878698453307152,-0.8565974235534668
22.897959700028878,-0.032230086624622345,2.317894220352173,1.1118735074996948,0.024903010576963425,-0.5118952393531799,-0.059451792389154434,-0.8566262722015381
22.90248829999473,-0.03252548724412918,2.3177247047424316,1.1121822595596313,0.025332065299153328,-0.5113232731819153,-0.06063433736562729,-0.8568723797798157
22.90662100003101,-0.03283824771642685,2.3175671100616455,1.1125147342681885,0.025224478915333748,-0.5108147263526917,-0.06148774176836014,-0.8571180105209351
22.910585000005085,-0.03308080509305,2.3173630237579346,1.112886667251587,0.025161776691675186,-0.5108011960983276,-0.062250737100839615,-0.8570728302001953
22.914759300008882,-0.03339194133877754,2.317275285720825,1.1132738590240479,0.024865176528692245,-0.5111576914787292,-0.06133851036429405,-0.8569347262382507
22.918995500018355,-0.03366485610604286,2.3170969486236572,1.1136881113052368,0.02511308342218399,-0.510490357875824,-0.06253658980131149,-0.8572387099266052
22.92313720000675,-0.03405541926622391,2.3169796466827393,1.1140412092208862,0.025389034301042557,-0.5110054612159729,-0.06259801983833313,-0.8569191098213196
22.927831500011962,-0.03435397893190384,2.316903591156006,1.1143063306808472,0.025735778734087944,-0.511476457118988,-0.06088363379240036,-0.8567512631416321
22.931929300015327,-0.03467700257897377,2.316861391067505,1.1145620346069336,0.027039099484682083,-0.5106987357139587,-0.06188642978668213,-0.857103168964386
22.93602090002969,-0.034916702657938004,2.316805124282837,1.1148732900619507,0.027977557852864265,-0.5108047723770142,-0.06202838569879532,-0.8569995164871216
22.939635800023098,-0.03525547310709953,2.316749095916748,1.1151123046875,0.028506919741630554,-0.5107344388961792,-0.061510536819696426,-0.8570613265037537
22.943776900006924,-0.035527803003787994,2.3166511058807373,1.11539626121521,0.030080348253250122,-0.5108429789543152,-0.06335724145174026,-0.8568084239959717
22.94754240004113,-0.03573320060968399,2.3166210651397705,1.115597128868103,0.03080742061138153,-0.5110539197921753,-0.06375294923782349,-0.856627345085144
22.95126290002372,-0.03600844740867615,2.316710948944092,1.1158524751663208,0.030991775915026665,-0.5117412805557251,-0.06431476026773453,-0.856168270111084
22.955000400019344,-0.036260638386011124,2.3167359828948975,1.116057276725769,0.03136451169848442,-0.512022852897644,-0.06374835968017578,-0.8560286164283752
22.959010099992156,-0.036504656076431274,2.316758394241333,1.1163198947906494,0.031999483704566956,-0.5123492479324341,-0.06404906511306763,-0.8557873368263245
22.96786959999008,-0.03704181686043739,2.3168399333953857,1.116736888885498,0.03270871564745903,-0.5131394267082214,-0.06285172700881958,-0.8553758263587952
22.971513400028925,-0.03725529462099075,2.316882371902466,1.1169347763061523,0.03316017612814903,-0.5133130550384521,-0.06311588734388351,-0.8552348017692566
22.975475200044457,-0.03742627054452896,2.3168981075286865,1.1171414852142334,0.03365252912044525,-0.5135730504989624,-0.06316135078668594,-0.8550560474395752
22.97965590003878,-0.03759278357028961,2.3169174194335938,1.117376685142517,0.03416719660162926,-0.5139169096946716,-0.0633615106344223,-0.8548141717910767
22.983703900012188,-0.03789965435862541,2.316866159439087,1.1177184581756592,0.03455336391925812,-0.5143285393714905,-0.06336884945631027,-0.8545505404472351
22.987456400005613,-0.03789965435862541,2.316866159439087,1.1177184581756592,0.03455336391925812,-0.5143285393714905,-0.06336884945631027,-0.8545505404472351
22.994607000029646,-0.038274891674518585,2.316755771636963,1.118401288986206,0.03621120750904083,-0.5146498680114746,-0.0624140165746212,-0.8543586730957031
22.99948320002295,-0.03847754746675491,2.3168067932128906,1.1187419891357422,0.03652335703372955,-0.5150038003921509,-0.06131582707166672,-0.854211688041687
23.0049942000187,-0.038756612688302994,2.3168890476226807,1.1192042827606201,0.03710063546895981,-0.5152503848075867,-0.06154254078865051,-0.8540217280387878
23.01043710001977,-0.038756612688302994,2.3168890476226807,1.1192042827606201,0.03710063546895981,-0.5152503848075867,-0.06154254078865051,-0.8540217280387878
23.014135600009467,-0.03886104375123978,2.316929817199707,1.1193865537643433,0.03744468837976456,-0.5154227018356323,-0.06149342283606529,-0.8539062738418579
23.017710699990857,-0.03900798410177231,2.316938877105713,1.1197322607040405,0.038594186305999756,-0.5156909227371216,-0.06300047039985657,-0.8535831570625305
23.021668800036423,-0.03906327858567238,2.3169782161712646,1.1198657751083374,0.039062902331352234,-0.5160775184631348,-0.06299560517072678,-0.8533285856246948
23.025639100000262,-0.039141032844781876,2.3170711994171143,1.1200700998306274,0.040551234036684036,-0.515792191028595,-0.06361401081085205,-0.8533858060836792
23.0297926000203,-0.039170898497104645,2.3171534538269043,1.120235800743103,0.041489146649837494,-0.5156736969947815,-0.06346991658210754,-0.853422999382019
23.033880700008012,-0.039229582995176315,2.3172202110290527,1.1203562021255493,0.0425247959792614,-0.5159150958061218,-0.06351715326309204,-0.8532226085662842
23.037925200012978,-0.03929910808801651,2.317289352416992,1.1204698085784912,0.043266575783491135,-0.5163077712059021,-0.06339602172374725,-0.8529567718505859
23.04216260003159,-0.039335887879133224,2.317351818084717,1.120557188987732,0.043835610151290894,-0.5167540311813354,-0.06313779205083847,-0.8526765704154968
23.04621760000009,-0.03936079144477844,2.317453622817993,1.1205637454986572,0.04467426985502243,-0.5179268717765808,-0.06355730444192886,-0.851889967918396
23.05052779999096,-0.03936197608709335,2.317492723464966,1.1206341981887817,0.045350462198257446,-0.5187031030654907,-0.06261243671178818,-0.8514516949653625
23.0548254000023,-0.039375293999910355,2.3175926208496094,1.1206717491149902,0.04665644094347954,-0.5190398693084717,-0.06246675178408623,-0.8511866927146912
23.058690700039733,-0.03940654918551445,2.3177037239074707,1.1207618713378906,0.048120349645614624,-0.518916130065918,-0.06260766834020615,-0.8511703014373779
23.062826300039887,-0.03949841484427452,2.3177099227905273,1.1207901239395142,0.04933109134435654,-0.5186609625816345,-0.06375439465045929,-0.8511713147163391
23.067043100018054,-0.03951375558972359,2.3177497386932373,1.1209248304367065,0.050138216465711594,-0.5185506939888,-0.0643191933631897,-0.8511488437652588
23.071129899995867,-0.03946651145815849,2.3177759647369385,1.1210323572158813,0.050743989646434784,-0.5189566016197205,-0.06419139355421066,-0.8508752584457397
23.075602299999446,-0.0395091250538826,2.317819356918335,1.1212189197540283,0.05081895366311073,-0.5198304057121277,-0.06496129930019379,-0.8502786755561829
23.079810100025497,-0.039429813623428345,2.317861557006836,1.121497392654419,0.05059529468417168,-0.5202887654304504,-0.06333590298891068,-0.8501342535018921
23.08385310001904,-0.03942583501338959,2.3177311420440674,1.1219221353530884,0.05052868649363518,-0.5213767290115356,-0.06287289410829544,-0.8495059013366699
23.08798150002258,-0.039321478456258774,2.317647695541382,1.1221189498901367,0.050961799919605255,-0.5214157700538635,-0.06175282225012779,-0.8495381474494934
23.091952199989464,-0.03937773406505585,2.3176236152648926,1.1223745346069336,0.050848934799432755,-0.521294891834259,-0.06253761798143387,-0.8495616912841797
23.096255300042685,-0.03934166952967644,2.317617654800415,1.1226762533187866,0.05093017965555191,-0.5218377709388733,-0.06173029541969299,-0.8492825031280518
23.100367700040806,-0.03924305737018585,2.3175647258758545,1.1228365898132324,0.05117766931653023,-0.5220941305160522,-0.06169435381889343,-0.8491127490997314
23.104794899991248,-0.039163246750831604,2.3174421787261963,1.1230288743972778,0.05197501182556152,-0.5227424502372742,-0.0633455142378807,-0.848543643951416
23.10873159999028,-0.03909239172935486,2.3173751831054688,1.1231826543807983,0.052347637712955475,-0.5232732892036438,-0.06314584612846375,-0.8482083678245544
23.114830200036522,-0.039021097123622894,2.3173129558563232,1.1232916116714478,0.052938997745513916,-0.5235973000526428,-0.06335164606571198,-0.8479562997817993
23.11880709999241,-0.03899190202355385,2.3172426223754883,1.1233925819396973,0.05351826921105385,-0.5239768028259277,-0.06313156336545944,-0.847701907157898
23.122988199989777,-0.039003632962703705,2.3172032833099365,1.1235685348510742,0.053813111037015915,-0.524189293384552,-0.06583420187234879,-0.8473462462425232
23.127147899998818,-0.038868166506290436,2.3170557022094727,1.1236553192138672,0.05507957190275192,-0.5249394774436951,-0.06605948507785797,-0.8467827439308167
23.13186200003838,-0.03881067782640457,2.31695818901062,1.1237294673919678,0.05572805553674698,-0.5254431366920471,-0.06589321047067642,-0.8464407324790955
23.135984399996232,-0.03879198431968689,2.316852331161499,1.1237993240356445,0.05637967959046364,-0.5258512496948242,-0.06574461609125137,-0.8461557030677795
23.140886100009084,-0.03874041885137558,2.316739320755005,1.1238532066345215,0.057197172194719315,-0.5263195633888245,-0.065629743039608,-0.8458185195922852
23.146510899998248,-0.03870708867907524,2.3164615631103516,1.1240686178207397,0.0591808520257473,-0.5276569128036499,-0.06479397416114807,-0.8449127674102783
23.150704900035635,-0.038650237023830414,2.3163230419158936,1.1241719722747803,0.06018783524632454,-0.5281782746315002,-0.06419046223163605,-0.8445618748664856
23.154417200013995,-0.03855569660663605,2.3161957263946533,1.1243014335632324,0.061013054102659225,-0.5290786623954773,-0.06350435316562653,-0.8439908027648926
23.158754000032786,-0.03857114166021347,2.3159563541412354,1.1243942975997925,0.06245351955294609,-0.5298696160316467,-0.06163280829787254,-0.8435277342796326
23.163096000032965,-0.03852624446153641,2.315844774246216,1.1245157718658447,0.06316694617271423,-0.5304067730903625,-0.06075309216976166,-0.8432008624076843
23.167310799995903,-0.038470350205898285,2.3156957626342773,1.1245815753936768,0.06439685076475143,-0.5306351780891418,-0.06103537231683731,-0.8429436683654785
23.172506400034763,-0.03839510679244995,2.3156816959381104,1.1247971057891846,0.06511953473091125,-0.5315485596656799,-0.058032043278217316,-0.8425247073173523
23.176178900001105,-0.03829934448003769,2.3156909942626953,1.1247131824493408,0.06619495153427124,-0.5324239730834961,-0.055324651300907135,-0.8420701026916504
23.180088100023568,-0.03818735107779503,2.3156912326812744,1.1247882843017578,0.06716751307249069,-0.5330292582511902,-0.05282426252961159,-0.8417706489562988
23.18397080001887,-0.03813748061656952,2.315520763397217,1.1250633001327515,0.0676225870847702,-0.5328237414360046,-0.05158878117799759,-0.8419409394264221
23.18816429999424,-0.038098424673080444,2.3152694702148438,1.1253113746643066,0.0680386871099472,-0.5329280495643616,-0.05214714631438255,-0.8418070673942566
23.192203300015535,-0.038104645907878876,2.3150079250335693,1.1256080865859985,0.0687161386013031,-0.5335370302200317,-0.05175800994038582,-0.8413901925086975
23.196256200026255,-0.03794178366661072,2.3146743774414062,1.1257424354553223,0.06882746517658234,-0.5339682698249817,-0.05239502340555191,-0.8410680294036865
23.200411700003315,-0.03790827468037605,2.3143978118896484,1.1258928775787354,0.06923429667949677,-0.5344960689544678,-0.05143049731850624,-0.8407589197158813
23.204509900009725,-0.03794897347688675,2.3142154216766357,1.1261742115020752,0.06956126540899277,-0.5350574851036072,-0.050826068967580795,-0.8404115438461304
23.208908700034954,-0.03791914880275726,2.3139944076538086,1.1263803243637085,0.07028131932020187,-0.5349758863449097,-0.05016827955842018,-0.8404430150985718
23.21318419999443,-0.037952721118927,2.3138184547424316,1.1266175508499146,0.07063861936330795,-0.5352932214736938,-0.049921922385692596,-0.8402256369590759
23.21696420002263,-0.037812843918800354,2.3135266304016113,1.126949667930603,0.07085738331079483,-0.5359712243080139,-0.05011368170380592,-0.8397634625434875
23.221500499988906,-0.03776372969150543,2.3133463859558105,1.127261757850647,0.07159413397312164,-0.5360685586929321,-0.05086921527981758,-0.8395934104919434
23.229277000005823,-0.03775870054960251,2.3129091262817383,1.1278274059295654,0.07235247641801834,-0.5359677672386169,-0.051465678960084915,-0.8395563960075378
23.23385960003361,-0.03784516081213951,2.312619686126709,1.1280971765518188,0.0734303817152977,-0.5363070964813232,-0.053409311920404434,-0.8391246199607849
23.237989499990363,-0.03784153237938881,2.3123981952667236,1.128368616104126,0.07344108819961548,-0.536544919013977,-0.053276367485523224,-0.8389800786972046
23.242145300027914,-0.03784153237938881,2.3123981952667236,1.128368616104126,0.07344108819961548,-0.536544919013977,-0.053276367485523224,-0.8389800786972046
23.24695719999727,-0.0379573255777359,2.311892032623291,1.128867745399475,0.07452043145895004,-0.5357216596603394,-0.051433537155389786,-0.8395257592201233
23.2508745000232,-0.037981897592544556,2.3117616176605225,1.1291006803512573,0.07472951710224152,-0.5362261533737183,-0.048994891345500946,-0.8393310904502869
23.25469750002958,-0.037892118096351624,2.3114705085754395,1.1292691230773926,0.07607749849557877,-0.5360388159751892,-0.0500514879822731,-0.8392671346664429
23.258627900038846,-0.03790096193552017,2.3112504482269287,1.1294385194778442,0.07683248817920685,-0.5362040400505066,-0.0493709072470665,-0.8391332030296326
23.262850900006015,-0.03791810944676399,2.3110711574554443,1.1295713186264038,0.07728555798530579,-0.5364065766334534,-0.04917256161570549,-0.8389737010002136
23.26750549999997,-0.03802887350320816,2.3109097480773926,1.1297968626022339,0.07761736214160919,-0.5370483994483948,-0.04810815677046776,-0.8385941982269287
23.27121919998899,-0.038067616522312164,2.310682535171509,1.1301156282424927,0.07858546078205109,-0.5376826524734497,-0.0492749847471714,-0.8380296230316162
23.275517600006424,-0.038130514323711395,2.310448408126831,1.1303497552871704,0.0792929157614708,-0.5378890037536621,-0.050183530896902084,-0.8377766609191895
23.279638600011822,-0.03818017244338989,2.310265064239502,1.1305710077285767,0.07960981130599976,-0.538238525390625,-0.05004485696554184,-0.8375303745269775
23.28403670003172,-0.038134101778268814,2.310051441192627,1.1308873891830444,0.08000633120536804,-0.5384746789932251,-0.050887614488601685,-0.8372899889945984
23.28804419998778,-0.03815354034304619,2.3098504543304443,1.1310951709747314,0.08023685216903687,-0.5381082892417908,-0.053432248532772064,-0.8373449444770813
23.292416999989655,-0.038134731352329254,2.3095765113830566,1.1312992572784424,0.0797361359000206,-0.5386565923690796,-0.05193518102169037,-0.8371344208717346
23.296264600008726,-0.0381234772503376,2.309333086013794,1.1316285133361816,0.07915287464857101,-0.5384113788604736,-0.051365431398153305,-0.8373826742172241
23.299648199987132,-0.0381234772503376,2.309333086013794,1.1316285133361816,0.07915287464857101,-0.5384113788604736,-0.051365431398153305,-0.8373826742172241
23.304690600023605,-0.03815417364239693,2.3089535236358643,1.1322085857391357,0.0781501829624176,-0.5381842851638794,-0.05027458816766739,-0.8376888632774353
23.308662900002673,-0.038229800760746,2.3087356090545654,1.1324410438537598,0.07821108400821686,-0.5384226441383362,-0.05006064847111702,-0.8375428318977356
23.313649700023234,-0.03829849138855934,2.3085134029388428,1.1327886581420898,0.07887779176235199,-0.5381583571434021,-0.05048900470137596,-0.8376244902610779
23.318062300037127,-0.03830315172672272,2.308326482772827,1.1331995725631714,0.07896296679973602,-0.5380005240440369,-0.050889138132333755,-0.8376936316490173
23.321595899993554,-0.03844290226697922,2.3081631660461426,1.133558988571167,0.0787837952375412,-0.5382358431816101,-0.05078721046447754,-0.8375654816627502
23.32510120002553,-0.03844290226697922,2.3081631660461426,1.133558988571167,0.0787837952375412,-0.5382358431816101,-0.05078721046447754,-0.8375654816627502
23.329648400016595,-0.038534149527549744,2.3077056407928467,1.1340053081512451,0.07919221371412277,-0.5376009345054626,-0.05387270450592041,-0.8377419114112854
23.334032899991143,-0.03859318047761917,2.307504415512085,1.1343268156051636,0.07890617847442627,-0.5371362566947937,-0.053367968648672104,-0.8380992412567139
23.33854640001664,-0.03864296153187752,2.3072891235351562,1.1345388889312744,0.07960474491119385,-0.5367210507392883,-0.055206187069416046,-0.8381801247596741
23.342758300015703,-0.038669947534799576,2.3071279525756836,1.1348395347595215,0.07982644438743591,-0.5371025204658508,-0.05318710207939148,-0.8380452394485474
23.347001400019508,-0.03871431574225426,2.306959629058838,1.135087490081787,0.08032812923192978,-0.5368510484695435,-0.05299048125743866,-0.8381708264350891
23.350667499995325,-0.038782473653554916,2.306826591491699,1.1352784633636475,0.0804331973195076,-0.5367550849914551,-0.053192563354969025,-0.8382094502449036
23.354503600043245,-0.03890296816825867,2.3066277503967285,1.1353880167007446,0.07977136969566345,-0.5368346571922302,-0.052689481526613235,-0.8382534980773926
23.358690200024284,-0.039016302675008774,2.3063676357269287,1.1356346607208252,0.0788094773888588,-0.5376387238502502,-0.05130435898900032,-0.8379150032997131
23.362234400003217,-0.039016302675008774,2.3063676357269287,1.1356346607208252,0.0788094773888588,-0.5376387238502502,-0.05130435898900032,-0.8379150032997131
23.3676293999888,-0.03919598460197449,2.306002616882324,1.1361064910888672,0.07878072559833527,-0.5380662083625793,-0.05313342437148094,-0.8375292420387268
23.373536200029776,-0.03934202343225479,2.305866241455078,1.136401891708374,0.07874853909015656,-0.537979781627655,-0.05340864509344101,-0.8375702500343323
23.378430999990087,-0.03959369659423828,2.305807590484619,1.1367260217666626,0.07826657593250275,-0.5384687185287476,-0.05096042528748512,-0.8374537825584412
23.38365870004054,-0.039824143052101135,2.3054635524749756,1.13741934299469,0.07783586531877518,-0.5380546450614929,-0.05149132013320923,-0.8377275466918945
23.387910999997985,-0.03990870341658592,2.3052456378936768,1.1377614736557007,0.07819367945194244,-0.5378051400184631,-0.05160202831029892,-0.8378475904464722
23.392130199994426,-0.0399056039750576,2.3049514293670654,1.1380703449249268,0.0785045251250267,-0.5371255874633789,-0.05458136275410652,-0.8380656242370605
23.396362700033933,-0.040065571665763855,2.304762363433838,1.13834547996521,0.07871086895465851,-0.5370299220085144,-0.05551435053348541,-0.8380463123321533
23.40063210000517,-0.04030630737543106,2.3045058250427246,1.138588547706604,0.07916208356618881,-0.5371429324150085,-0.055357735604047775,-0.8379417657852173
23.404460399993695,-0.040434692054986954,2.30431866645813,1.138746976852417,0.07859993726015091,-0.5371788144111633,-0.054803695529699326,-0.8380080461502075
23.408766600012314,-0.040572088211774826,2.3042070865631104,1.138990879058838,0.07864127308130264,-0.5369883179664612,-0.05446677282452583,-0.8381481766700745
23.412900700001046,-0.040709879249334335,2.3041000366210938,1.1392338275909424,0.07857018709182739,-0.5368460416793823,-0.05420500412583351,-0.8382630348205566
23.417072999989614,-0.04086081683635712,2.303983688354492,1.1394580602645874,0.07843571901321411,-0.5368705987930298,-0.05413319170475006,-0.838264524936676
23.421181900019292,-0.04112272709608078,2.3037967681884766,1.1398388147354126,0.07721924036741257,-0.536687433719635,-0.050568778067827225,-0.8387172222137451
23.425264700024854,-0.04134724289178848,2.303701639175415,1.1401461362838745,0.07745712995529175,-0.5366268157958984,-0.052199166268110275,-0.8386342525482178
23.429670500045177,-0.04147461801767349,2.3036623001098633,1.1404836177825928,0.0779232457280159,-0.5366868376731873,-0.05239315703511238,-0.8385405540466309
23.433627100021113,-0.04163065552711487,2.3035552501678467,1.1407501697540283,0.07798709720373154,-0.5367093682289124,-0.0531160905957222,-0.838474690914154
23.438360400032252,-0.041827112436294556,2.3034677505493164,1.140976071357727,0.07785303890705109,-0.5366172194480896,-0.05314984545111656,-0.8385438919067383
23.442104700021446,-0.04211730509996414,2.3033783435821533,1.1411235332489014,0.07771489769220352,-0.5360506772994995,-0.05292882025241852,-0.8389330506324768
23.446141200023703,-0.042321499437093735,2.303101062774658,1.1414260864257812,0.07773883640766144,-0.5354695320129395,-0.05541243776679039,-0.8391414880752563
23.450343000004068,-0.04247133806347847,2.302949905395508,1.1418565511703491,0.07774375379085541,-0.5354593396186829,-0.05480741336941719,-0.8391873240470886
23.45401360001415,-0.04247133806347847,2.302949905395508,1.1418565511703491,0.07774375379085541,-0.5354593396186829,-0.05480741336941719,-0.8391873240470886
23.45880910003325,-0.04290369153022766,2.3028063774108887,1.1421918869018555,0.07792936265468597,-0.5350527763366699,-0.05501581355929375,-0.8394157290458679
23.46295260003535,-0.0431409515440464,2.302701950073242,1.1425228118896484,0.07773232460021973,-0.5347315073013306,-0.054547958076000214,-0.8396692276000977
23.466940100013744,-0.04346246272325516,2.30273699760437,1.1428890228271484,0.07721434533596039,-0.5352426171302795,-0.05283351242542267,-0.8395010232925415
23.471219500002917,-0.04372140392661095,2.302729368209839,1.143110752105713,0.07687030732631683,-0.5353209376335144,-0.05287865176796913,-0.8394798040390015
23.479117800015956,-0.04434468597173691,2.302673578262329,1.1435869932174683,0.07738473266363144,-0.5354210734367371,-0.05445503443479538,-0.8392678499221802
23.482814299990423,-0.04434468597173691,2.302673578262329,1.1435869932174683,0.07738473266363144,-0.5354210734367371,-0.05445503443479538,-0.8392678499221802
23.48782390000997,-0.04491855204105377,2.302680015563965,1.1439776420593262,0.07732634991407394,-0.5349659323692322,-0.05497311055660248,-0.8395296335220337
23.492645899998024,-0.04523099958896637,2.3026349544525146,1.1441590785980225,0.07731392234563828,-0.5346158146858215,-0.056062158197164536,-0.83968186378479
23.50027650000993,-0.0458800345659256,2.3027257919311523,1.1445863246917725,0.07780946791172028,-0.5329135656356812,-0.057165954262018204,-0.8406432271003723
23.504752900043968,-0.046037107706069946,2.3027427196502686,1.144892930984497,0.07803452759981155,-0.5323954224586487,-0.057044751942157745,-0.8409587144851685
23.508752199995797,-0.04643113166093826,2.302835702896118,1.1450608968734741,0.0769052654504776,-0.5320973992347717,-0.05517721548676491,-0.8413759469985962
23.5133688999922,-0.046665988862514496,2.3029367923736572,1.1453837156295776,0.0762002095580101,-0.5321944355964661,-0.056349072605371475,-0.8413009643554688
23.517296500038356,-0.04688753932714462,2.302855968475342,1.1455107927322388,0.07718168944120407,-0.5316234230995178,-0.059229813516139984,-0.8413746953010559
23.52126120001776,-0.04717126116156578,2.3027398586273193,1.1459331512451172,0.07699646055698395,-0.5305665731430054,-0.06075725331902504,-0.8419497013092041
23.525630699994508,-0.04743681848049164,2.3026201725006104,1.1462249755859375,0.07645507901906967,-0.5307691097259521,-0.059603605419397354,-0.8419538140296936
23.529978300037328,-0.047635048627853394,2.302603244781494,1.1464558839797974,0.07621096819639206,-0.5306103229522705,-0.05949489027261734,-0.8420836925506592
23.53378789999988,-0.04784176126122475,2.3026676177978516,1.146714210510254,0.07540854066610336,-0.5308863520622253,-0.05743245780467987,-0.8421251177787781
23.53791110002203,-0.04805707186460495,2.3025574684143066,1.1468546390533447,0.075770303606987,-0.5305013656616211,-0.05916101112961769,-0.8422155976295471
23.542230600025505,-0.048276469111442566,2.3025496006011963,1.1470043659210205,0.07561255991458893,-0.5303189754486084,-0.05942270904779434,-0.8423262238502502
23.54656149999937,-0.04854300245642662,2.302537202835083,1.14711332321167,0.07538492977619171,-0.5299198627471924,-0.059458184987306595,-0.8425952792167664
23.550308700010646,-0.048810575157403946,2.302577018737793,1.1472822427749634,0.07505831122398376,-0.5299037098884583,-0.059891555458307266,-0.8426039218902588
23.5549809000222,-0.04906906560063362,2.3026676177978516,1.1473735570907593,0.0744628980755806,-0.5299251675605774,-0.0579683743417263,-0.842777669429779
23.55902700003935,-0.04936480522155762,2.30268931388855,1.1474640369415283,0.07429283112287521,-0.5298827886581421,-0.05756451189517975,-0.8428470492362976
23.562809400027618,-0.049749623984098434,2.302739381790161,1.1476269960403442,0.07404342293739319,-0.5306767225265503,-0.05667278170585632,-0.8424298167228699
23.567622000002302,-0.05001787096261978,2.3027849197387695,1.1477240324020386,0.0739249661564827,-0.5305461287498474,-0.05645463988184929,-0.8425371050834656
23.571096000028774,-0.050429925322532654,2.3028275966644287,1.1478327512741089,0.07384529709815979,-0.5294828414916992,-0.05609423667192459,-0.8432368040084839
23.575545100029558,-0.050737831741571426,2.3029160499572754,1.1481000185012817,0.0728190541267395,-0.5298194289207458,-0.05366085469722748,-0.8432729244232178
23.579518600017764,-0.05096825212240219,2.3028640747070312,1.1482194662094116,0.073053278028965,-0.5298759937286377,-0.05332585796713829,-0.8432384133338928
23.583792400022503,-0.051275767385959625,2.3028688430786133,1.1481633186340332,0.07283947616815567,-0.5299062132835388,-0.05357520654797554,-0.8432221412658691
23.58815510000568,-0.05152134969830513,2.302856683731079,1.1482793092727661,0.07279171794652939,-0.5296236276626587,-0.05379272252321243,-0.8433898687362671
23.592060399998445,-0.05180362984538078,2.3028032779693604,1.1485340595245361,0.07240279018878937,-0.5289868712425232,-0.053788650780916214,-0.8438231348991394
23.59621089999564,-0.052061863243579865,2.3028035163879395,1.1487014293670654,0.07216475158929825,-0.5288031697273254,-0.05376548692584038,-0.843960165977478
23.6002342000138,-0.052345339208841324,2.302826166152954,1.1488845348358154,0.07256331294775009,-0.5281374454498291,-0.05413294583559036,-0.8443193435668945
23.604800400033128,-0.052622485905885696,2.3028340339660645,1.1490081548690796,0.07270263880491257,-0.5279685258865356,-0.05600219592452049,-0.8442911505699158
23.608831399993505,-0.052848007529973984,2.3028013706207275,1.1490050554275513,0.07241752743721008,-0.5281463861465454,-0.05533888563513756,-0.8442480564117432
23.612751200038474,-0.053047068417072296,2.3028135299682617,1.1490318775177002,0.07223924994468689,-0.5280559062957764,-0.05495687946677208,-0.8443447947502136
23.617109000042547,-0.053283967077732086,2.30283784866333,1.1490944623947144,0.07231365144252777,-0.5278970003128052,-0.05546214058995247,-0.8444048166275024
23.621136000030674,-0.053596075624227524,2.30300235748291,1.1492081880569458,0.07211558520793915,-0.5278535485267639,-0.0532304123044014,-0.8445925712585449
23.625437600014266,-0.05375802889466286,2.3030762672424316,1.1492289304733276,0.07218272238969803,-0.5275368094444275,-0.05309566855430603,-0.8447930812835693
23.62951250001788,-0.054012395441532135,2.3031675815582275,1.1491326093673706,0.0718192532658577,-0.5271592140197754,-0.05141817405819893,-0.8451635241508484
23.633691399998497,-0.05424309894442558,2.30318546295166,1.1491245031356812,0.07222510129213333,-0.5268014669418335,-0.05064386501908302,-0.8453986644744873
23.63813720003236,-0.0543888621032238,2.303238868713379,1.1491639614105225,0.07220181077718735,-0.5269209146499634,-0.050341080874204636,-0.8453443646430969
23.64234130003024,-0.054584525525569916,2.303267002105713,1.1492159366607666,0.07218422740697861,-0.5273662805557251,-0.04993123933672905,-0.8450924158096313
23.64624830003595,-0.054741889238357544,2.303314685821533,1.1492549180984497,0.0720624253153801,-0.5274451375007629,-0.049377817660570145,-0.8450860381126404
23.650605100032408,-0.05486597865819931,2.303370714187622,1.1492853164672852,0.07221118360757828,-0.5274499654769897,-0.049171775579452515,-0.8450824022293091
23.65460810001241,-0.054994624108076096,2.303422689437866,1.1493197679519653,0.07212989032268524,-0.5274465680122375,-0.0487150102853775,-0.8451178669929504
23.659947300038766,-0.05521858483552933,2.3035314083099365,1.1494418382644653,0.07179664820432663,-0.5278109908103943,-0.049287497997283936,-0.844885528087616
23.663537700020242,-0.055362798273563385,2.303591251373291,1.1494767665863037,0.07165424525737762,-0.5278141498565674,-0.04905078187584877,-0.8449094295501709
23.667123900027946,-0.055534400045871735,2.303778648376465,1.149586796760559,0.07086300104856491,-0.5281318426132202,-0.04757803678512573,-0.8448618650436401
23.671680300030857,-0.05566329136490822,2.303863286972046,1.1496307849884033,0.07074639201164246,-0.5281002521514893,-0.0473262257874012,-0.8449054956436157
23.675177400000393,-0.05566329136490822,2.303863286972046,1.1496307849884033,0.07074639201164246,-0.5281002521514893,-0.0473262257874012,-0.8449054956436157
23.679517100041267,-0.055901650339365005,2.304041862487793,1.1496161222457886,0.07035167515277863,-0.5282044410705566,-0.048029255121946335,-0.8448336720466614
23.683651600033045,-0.056001998484134674,2.304138422012329,1.1496347188949585,0.07008416205644608,-0.5281923413276672,-0.048198651522397995,-0.8448537588119507
23.68791030003922,-0.05611267685890198,2.304194450378418,1.1496608257293701,0.06983967125415802,-0.52821284532547,-0.04828009754419327,-0.8448566794395447
23.691997400019318,-0.05621383339166641,2.30425763130188,1.1497031450271606,0.06959683448076248,-0.5279926657676697,-0.04851377010345459,-0.8450008034706116
23.69611930003157,-0.05631905049085617,2.3042984008789062,1.1497429609298706,0.06938811391592026,-0.5278283357620239,-0.048466913402080536,-0.8451233506202698
23.700650800019503,-0.05643753334879875,2.304337739944458,1.1498242616653442,0.06935732066631317,-0.5276642441749573,-0.04883447661995888,-0.8452072143554688
23.704782199987676,-0.05655119568109512,2.3043341636657715,1.1498081684112549,0.06873495131731033,-0.5277614593505859,-0.04864377900958061,-0.8452084064483643
23.708729100006167,-0.05665092170238495,2.3044214248657227,1.1499435901641846,0.06920352578163147,-0.5273600816726685,-0.04898909106850624,-0.8454007506370544
23.71318220003741,-0.05678415670990944,2.3044233322143555,1.149966835975647,0.06895969808101654,-0.527081310749054,-0.049197908490896225,-0.8455823063850403
23.71696420002263,-0.05686567351222038,2.3044583797454834,1.1499512195587158,0.06876572221517563,-0.5270492434501648,-0.04921485111117363,-0.8456171154975891
23.721336400019936,-0.05701683834195137,2.3044540882110596,1.1499385833740234,0.06877587735652924,-0.5272922515869141,-0.04981202632188797,-0.8454297780990601
23.72638670000015,-0.057122960686683655,2.3045191764831543,1.1499145030975342,0.06848298013210297,-0.5274853706359863,-0.05055256187915802,-0.8452891111373901
23.729919700010214,-0.05720072239637375,2.30460262298584,1.1498041152954102,0.06801161170005798,-0.5274326205253601,-0.04956837370991707,-0.845418393611908
23.733883700042497,-0.05727432668209076,2.3046600818634033,1.1497153043746948,0.06779587268829346,-0.5275396704673767,-0.048777755349874496,-0.8454148769378662
23.737882799992803,-0.057432565838098526,2.304668426513672,1.1495404243469238,0.06769055128097534,-0.5271870493888855,-0.0486915223300457,-0.8456482291221619
23.742429100035224,-0.05750457942485809,2.304685115814209,1.1494553089141846,0.06768706440925598,-0.527111291885376,-0.04852034151554108,-0.8457056283950806
23.746501600020565,-0.05758506432175636,2.304713487625122,1.1492981910705566,0.06800247728824615,-0.5272192358970642,-0.04863106831908226,-0.8456066250801086
23.750468700018246,-0.05764910578727722,2.3047194480895996,1.1492066383361816,0.06793449074029922,-0.5272541046142578,-0.0486665740609169,-0.8455883264541626
23.755209500028286,-0.057712897658348083,2.304663896560669,1.1491210460662842,0.06801901012659073,-0.5272700786590576,-0.048695582896471024,-0.845569908618927
23.758738600008655,-0.05777178332209587,2.304628849029541,1.1490432024002075,0.06803233176469803,-0.5272679328918457,-0.048707447946071625,-0.8455694913864136
23.763021700026002,-0.05785759910941124,2.3045685291290283,1.148970603942871,0.06808739900588989,-0.5272035002708435,-0.048940811306238174,-0.8455917239189148
23.76703590003308,-0.05794022977352142,2.3043904304504395,1.1488316059112549,0.06892668455839157,-0.5266357064247131,-0.05215887352824211,-0.8456853032112122
23.771314700017683,-0.05800873786211014,2.3043558597564697,1.1487433910369873,0.06886959820985794,-0.5264948010444641,-0.0521819069981575,-0.8457761406898499
23.775610300013795,-0.05808372423052788,2.3043220043182373,1.1486364603042603,0.06880172342061996,-0.5264949798583984,-0.05189664661884308,-0.8457990884780884
23.77941690001171,-0.05825650319457054,2.304293155670166,1.1485404968261719,0.06858618557453156,-0.5271660089492798,-0.051887545734643936,-0.8453991413116455
23.78370090003591,-0.058326780796051025,2.304258346557617,1.1484044790267944,0.06823614984750748,-0.5272333025932312,-0.05146092176437378,-0.845411479473114
23.78785790002439,-0.058540210127830505,2.30430006980896,1.148238182067871,0.0680038258433342,-0.5266710519790649,-0.04985533654689789,-0.8458767533302307
23.792147300031502,-0.05865760147571564,2.3042824268341064,1.148112416267395,0.06796533614397049,-0.5265184640884399,-0.049783818423748016,-0.8459790349006653
23.796218600007705,-0.058750588446855545,2.304248332977295,1.1479662656784058,0.06764401495456696,-0.5266604423522949,-0.04936525598168373,-0.8459410071372986
23.800279700022656,-0.058835119009017944,2.304187774658203,1.1478142738342285,0.06755387783050537,-0.5267147421836853,-0.04913952946662903,-0.8459275364875793
23.804884999990463,-0.058948762714862823,2.304102659225464,1.1476441621780396,0.06766597926616669,-0.5268391370773315,-0.04845255985856056,-0.8458806872367859
23.8089006000082,-0.0590849407017231,2.304046630859375,1.1475207805633545,0.06742990016937256,-0.526961088180542,-0.04844874516129494,-0.8458237648010254
23.812929500010796,-0.059198927134275436,2.303992986679077,1.147412896156311,0.06739482283592224,-0.526992678642273,-0.04828176647424698,-0.845816433429718
23.817032799997833,-0.05932292342185974,2.3038668632507324,1.1472080945968628,0.06665053218603134,-0.5271454453468323,-0.04754476621747017,-0.8458219766616821
23.821253400004935,-0.05951722711324692,2.303865671157837,1.1471590995788574,0.06604324281215668,-0.5277350544929504,-0.04548126831650734,-0.8456153869628906
23.82544099999359,-0.059535473585128784,2.30373215675354,1.1469825506210327,0.06667059659957886,-0.5271936058998108,-0.047137677669525146,-0.8458132147789001
23.8295555000077,-0.05976336821913719,2.303720235824585,1.146894097328186,0.06630246341228485,-0.5275797247886658,-0.04537685960531235,-0.8456977009773254
23.83551040000748,-0.059908755123615265,2.3036599159240723,1.1467862129211426,0.06622451543807983,-0.5275654792785645,-0.04646921157836914,-0.8456533551216125
23.840532500005793,-0.06010188162326813,2.303570032119751,1.146675944328308,0.06648131459951401,-0.5271195769309998,-0.046725522726774216,-0.8458971381187439
23.846203699999023,-0.06036067008972168,2.3033716678619385,1.1465034484863281,0.06649243086576462,-0.5270494818687439,-0.04639122635126114,-0.8459582924842834
23.850351200031582,-0.06049986556172371,2.303112268447876,1.1463347673416138,0.06765757501125336,-0.5262084007263184,-0.05078905075788498,-0.8461369276046753
23.85469840001315,-0.06062564253807068,2.303040027618408,1.1462225914001465,0.06746027618646622,-0.5261136293411255,-0.05094023421406746,-0.8462024331092834
23.858789600024465,-0.060748275369405746,2.302950382232666,1.1461036205291748,0.06749413162469864,-0.5260180234909058,-0.051111143082380295,-0.8462488651275635
23.86274150002282,-0.06091970205307007,2.30285906791687,1.1459681987762451,0.06734329462051392,-0.5259222388267517,-0.05101066455245018,-0.846326470375061
23.86726050003199,-0.061095405369997025,2.3027138710021973,1.1457473039627075,0.0670158788561821,-0.5259174704551697,-0.05054745823144913,-0.846383273601532
23.87150050001219,-0.06132325157523155,2.3025708198547363,1.1455830335617065,0.06696449965238571,-0.5264359712600708,-0.05060470104217529,-0.8460615277290344
23.875424000027124,-0.06150338053703308,2.302412271499634,1.1454176902770996,0.06699974834918976,-0.5264217853546143,-0.05029800161719322,-0.8460858464241028
23.880086300021503,-0.061714056879282,2.302185535430908,1.1453123092651367,0.06744156032800674,-0.526049017906189,-0.04932345449924469,-0.8463398814201355
23.883647200011183,-0.06196759641170502,2.302001953125,1.1451958417892456,0.06719133257865906,-0.5254612565040588,-0.049249958246946335,-0.8467290997505188
23.88767419999931,-0.06222497671842575,2.3017637729644775,1.1449989080429077,0.06648038327693939,-0.525351881980896,-0.048740509897470474,-0.8468825817108154
23.891782100021373,-0.062449607998132706,2.3015553951263428,1.1449148654937744,0.06660236418247223,-0.5252491235733032,-0.048861730843782425,-0.8469298481941223
23.896024300018325,-0.06265297532081604,2.3013346195220947,1.144804835319519,0.06664197146892548,-0.5249963998794556,-0.04901059716939926,-0.8470748066902161
23.900627200026065,-0.06302117556333542,2.3010916709899902,1.144661784172058,0.0668017566204071,-0.5242701172828674,-0.04932379350066185,-0.8474937081336975
23.90439310000511,-0.06329341232776642,2.3008034229278564,1.1445612907409668,0.06720814853906631,-0.5240887999534607,-0.048837170004844666,-0.8476018905639648
23.909807200019713,-0.06351999938488007,2.3003971576690674,1.1444144248962402,0.06847026944160461,-0.5232115387916565,-0.05266014486551285,-0.8478139042854309
23.91349549998995,-0.06376660615205765,2.300170660018921,1.144391655921936,0.06711983680725098,-0.5241002440452576,-0.04971315339207649,-0.8475509881973267
23.918699800036848,-0.06398801505565643,2.299947738647461,1.1442703008651733,0.06702122837305069,-0.5244205594062805,-0.04871505871415138,-0.8474184274673462
23.92503260000376,-0.06441502273082733,2.2993850708007812,1.1439011096954346,0.06712917983531952,-0.5244312286376953,-0.049685828387737274,-0.8473469614982605
23.92964009998832,-0.06471167504787445,2.299137592315674,1.1436749696731567,0.06688223779201508,-0.5246819257736206,-0.04913906753063202,-0.8472431898117065
23.93369919998804,-0.06494355946779251,2.2988121509552,1.1435163021087646,0.0670371800661087,-0.5244085788726807,-0.04953642934560776,-0.8473770022392273
23.937831000017468,-0.0652325376868248,2.2985172271728516,1.1434237957000732,0.06770545244216919,-0.5233141183853149,-0.04833396524190903,-0.8480696678161621
23.94197380001424,-0.0656418427824974,2.298032760620117,1.14336359500885,0.06700561195611954,-0.5229029059410095,-0.04883226379752159,-0.8483502864837646
23.945544000016525,-0.0656418427824974,2.298032760620117,1.14336359500885,0.06700561195611954,-0.5229029059410095,-0.04883226379752159,-0.8483502864837646
23.950421000015922,-0.06621576845645905,2.2972412109375,1.143393874168396,0.06753680855035782,-0.5217864513397217,-0.048946499824523926,-0.8489888310432434
23.955099900020286,-0.06638508290052414,2.2968318462371826,1.14342200756073,0.06786300987005234,-0.5212609767913818,-0.048676930367946625,-0.8493009805679321
23.95876310003223,-0.06647852063179016,2.296381711959839,1.1433616876602173,0.06839427351951599,-0.5204251408576965,-0.05081510543823242,-0.8496456742286682
23.963162100000773,-0.06664582341909409,2.2960495948791504,1.1433913707733154,0.06829467415809631,-0.5202388763427734,-0.050772521644830704,-0.8497703075408936
23.966985900013242,-0.06677766144275665,2.2954604625701904,1.1433117389678955,0.06846517324447632,-0.519973874092102,-0.05392666906118393,-0.8497244715690613
23.971172699995805,-0.06690642982721329,2.295112133026123,1.1432942152023315,0.06823725998401642,-0.520232617855072,-0.05329357460141182,-0.8496243357658386
23.97537669999292,-0.0670609325170517,2.2947781085968018,1.143296241760254,0.06867347657680511,-0.5198808312416077,-0.05518976226449013,-0.8496834635734558
23.97958020004444,-0.06721236556768417,2.2944374084472656,1.143198013305664,0.06820894777774811,-0.5196243524551392,-0.05573960021138191,-0.849841833114624
23.983922399987932,-0.06734676659107208,2.294163942337036,1.1431721448898315,0.06767260283231735,-0.5195092558860779,-0.05538395047187805,-0.8499783277511597
23.987794600019697,-0.06763895601034164,2.2939870357513428,1.1431660652160645,0.06635761260986328,-0.5198704600334167,-0.051824524998664856,-0.8500856757164001
23.99231649999274,-0.06793524324893951,2.293616533279419,1.1432546377182007,0.06658004969358444,-0.5196735262870789,-0.051894016563892365,-0.8501845002174377
23.996388900035527,-0.06818926334381104,2.293168544769287,1.1434468030929565,0.06727801263332367,-0.5191845297813416,-0.05012474209070206,-0.8505343198776245
24.000355000025593,-0.06845222413539886,2.2927870750427246,1.1435513496398926,0.06782091408967972,-0.5178946256637573,-0.051534608006477356,-0.8511931300163269
24.004445100028533,-0.06875495612621307,2.292471408843994,1.1436388492584229,0.06800337880849838,-0.5170822739601135,-0.05135871469974518,-0.8516829013824463
24.0082037000102,-0.06875495612621307,2.292471408843994,1.1436388492584229,0.06800337880849838,-0.5170822739601135,-0.05135871469974518,-0.8516829013824463
24.01316259999294,-0.06919094175100327,2.2917051315307617,1.143690824508667,0.0673757791519165,-0.5168602466583252,-0.05232510715723038,-0.8518087267875671
24.01743270002771,-0.06951653957366943,2.2913272380828857,1.1438658237457275,0.06675229221582413,-0.5168392062187195,-0.051916420459747314,-0.8518955707550049
24.02142120001372,-0.06970427930355072,2.291037082672119,1.143993616104126,0.06680985540151596,-0.5163114070892334,-0.05172174796462059,-0.8522228598594666
24.02601730002789,-0.06987399607896805,2.290783405303955,1.1442224979400635,0.06695466488599777,-0.5155355334281921,-0.052440788596868515,-0.8526371717453003
24.02946960000554,-0.07008795440196991,2.290493965148926,1.1443215608596802,0.06708675622940063,-0.515256404876709,-0.052936602383852005,-0.852764904499054
24.033805400016718,-0.07026506215333939,2.290264844894409,1.144345998764038,0.06714493781328201,-0.5150865316390991,-0.05279869586229324,-0.8528714179992676
24.039571200031787,-0.07041758298873901,2.289980411529541,1.1443952322006226,0.06743967533111572,-0.5151674151420593,-0.0512985959649086,-0.8528909087181091
24.043671999999788,-0.07068861275911331,2.289813995361328,1.1444883346557617,0.06613227725028992,-0.5158902406692505,-0.048796359449625015,-0.8527032136917114
24.048459400015417,-0.0709313377737999,2.289533853530884,1.1445714235305786,0.06601370126008987,-0.5155623555183411,-0.04738369956612587,-0.8529903888702393
24.052384999988135,-0.0710267573595047,2.2892067432403564,1.144765019416809,0.06679798662662506,-0.515489399433136,-0.04533156007528305,-0.8530849814414978
24.05615330004366,-0.0710267573595047,2.2892067432403564,1.144765019416809,0.06679798662662506,-0.515489399433136,-0.04533156007528305,-0.8530849814414978
24.061178800009657,-0.07142355293035507,2.2888407707214355,1.1448724269866943,0.06500618159770966,-0.5151646733283997,-0.04726357385516167,-0.8533145189285278
24.064834800024983,-0.07165185362100601,2.2886581420898438,1.1449605226516724,0.06478700041770935,-0.5145551562309265,-0.04683111608028412,-0.8537227511405945
24.06888010003604,-0.07179874181747437,2.288485288619995,1.1450409889221191,0.06483840942382812,-0.5141680240631104,-0.0467480793595314,-0.8539566397666931
24.073239799996372,-0.07193680107593536,2.288205862045288,1.1451159715652466,0.06490271538496017,-0.5128583312034607,-0.04800756275653839,-0.8546691536903381
24.077223900007084,-0.07204916328191757,2.2880167961120605,1.145188331604004,0.06510810554027557,-0.5125730633735657,-0.04789578542113304,-0.8548308610916138
24.08191710000392,-0.07218322157859802,2.2877824306488037,1.1453229188919067,0.06396158784627914,-0.5125531554222107,-0.046874914318323135,-0.8549858927726746
24.087468500016257,-0.07245081663131714,2.287412405014038,1.1455568075180054,0.06375204771757126,-0.5122242569923401,-0.04622475802898407,-0.8552340269088745
24.091672700014897,-0.0724632665514946,2.287163257598877,1.1456501483917236,0.06442578881978989,-0.5118503570556641,-0.04631125181913376,-0.8554027676582336
24.096083700016607,-0.072536401450634,2.287008762359619,1.1457791328430176,0.06467287987470627,-0.5107102394104004,-0.046661000698804855,-0.8560462594032288
24.100482700043358,-0.07283864170312881,2.286970615386963,1.1459890604019165,0.06397181749343872,-0.5108278393745422,-0.046452417969703674,-0.8560401797294617
24.10463760001585,-0.07304883748292923,2.286574363708496,1.1460726261138916,0.06507715582847595,-0.5115084052085876,-0.043437108397483826,-0.8557087779045105
24.108931900002062,-0.07329762727022171,2.2864935398101807,1.1461787223815918,0.06469258666038513,-0.5113157033920288,-0.04602733626961708,-0.855717658996582
24.11288680002326,-0.07354062050580978,2.286432981491089,1.1463791131973267,0.06424138695001602,-0.5118296146392822,-0.04405811429023743,-0.8555480241775513
24.11750590003794,-0.07369757443666458,2.28633189201355,1.146466612815857,0.06404463201761246,-0.5117975473403931,-0.04332781583070755,-0.8556191921234131
24.121551699994598,-0.07381250709295273,2.2860236167907715,1.146371603012085,0.06536657363176346,-0.5105192065238953,-0.048048269003629684,-0.8560308814048767
24.12535270000808,-0.07391958683729172,2.285797595977783,1.146419644355774,0.0657697543501854,-0.5094902515411377,-0.05020666494965553,-0.8564889430999756
24.129823600000236,-0.07401513308286667,2.285656452178955,1.1465075016021729,0.06611631065607071,-0.5090728402137756,-0.05053497105836868,-0.8566911220550537
24.133794600027613,-0.07412541657686234,2.2855539321899414,1.1466177701950073,0.06608130782842636,-0.5088976621627808,-0.05050266906619072,-0.8567997813224792
24.13809389999369,-0.07418069243431091,2.2852933406829834,1.1466881036758423,0.06723831593990326,-0.5083377361297607,-0.051539886742830276,-0.8569803833961487
24.142108600004576,-0.07432585954666138,2.2851381301879883,1.1469160318374634,0.06747506558895111,-0.5077455043792725,-0.052146103233098984,-0.8572761416435242
24.148262800008524,-0.07441860437393188,2.285055637359619,1.1470519304275513,0.06749507784843445,-0.5073903203010559,-0.052297092974185944,-0.8574756383895874
24.152846400043927,-0.07451854646205902,2.2850096225738525,1.1471668481826782,0.0674169510602951,-0.507192075252533,-0.05204217508435249,-0.8576145768165588
24.156508899992332,-0.0747586339712143,2.2850446701049805,1.1475952863693237,0.06661508232355118,-0.5078952312469482,-0.04837849736213684,-0.8574755787849426
24.16052810003748,-0.0749322846531868,2.2849576473236084,1.1477032899856567,0.06726613640785217,-0.5067930221557617,-0.049566108733415604,-0.8580089807510376
24.164994499995373,-0.07504761219024658,2.2849860191345215,1.1478912830352783,0.06700823456048965,-0.5069830417633057,-0.04821179807186127,-0.8579939603805542
24.168878399999812,-0.07517455518245697,2.2849907875061035,1.148020625114441,0.06700220704078674,-0.5068820714950562,-0.04793575406074524,-0.858069658279419
24.17292780004209,-0.07528386265039444,2.284956932067871,1.1482096910476685,0.06724467128515244,-0.5070719122886658,-0.048046134412288666,-0.8579322695732117
24.177469399990514,-0.07536976039409637,2.2849488258361816,1.1483491659164429,0.06750047951936722,-0.5069630742073059,-0.04829050227999687,-0.8579628467559814
24.181197500030976,-0.07536976039409637,2.2849488258361816,1.1483491659164429,0.06750047951936722,-0.5069630742073059,-0.04829050227999687,-0.8579628467559814
24.18603159999475,-0.07536651194095612,2.284902811050415,1.1483291387557983,0.06816888600587845,-0.5060691833496094,-0.04987280070781708,-0.8583470582962036
24.190321600006428,-0.0755079984664917,2.28486967086792,1.1483973264694214,0.06891332566738129,-0.5047385692596436,-0.05159999802708626,-0.8589688539505005
24.195619700010866,-0.07592087239027023,2.2849910259246826,1.1491154432296753,0.06903290748596191,-0.506798505783081,-0.04493500292301178,-0.8581203818321228
24.2002829000121,-0.0759754329919815,2.284998893737793,1.1492605209350586,0.06932533532381058,-0.5068279504776001,-0.04454870894551277,-0.8580995798110962
24.204318800009787,-0.07607389241456985,2.2850403785705566,1.1493666172027588,0.07012205570936203,-0.5059822201728821,-0.04551783576607704,-0.8584829568862915
24.20886439998867,-0.07616790384054184,2.2850706577301025,1.1494596004486084,0.07037612795829773,-0.5057308673858643,-0.045760735869407654,-0.8585973978042603
24.2131328000105,-0.0762399286031723,2.2850677967071533,1.1495403051376343,0.07024917751550674,-0.5057087540626526,-0.04552118107676506,-0.8586335182189941
24.216923400002997,-0.07631819695234299,2.2850654125213623,1.149605631828308,0.07062698155641556,-0.5056933164596558,-0.04490215331315994,-0.8586442470550537
24.221394899999723,-0.07639501243829727,2.2850708961486816,1.149674415588379,0.07079626619815826,-0.5055962800979614,-0.04504087194800377,-0.8586801886558533
24.224717600038275,-0.07639501243829727,2.2850708961486816,1.149674415588379,0.07079626619815826,-0.5055962800979614,-0.04504087194800377,-0.8586801886558533
24.22817280003801,-0.07639501243829727,2.2850708961486816,1.149674415588379,0.07079626619815826,-0.5055962800979614,-0.04504087194800377,-0.8586801886558533
24.231450300023425,-0.07639501243829727,2.2850708961486816,1.149674415588379,0.07079626619815826,-0.5055962800979614,-0.04504087194800377,-0.8586801886558533
24.23482160002459,-0.07639501243829727,2.2850708961486816,1.149674415588379,0.07079626619815826,-0.5055962800979614,-0.04504087194800377,-0.8586801886558533
24.238071600033436,-0.07639501243829727,2.2850708961486816,1.149674415588379,0.07079626619815826,-0.5055962800979614,-0.04504087194800377,-0.8586801886558533
24.242564900021534,-0.07675663381814957,2.285062074661255,1.1500523090362549,0.07235603779554367,-0.5054360628128052,-0.04759027808904648,-0.858506977558136
24.24649109999882,-0.07673532515764236,2.285001516342163,1.1500563621520996,0.07353795319795609,-0.5042893886566162,-0.05116437003016472,-0.8588752746582031
24.250392300018575,-0.0768170952796936,2.2850489616394043,1.1502456665039062,0.07346063107252121,-0.5044317841529846,-0.04998958855867386,-0.858867347240448
24.25464070000453,-0.07680836319923401,2.2849349975585938,1.1502468585968018,0.07459492981433868,-0.5036708116531372,-0.05247253179550171,-0.8590680956840515
24.25886659999378,-0.07678438723087311,2.2848665714263916,1.1502854824066162,0.07528948038816452,-0.5031988024711609,-0.05355030670762062,-0.8592175245285034
24.263446299999487,-0.07680953294038773,2.2848973274230957,1.1504087448120117,0.07547406852245331,-0.503033459186554,-0.05493568256497383,-0.8592107892036438
24.267981400014833,-0.07697559893131256,2.2851526737213135,1.1506637334823608,0.07368683815002441,-0.5041667222976685,-0.04968813434243202,-0.8590211272239685
24.27153220004402,-0.0770132914185524,2.285123825073242,1.1507387161254883,0.07420418411493301,-0.5041128396987915,-0.04947876185178757,-0.8590202927589417
24.2755795000121,-0.07692837715148926,2.285029411315918,1.1507455110549927,0.07534458488225937,-0.5033702850341797,-0.050984639674425125,-0.8592683672904968
24.279396900034044,-0.07703655958175659,2.2850139141082764,1.1507514715194702,0.07589499652385712,-0.503787100315094,-0.05103087052702904,-0.8589728474617004
24.283618799992837,-0.07706114649772644,2.2850277423858643,1.1507623195648193,0.07675234228372574,-0.5038124918937683,-0.05081667751073837,-0.858894407749176
24.28812390001258,-0.07704457640647888,2.2848992347717285,1.1507117748260498,0.0784236416220665,-0.5037822723388672,-0.0517413355410099,-0.8587060570716858
24.2920539000188,-0.07717537879943848,2.2850935459136963,1.150794506072998,0.07779216766357422,-0.5043055415153503,-0.04875806346535683,-0.858630895614624
24.296257600013632,-0.07716090977191925,2.284985303878784,1.1507394313812256,0.0795096904039383,-0.5043261051177979,-0.05000346153974533,-0.8583897352218628
24.300464000029024,-0.07719679921865463,2.2849645614624023,1.1507742404937744,0.08030211925506592,-0.5044916868209839,-0.05054980888962746,-0.8581867218017578
24.30667540000286,-0.07724213600158691,2.2849724292755127,1.1507786512374878,0.08077035844326019,-0.5046856999397278,-0.05031294748187065,-0.8580425977706909
24.310638200026006,-0.07726640999317169,2.284954071044922,1.1508147716522217,0.08143496513366699,-0.5047598481178284,-0.04942840337753296,-0.8579875826835632
24.314522000029683,-0.07728025317192078,2.2849206924438477,1.1509214639663696,0.0820051059126854,-0.5046555399894714,-0.04908839240670204,-0.8580141663551331
24.318187199998647,-0.07728025317192078,2.2849206924438477,1.1509214639663696,0.0820051059126854,-0.5046555399894714,-0.04908839240670204,-0.8580141663551331
24.321631800034083,-0.07731819897890091,2.284916400909424,1.1510335206985474,0.08243157714605331,-0.5047079920768738,-0.04919477179646492,-0.8579363226890564
24.325538100034464,-0.07738956809043884,2.2849440574645996,1.151377558708191,0.08370965719223022,-0.5045252442359924,-0.04965856298804283,-0.8578933477401733
24.329883700003847,-0.07743319869041443,2.2849578857421875,1.1515825986862183,0.08411028236150742,-0.5045565366744995,-0.04963942617177963,-0.8578368425369263
24.333743199997116,-0.0774795338511467,2.2849137783050537,1.1517720222473145,0.08474647998809814,-0.5047988295555115,-0.04927109181880951,-0.8576529026031494
24.33796730003087,-0.07750994712114334,2.2848987579345703,1.151924967765808,0.08508389443159103,-0.5049554705619812,-0.048882607370615005,-0.8575495481491089
24.341937199991662,-0.07753302156925201,2.284916400909424,1.1520581245422363,0.0854664221405983,-0.5051292777061462,-0.048823002725839615,-0.857412576675415
24.346363299991935,-0.077492855489254,2.2849254608154297,1.152122974395752,0.08603405952453613,-0.5049515962600708,-0.04986923560500145,-0.8574001789093018
24.35048740002094,-0.07752309739589691,2.284972667694092,1.1521999835968018,0.08643466979265213,-0.5051402449607849,-0.05026678368449211,-0.8572255969047546
24.354628500004765,-0.07747470587491989,2.285043954849243,1.1522151231765747,0.08669345825910568,-0.5052424669265747,-0.050227586179971695,-0.8571414947509766
24.35881820000941,-0.07743899524211884,2.285135269165039,1.1522154808044434,0.08704248070716858,-0.5052548050880432,-0.050495538860559464,-0.8570830821990967
24.363047200022265,-0.07738302648067474,2.2854726314544678,1.1522290706634521,0.08562389761209488,-0.5050469040870667,-0.04984930157661438,-0.8573862314224243
24.369165100040846,-0.07751297205686569,2.285712957382202,1.1524012088775635,0.08476165682077408,-0.5058259963989258,-0.04873868077993393,-0.8570765256881714
24.373590300034266,-0.07753010839223862,2.2858076095581055,1.1524885892868042,0.08501522988080978,-0.5059173703193665,-0.048768699169158936,-0.856995701789856
24.37766580004245,-0.07731815427541733,2.285768985748291,1.1524287462234497,0.08647068589925766,-0.5046265721321106,-0.053469087928533554,-0.8573306798934937
24.382310900022276,-0.07738319039344788,2.2858686447143555,1.1525144577026367,0.08656548708677292,-0.505066454410553,-0.05189633369445801,-0.8571587204933167
24.38622430001851,-0.07761108130216599,2.286034107208252,1.152785301208496,0.08745848387479782,-0.5055505037307739,-0.05004245042800903,-0.8568929433822632
24.39062040002318,-0.07769957184791565,2.286099672317505,1.1529951095581055,0.08838073164224625,-0.5054261088371277,-0.049501631408929825,-0.856903076171875
24.396176100010052,-0.07786891609430313,2.286146640777588,1.153363585472107,0.08973576128482819,-0.5057383179664612,-0.049224141985177994,-0.8565940260887146
24.40054020000389,-0.0779208093881607,2.286139965057373,1.1536235809326172,0.09064070880413055,-0.5059642195701599,-0.05035107582807541,-0.8562998175621033
24.404439600009937,-0.0779254287481308,2.2862699031829834,1.1538763046264648,0.0917135700583458,-0.5059030652046204,-0.050690166652202606,-0.8562016487121582
24.409284199995454,-0.07800643891096115,2.286468744277954,1.1540683507919312,0.09174779057502747,-0.5059350728988647,-0.04880480468273163,-0.8562886118888855
24.41398900002241,-0.07804413139820099,2.2865641117095947,1.1541520357131958,0.09214068204164505,-0.5058706998825073,-0.049123164266347885,-0.85626620054245
24.417668600042816,-0.07805228978395462,2.286703109741211,1.154213786125183,0.09233538806438446,-0.5060396194458008,-0.049122635275125504,-0.856145441532135
24.421704700042028,-0.07807636260986328,2.2868270874023438,1.1542396545410156,0.09254701435565948,-0.5062441229820251,-0.04949251934885979,-0.855980396270752
24.42611170001328,-0.07813331484794617,2.2869906425476074,1.1543092727661133,0.09258557856082916,-0.5064734220504761,-0.05070943012833595,-0.8557693362236023
24.430332000018097,-0.07809669524431229,2.2871546745300293,1.1543169021606445,0.0926298126578331,-0.5063108205795288,-0.04858357831835747,-0.8559840321540833
24.43412360001821,-0.07813316583633423,2.2873406410217285,1.154441237449646,0.09257016330957413,-0.5063102841377258,-0.05013907328248024,-0.8559011220932007
24.43815420003375,-0.07821554690599442,2.2873737812042236,1.1547132730484009,0.09329739958047867,-0.5066528916358948,-0.051764849573373795,-0.8555225729942322
24.442138000042178,-0.07829448580741882,2.2874367237091064,1.154950499534607,0.09381689876317978,-0.5068578720092773,-0.052279844880104065,-0.8553130030632019
24.446138400002383,-0.078335240483284,2.2875044345855713,1.1551657915115356,0.0943271666765213,-0.5068569183349609,-0.05285833775997162,-0.8552218675613403
24.450522400031332,-0.07838588953018188,2.2876248359680176,1.155364990234375,0.09551642835140228,-0.5068567991256714,-0.05338225141167641,-0.8550573587417603
24.454640900017694,-0.07844236493110657,2.2876787185668945,1.155588150024414,0.09606999158859253,-0.5069127082824707,-0.053283657878637314,-0.8549684286117554
24.458806000009645,-0.07844668626785278,2.287733554840088,1.1558176279067993,0.09650151431560516,-0.506801187992096,-0.0531303696334362,-0.8549954295158386
24.462881200015545,-0.07847598195075989,2.287799119949341,1.1560077667236328,0.096854068338871,-0.5067775845527649,-0.05317418649792671,-0.8549668192863464
24.467067299992777,-0.07852917909622192,2.2878212928771973,1.1561261415481567,0.09746890515089035,-0.5070227384567261,-0.0523163266479969,-0.854804515838623
24.471503800014034,-0.07857505977153778,2.2879109382629395,1.1562426090240479,0.09774605184793472,-0.5069938898086548,-0.05242982506752014,-0.8547829985618591
24.47589840000728,-0.07859178632497787,2.2880208492279053,1.1563562154769897,0.09800329059362411,-0.506986677646637,-0.0523468442261219,-0.8547629117965698
24.480606099998113,-0.07861626148223877,2.288116693496704,1.1564582586288452,0.09838429093360901,-0.506944477558136,-0.05253547057509422,-0.8547325730323792
24.48412100004498,-0.07865746319293976,2.288220167160034,1.1565587520599365,0.09863026440143585,-0.5070176720619202,-0.05232759937644005,-0.8546736240386963
24.487867799995,-0.07869799435138702,2.2883365154266357,1.1566197872161865,0.09903889894485474,-0.5069591403007507,-0.05255461484193802,-0.854647159576416
24.49209640000481,-0.07876859605312347,2.288468360900879,1.156662940979004,0.0997152328491211,-0.5068528652191162,-0.05296328291296959,-0.8546063303947449
24.496239200001583,-0.07884109020233154,2.2886440753936768,1.1567957401275635,0.10067561268806458,-0.5066236257553101,-0.053511764854192734,-0.854595422744751
24.50032450002618,-0.07898138463497162,2.288815975189209,1.1569633483886719,0.10208672285079956,-0.5057873725891113,-0.05445590987801552,-0.8548637628555298
24.504430300032254,-0.07910625636577606,2.288956642150879,1.1570708751678467,0.10270575433969498,-0.5053273439407349,-0.05499636009335518,-0.8550270795822144
24.507949999999255,-0.07910625636577606,2.288956642150879,1.1570708751678467,0.10270575433969498,-0.5053273439407349,-0.05499636009335518,-0.8550270795822144
24.512758500000928,-0.07944653928279877,2.289293050765991,1.1572470664978027,0.10301776975393295,-0.50596684217453,-0.054043471813201904,-0.8546720743179321
24.517007299989928,-0.07958380877971649,2.2895898818969727,1.1574068069458008,0.10311555117368698,-0.5063615441322327,-0.051379021257162094,-0.8545907139778137
24.521261100017,-0.07969289273023605,2.2897231578826904,1.1575257778167725,0.10368707776069641,-0.5062877535820007,-0.05171561613678932,-0.8545450568199158
24.525277400040068,-0.07978785783052444,2.28983998298645,1.1576346158981323,0.10390444844961166,-0.5063064098358154,-0.05191219970583916,-0.8544957041740417
24.528934800007846,-0.07978785783052444,2.28983998298645,1.1576346158981323,0.10390444844961166,-0.5063064098358154,-0.05191219970583916,-0.8544957041740417
24.53369459998794,-0.07993780076503754,2.290046453475952,1.157870888710022,0.10527945309877396,-0.5061981081962585,-0.05359084531664848,-0.8542879223823547
24.537758800026495,-0.08002720773220062,2.290170192718506,1.1579935550689697,0.1060168668627739,-0.5059993267059326,-0.05442200228571892,-0.8542618751525879
24.542048900038935,-0.08015558123588562,2.2904186248779297,1.1581737995147705,0.10680451989173889,-0.5059598088264465,-0.05557098239660263,-0.8541132211685181
24.546618800028227,-0.08014450967311859,2.290642738342285,1.158314824104309,0.10722953826189041,-0.505908727645874,-0.056677911430597305,-0.8540174961090088
24.550327600038145,-0.08015977591276169,2.290800094604492,1.158370018005371,0.10727676004171371,-0.5061346292495728,-0.056577615439891815,-0.8538842797279358
24.554562300036196,-0.08023757487535477,2.290945053100586,1.1584075689315796,0.10730914026498795,-0.5064043998718262,-0.0561976283788681,-0.8537453413009644
24.559090800001286,-0.0802779346704483,2.2911226749420166,1.1584415435791016,0.10739263892173767,-0.5066303014755249,-0.05570917949080467,-0.8536328077316284
24.56316310004331,-0.08031568676233292,2.291332483291626,1.1584481000900269,0.10725852102041245,-0.5067483186721802,-0.05462156981229782,-0.853649914264679
24.56714960001409,-0.08037519454956055,2.2914772033691406,1.1584811210632324,0.10750393569469452,-0.5067022442817688,-0.054178349673748016,-0.8536747097969055
24.571559600008186,-0.08043960481882095,2.291684150695801,1.1586005687713623,0.10750036686658859,-0.506645679473877,-0.0552389919757843,-0.8536407351493835
24.576449499989394,-0.08045956492424011,2.291855573654175,1.1586512327194214,0.10770358890295029,-0.5066148042678833,-0.05524676665663719,-0.853632926940918
24.579858100041747,-0.08052323758602142,2.2920756340026855,1.1585763692855835,0.10910524427890778,-0.5065097808837891,-0.055854517966508865,-0.8534777760505676
24.583724800031632,-0.0806545615196228,2.2922778129577637,1.1586462259292603,0.10894236713647842,-0.50703364610672,-0.05392568185925484,-0.8533115386962891
24.588002200005576,-0.08068262040615082,2.2923552989959717,1.158695936203003,0.10893698781728745,-0.5067221522331238,-0.054183103144168854,-0.8534808158874512
24.592142400040757,-0.08069336414337158,2.2925045490264893,1.1588389873504639,0.10992273688316345,-0.5064994096755981,-0.05501465126872063,-0.8534334897994995
24.59652110002935,-0.08073990792036057,2.292691230773926,1.15895414352417,0.10985364019870758,-0.5064933896064758,-0.05291378125548363,-0.8535788655281067
24.60050450003473,-0.08079302310943604,2.2928009033203125,1.1590601205825806,0.1102328822016716,-0.5062204003334045,-0.05328061431646347,-0.8536690473556519
24.604606900014915,-0.08080469816923141,2.292893648147583,1.1591620445251465,0.11074188351631165,-0.5059292912483215,-0.05362120643258095,-0.8537544012069702
24.609297599992715,-0.08090119063854218,2.292999029159546,1.1593483686447144,0.11145535856485367,-0.5051119327545166,-0.0542168952524662,-0.8541077971458435
24.613093100022525,-0.08097416162490845,2.29307222366333,1.1597304344177246,0.11181004345417023,-0.5041720867156982,-0.05464958772063255,-0.8545891046524048
24.617396700021345,-0.08100230246782303,2.2932052612304688,1.1599749326705933,0.11267490684986115,-0.5035378336906433,-0.055232446640729904,-0.8548119068145752
24.62156729999697,-0.08105288445949554,2.2933127880096436,1.1600875854492188,0.11287900060415268,-0.5033299922943115,-0.055450160056352615,-0.8548933267593384
24.625833099999,-0.08112512528896332,2.2933809757232666,1.1600868701934814,0.11300605535507202,-0.5032298564910889,-0.055729787796735764,-0.8549172282218933
24.629653699987102,-0.08115994185209274,2.293469190597534,1.1598666906356812,0.11300721019506454,-0.5037535429000854,-0.05585461109876633,-0.8546004891395569
24.633712899987586,-0.08123968541622162,2.2935521602630615,1.1598001718521118,0.1126701757311821,-0.5046971440315247,-0.056896887719631195,-0.854019284248352
24.637934800004587,-0.08130046725273132,2.293591022491455,1.1597812175750732,0.11243093013763428,-0.5049901008605957,-0.05673575773835182,-0.8538883924484253
24.641985499998555,-0.08134333044290543,2.2936477661132812,1.159827470779419,0.11252482235431671,-0.5048399567604065,-0.056724853813648224,-0.8539655804634094
24.646141100034583,-0.08139795064926147,2.2936954498291016,1.159952998161316,0.1134265810251236,-0.5043063759803772,-0.056415535509586334,-0.8541819453239441
24.65049430000363,-0.08148074150085449,2.2937660217285156,1.1601201295852661,0.11419151723384857,-0.5037238597869873,-0.05669029802083969,-0.8544055223464966
24.655056999996305,-0.08161105215549469,2.293778896331787,1.1602486371994019,0.11451514810323715,-0.503075361251831,-0.05644310265779495,-0.8547606468200684
24.658839100040495,-0.0816924124956131,2.2938475608825684,1.1603151559829712,0.11462549865245819,-0.5028334856033325,-0.057340607047080994,-0.854828417301178
24.66279770003166,-0.08170091360807419,2.293897867202759,1.1603814363479614,0.11496956646442413,-0.5030725598335266,-0.05741245299577713,-0.8546367287635803
24.666488700022455,-0.08170091360807419,2.293897867202759,1.1603814363479614,0.11496956646442413,-0.5030725598335266,-0.05741245299577713,-0.8546367287635803
24.675017200002912,-0.0821085050702095,2.293895721435547,1.1605303287506104,0.1153533011674881,-0.5015155673027039,-0.058451078832149506,-0.8554292917251587
24.6796949999989,-0.08220161497592926,2.2938733100891113,1.1605604887008667,0.11530931293964386,-0.5014501810073853,-0.05819552764296532,-0.8554909229278564
24.683763000008184,-0.08229697495698929,2.293858766555786,1.16057288646698,0.11557435244321823,-0.5012983083724976,-0.05833536013960838,-0.8555346727371216
24.687834100041073,-0.08239087462425232,2.2938430309295654,1.1606035232543945,0.11577241122722626,-0.5011782646179199,-0.058486372232437134,-0.855567991733551
24.69192390004173,-0.08251865208148956,2.293708086013794,1.1605035066604614,0.11669684946537018,-0.5004882216453552,-0.060812514275312424,-0.8556840419769287
24.6966139000142,-0.08262348175048828,2.2936642169952393,1.160465121269226,0.11659321188926697,-0.5005047917366028,-0.060302093625068665,-0.8557246327400208
24.700507200032007,-0.08273237198591232,2.29357647895813,1.1604502201080322,0.11694241315126419,-0.5004160404205322,-0.05968639254570007,-0.855772078037262
24.705479600001127,-0.08280875533819199,2.293548822402954,1.1603987216949463,0.11698102951049805,-0.5002787709236145,-0.05960804224014282,-0.855852484703064
24.70922530000098,-0.08294237405061722,2.2933218479156494,1.1604549884796143,0.11729137599468231,-0.4997689723968506,-0.05711212009191513,-0.8562779426574707
24.7134769000113,-0.083063043653965,2.2932627201080322,1.1604975461959839,0.11761757731437683,-0.4995025098323822,-0.05696496739983559,-0.8563984632492065
24.717032800021116,-0.0831771194934845,2.2931809425354004,1.1604955196380615,0.11767362058162689,-0.49937090277671814,-0.057031456381082535,-0.8564630746841431
24.721345200028736,-0.08332658559083939,2.2931768894195557,1.1605905294418335,0.11686888337135315,-0.4999135732650757,-0.054173022508621216,-0.8564422726631165
24.725310600013472,-0.08352790772914886,2.2930686473846436,1.1605498790740967,0.11689985543489456,-0.5004646182060242,-0.054218705743551254,-0.8561132550239563
24.72962270001881,-0.08366910368204117,2.2930009365081787,1.1605716943740845,0.11680707335472107,-0.5003958940505981,-0.05496024340391159,-0.8561188578605652
24.7337432000204,-0.08378688991069794,2.2928524017333984,1.16061532497406,0.1171795129776001,-0.5001829266548157,-0.05385641008615494,-0.8562625646591187
24.737950100039598,-0.08389198780059814,2.2927310466766357,1.1606614589691162,0.11739352345466614,-0.4999380111694336,-0.053876765072345734,-0.856374979019165
24.742336400027853,-0.08400411158800125,2.2926337718963623,1.1606906652450562,0.11755334585905075,-0.4998270273208618,-0.05364828184247017,-0.8564321398735046
24.746258500032127,-0.08415520191192627,2.2924323081970215,1.1605881452560425,0.11847802251577377,-0.49901750683784485,-0.056072406470775604,-0.8566214442253113
24.7504431999987,-0.08432358503341675,2.2923600673675537,1.16050386428833,0.1184544563293457,-0.49875760078430176,-0.055823374539613724,-0.8567923307418823
24.75454150000587,-0.08442758023738861,2.292269229888916,1.1604472398757935,0.11881141364574432,-0.4986020624637604,-0.056710384786129,-0.8567752242088318
24.758628899988253,-0.08463424444198608,2.292114734649658,1.1602756977081299,0.11940192431211472,-0.4984804391860962,-0.055393967777490616,-0.8568500876426697
24.763051100017037,-0.08470361679792404,2.292111396789551,1.1601812839508057,0.11944007128477097,-0.4982350468635559,-0.055074431002140045,-0.8570080399513245
24.767232400015928,-0.08480651676654816,2.292097568511963,1.1600703001022339,0.11943627893924713,-0.497992604970932,-0.054970528930425644,-0.8571560978889465
24.771260600013193,-0.08494895696640015,2.2921459674835205,1.1599658727645874,0.11917191743850708,-0.497963011264801,-0.05538627877831459,-0.8571833372116089
24.775783999997657,-0.08507116138935089,2.2921667098999023,1.1598644256591797,0.11937863379716873,-0.49763867259025574,-0.05525197088718414,-0.857351541519165
24.779484800004866,-0.08520175516605377,2.2921464443206787,1.1597386598587036,0.11961328983306885,-0.4972645342350006,-0.055290814489126205,-0.8575333952903748
24.78377169999294,-0.08544576168060303,2.2921066284179688,1.1595712900161743,0.11970581114292145,-0.4967259168624878,-0.055162858217954636,-0.857840895652771
24.78785040002549,-0.08561496436595917,2.2921204566955566,1.1594622135162354,0.11977742612361908,-0.4965823292732239,-0.05429454147815704,-0.8579694032669067
24.791787300026044,-0.08561496436595917,2.2921204566955566,1.1594622135162354,0.11977742612361908,-0.4965823292732239,-0.05429454147815704,-0.8579694032669067
24.795970000035595,-0.08588746190071106,2.2921242713928223,1.15912926197052,0.12062447518110275,-0.4965395927429199,-0.0546746663749218,-0.8578513264656067
24.800196400028653,-0.0860409066081047,2.292095184326172,1.1589620113372803,0.12111136317253113,-0.49626246094703674,-0.05489552021026611,-0.8579289317131042
24.80561939999461,-0.08616504818201065,2.292104721069336,1.15883469581604,0.12148037552833557,-0.49604174494743347,-0.055040713399648666,-0.8579950928688049
24.809158499992918,-0.08635151386260986,2.2921841144561768,1.158752202987671,0.12112420052289963,-0.49619144201278687,-0.053106535226106644,-0.8580807447433472
24.812800200015772,-0.08654525130987167,2.2921335697174072,1.1584272384643555,0.12173932790756226,-0.4955000579357147,-0.05438373610377312,-0.858313262462616
24.817183900042437,-0.08668112009763718,2.292130947113037,1.1582201719284058,0.12198133766651154,-0.49521327018737793,-0.05438005551695824,-0.8584446907043457
24.821231000008993,-0.08681239932775497,2.29213547706604,1.1580888032913208,0.12236149609088898,-0.49496859312057495,-0.05475959926843643,-0.858507513999939
24.827156400016975,-0.08702833950519562,2.292154550552368,1.157981038093567,0.12282784283161163,-0.49452221393585205,-0.05509381741285324,-0.8586768507957458
24.831466700008605,-0.08716531842947006,2.292161226272583,1.157861590385437,0.12305255979299545,-0.49423766136169434,-0.05503302440047264,-0.8588122725486755
24.83548609999707,-0.08724414557218552,2.292178153991699,1.1576863527297974,0.12297061830759048,-0.4945489466190338,-0.054813988506793976,-0.8586587905883789
24.840006400016136,-0.08750557899475098,2.292034387588501,1.1572391986846924,0.12327440828084946,-0.4956529438495636,-0.05333223566412926,-0.8580718636512756
24.843959300022107,-0.08759470283985138,2.2920567989349365,1.156959891319275,0.12285932898521423,-0.49556300044059753,-0.053651850670576096,-0.8581633567810059
24.848143799987156,-0.08767940104007721,2.2920613288879395,1.1568011045455933,0.12288356572389603,-0.4953180253505707,-0.0535709448158741,-0.858306348323822
24.852639199991245,-0.0877709910273552,2.292088508605957,1.156708836555481,0.12295808643102646,-0.49498406052589417,-0.053875990211963654,-0.8584692478179932
24.856347499997355,-0.0878717303276062,2.2920804023742676,1.1565992832183838,0.12311507761478424,-0.49463334679603577,-0.05414126068353653,-0.8586322069168091
24.859826100000646,-0.08791207522153854,2.2920947074890137,1.156435489654541,0.12286685407161713,-0.49424728751182556,-0.053474705666303635,-0.8589317798614502
24.863119000045117,-0.08801832795143127,2.2921199798583984,1.1562942266464233,0.12271921336650848,-0.49416840076446533,-0.05421960726380348,-0.8589515686035156
24.86785440001404,-0.08810344338417053,2.2921199798583984,1.156193733215332,0.12267528474330902,-0.49393001198768616,-0.05410623922944069,-0.8591021299362183
24.8719147000229,-0.08818165212869644,2.292121410369873,1.156091570854187,0.12253900617361069,-0.4937056005001068,-0.05390813574194908,-0.8592629432678223
24.877127700019628,-0.08834534138441086,2.2921836376190186,1.1560250520706177,0.12285445630550385,-0.49254897236824036,-0.054856158792972565,-0.8598215579986572
24.882948300044518,-0.08852189779281616,2.2921242713928223,1.1558421850204468,0.12381868809461594,-0.49126240611076355,-0.05705476924777031,-0.8602761030197144
24.889192400034517,-0.08877577632665634,2.292222261428833,1.1555180549621582,0.12402763962745667,-0.4904939532279968,-0.056326135993003845,-0.86073237657547
24.894936299999245,-0.08890722692012787,2.292203903198242,1.155421257019043,0.1241273358464241,-0.4904697835445404,-0.05610862374305725,-0.8607459664344788
24.90062160004163,-0.08928558230400085,2.292255163192749,1.1552300453186035,0.12452749907970428,-0.48988598585128784,-0.05654456093907356,-0.8609920740127563
24.90439380001044,-0.08930587023496628,2.2922322750091553,1.1550281047821045,0.12464065849781036,-0.4892714023590088,-0.05666961893439293,-0.8613168597221375
24.908720600011293,-0.08950888365507126,2.292227268218994,1.1548885107040405,0.12451975792646408,-0.4892781376838684,-0.05574297532439232,-0.861391007900238
24.912826300016604,-0.08964463323354721,2.292181968688965,1.154691457748413,0.1240520179271698,-0.4892388582229614,-0.05509910359978676,-0.8615221977233887
24.917083100008313,-0.08980907499790192,2.292224407196045,1.154550313949585,0.12358806282281876,-0.48960888385772705,-0.05322325602173805,-0.8614967465400696
24.921301700000186,-0.08989966660737991,2.29221510887146,1.1544023752212524,0.12357430905103683,-0.48941028118133545,-0.05281991511583328,-0.8616362810134888
24.925395100028254,-0.08998433500528336,2.292203426361084,1.1542391777038574,0.1236455887556076,-0.4891228973865509,-0.05306636542081833,-0.8617740869522095
24.929879700008314,-0.09007616341114044,2.2921829223632812,1.1540530920028687,0.12351799756288528,-0.4889453947544098,-0.0532105416059494,-0.8618841171264648
24.934140100027435,-0.090176060795784,2.2921879291534424,1.1538947820663452,0.12335260957479477,-0.48877590894699097,-0.05315891280770302,-0.8620072603225708
24.93802970001707,-0.09029403328895569,2.292125940322876,1.153757095336914,0.12354081869125366,-0.48866188526153564,-0.05217676982283592,-0.8621048927307129
24.94239690003451,-0.09041326493024826,2.2921156883239746,1.1536608934402466,0.12345447391271591,-0.48850852251052856,-0.05232958123087883,-0.8621948957443237
24.9503318000352,-0.09064130485057831,2.292008876800537,1.1534394025802612,0.12414097040891647,-0.4876890182495117,-0.05430907756090164,-0.8624377846717834
24.954723400005605,-0.09079211950302124,2.291994571685791,1.153349757194519,0.12405230849981308,-0.4875164031982422,-0.054133057594299316,-0.8625591993331909
24.958868000016082,-0.09093355387449265,2.292041301727295,1.1532528400421143,0.12359978258609772,-0.48735278844833374,-0.05527714267373085,-0.8626440763473511
24.963428399991244,-0.09122639894485474,2.2920167446136475,1.1530261039733887,0.12384730577468872,-0.48708030581474304,-0.05543239787220955,-0.8627524971961975
24.96697910001967,-0.0913468599319458,2.2920095920562744,1.15293550491333,0.12413428723812103,-0.4865172207355499,-0.055709876120090485,-0.8630110621452332
24.971327000006568,-0.09155499935150146,2.292013168334961,1.1528223752975464,0.12432719022035599,-0.48552778363227844,-0.055834751576185226,-0.8635323643684387
24.976126499997918,-0.09161413460969925,2.292013168334961,1.1526603698730469,0.12433163076639175,-0.4852370619773865,-0.05611518770456314,-0.8636768460273743
24.979743500007316,-0.09167450666427612,2.2919929027557373,1.1524642705917358,0.12393741309642792,-0.48520955443382263,-0.05595758557319641,-0.8637592792510986
24.983909600006882,-0.09174399077892303,2.2920141220092773,1.1522634029388428,0.12365981936454773,-0.4851928651332855,-0.05576333403587341,-0.8638209104537964
24.98778880003374,-0.09178309142589569,2.2920124530792236,1.152068853378296,0.1234666258096695,-0.48507821559906006,-0.05591154843568802,-0.8639033436775208
24.991711899987422,-0.09178309142589569,2.2920124530792236,1.152068853378296,0.1234666258096695,-0.48507821559906006,-0.05591154843568802,-0.8639033436775208
24.99664990004385,-0.09189268946647644,2.292097568511963,1.1516209840774536,0.12205187231302261,-0.48447030782699585,-0.05422189086675644,-0.8645529747009277
25.000349000038113,-0.09200844168663025,2.2920968532562256,1.1514697074890137,0.12194372713565826,-0.4845827519893646,-0.05396958440542221,-0.8645209670066833
25.00498389999848,-0.09208164364099503,2.2921254634857178,1.1513409614562988,0.12189475446939468,-0.484485387802124,-0.054098524153232574,-0.8645744323730469
25.00871130003361,-0.09215860068798065,2.2921793460845947,1.151161551475525,0.12238246202468872,-0.4842381477355957,-0.054006725549697876,-0.864649772644043
25.01372079999419,-0.0922449380159378,2.2922141551971436,1.1510593891143799,0.12236494570970535,-0.484107106924057,-0.054012395441532135,-0.8647252321243286
25.017151100037154,-0.09232176095247269,2.2923078536987305,1.1509263515472412,0.12190728634595871,-0.48399385809898376,-0.05292864888906479,-0.8649203181266785
25.021767500031274,-0.09242094308137894,2.292181968688965,1.1507936716079712,0.12243599444627762,-0.4839231073856354,-0.05386229231953621,-0.864827573299408
25.02576680004131,-0.09250074625015259,2.2923572063446045,1.1507148742675781,0.12143205106258392,-0.48370447754859924,-0.05421433597803116,-0.8650693893432617
25.02945670002373,-0.09255732595920563,2.292191505432129,1.1505411863327026,0.12228009849786758,-0.48377037048339844,-0.055472102016210556,-0.8648332953453064
25.033728700014763,-0.0925426036119461,2.292152166366577,1.150400996208191,0.122442327439785,-0.4834654927253723,-0.05535253882408142,-0.8649884462356567
25.037960899993777,-0.09261356294155121,2.2921628952026367,1.1502872705459595,0.12217072397470474,-0.48373979330062866,-0.05366325005888939,-0.8649799823760986
25.042058699997142,-0.09268365800380707,2.2922751903533936,1.1501790285110474,0.1214788481593132,-0.4841444492340088,-0.0522226057946682,-0.8649392127990723
25.046171399997547,-0.09274125099182129,2.292633295059204,1.1501624584197998,0.11913266032934189,-0.4844639301300049,-0.0498998686671257,-0.86522376537323
25.050246400001924,-0.09274479001760483,2.2925076484680176,1.149834156036377,0.12046964466571808,-0.48480114340782166,-0.051644254475831985,-0.8647473454475403
25.0545407999889,-0.09271735697984695,2.2925429344177246,1.1496472358703613,0.12016762048006058,-0.4851190447807312,-0.0515669509768486,-0.8646155595779419
25.058560200035572,-0.0927993506193161,2.292677402496338,1.149558424949646,0.12084858864545822,-0.48462343215942383,-0.05183688551187515,-0.8647823929786682
25.062813700002152,-0.09288635849952698,2.2927918434143066,1.1494938135147095,0.12110810726881027,-0.4840954840183258,-0.05185440555214882,-0.8650407195091248
25.06710889999522,-0.0929596796631813,2.2928950786590576,1.149410367012024,0.12119381129741669,-0.4839440584182739,-0.05187387764453888,-0.8651123046875
25.071114199992735,-0.09304074198007584,2.2929928302764893,1.1493053436279297,0.12120390683412552,-0.48398762941360474,-0.05188441276550293,-0.8650858998298645
25.075426499999594,-0.09310941398143768,2.2930819988250732,1.1491928100585938,0.12132079154253006,-0.48408347368240356,-0.051590900868177414,-0.8650334477424622
25.079477399995085,-0.09319000691175461,2.2931766510009766,1.1491069793701172,0.12133274972438812,-0.4840853214263916,-0.05127999186515808,-0.8650492429733276
25.084004000003915,-0.093270443379879,2.2932798862457275,1.1490660905838013,0.12146780639886856,-0.48400425910949707,-0.05133682116866112,-0.8650722503662109
25.088052400038578,-0.09339858591556549,2.2933766841888428,1.149008870124817,0.12176775932312012,-0.4835183322429657,-0.05123356357216835,-0.8653079271316528
25.092634100001305,-0.0935126394033432,2.2935540676116943,1.148999810218811,0.12184662371873856,-0.4832664728164673,-0.05242745950818062,-0.8653659224510193
25.096378699992783,-0.09358461201190948,2.29367733001709,1.148964762687683,0.12204592674970627,-0.48303768038749695,-0.05247737467288971,-0.865462601184845
25.100888399989344,-0.09363582730293274,2.29382061958313,1.1488364934921265,0.12186793237924576,-0.48250237107276917,-0.05188101530075073,-0.8658221364021301
25.105069599987473,-0.093663290143013,2.2939469814300537,1.1487268209457397,0.12191598117351532,-0.4822177588939667,-0.05147567391395569,-0.8659981489181519
25.109934800013434,-0.09371329843997955,2.294065237045288,1.148645281791687,0.12147866934537888,-0.4821438491344452,-0.050879236310720444,-0.8661359548568726
25.11420300003374,-0.09375174343585968,2.2942497730255127,1.148377537727356,0.12144477665424347,-0.48206502199172974,-0.05052642524242401,-0.8662052750587463
25.11880390002625,-0.09373577684164047,2.2945356369018555,1.1482210159301758,0.12108147144317627,-0.4818255603313446,-0.05039775371551514,-0.8663967847824097
25.123568700044416,-0.09377828240394592,2.2947213649749756,1.1481117010116577,0.12090247124433517,-0.4815126955509186,-0.05052531510591507,-0.8665883541107178
25.128582300036214,-0.09374364465475082,2.2948391437530518,1.1480461359024048,0.12156818807125092,-0.48153361678123474,-0.04976325482130051,-0.8665276169776917
25.135315800027456,-0.0938621461391449,2.2951571941375732,1.147794485092163,0.12104186415672302,-0.48165377974510193,-0.04872041195631027,-0.8665938973426819
25.13889260002179,-0.09391053020954132,2.2953672409057617,1.1477349996566772,0.12038175761699677,-0.4818967580795288,-0.04882019758224487,-0.8665450811386108
25.142396300041582,-0.0938832089304924,2.295534372329712,1.147447943687439,0.12043032050132751,-0.48236528038978577,-0.049180272966623306,-0.8662572503089905
25.146240600035526,-0.09388713538646698,2.295644521713257,1.1473392248153687,0.12016823887825012,-0.48270782828330994,-0.049134962260723114,-0.8661053776741028
25.15043840004364,-0.09386558830738068,2.295809268951416,1.1473222970962524,0.11981216818094254,-0.4825021028518677,-0.05001719295978546,-0.8662188649177551
25.154466500040144,-0.09383189678192139,2.295985698699951,1.1473373174667358,0.11931315809488297,-0.48246124386787415,-0.049409642815589905,-0.8663452863693237
25.159067300031893,-0.09383569657802582,2.2960875034332275,1.1473337411880493,0.11913727968931198,-0.48228615522384644,-0.049174610525369644,-0.8664804100990295
25.162895800021943,-0.09381887316703796,2.2962069511413574,1.1473448276519775,0.11885711550712585,-0.48231562972068787,-0.04832911863923073,-0.8665500283241272
25.167044200003147,-0.09379762411117554,2.296304702758789,1.147341251373291,0.119112029671669,-0.4820655286312103,-0.04842904210090637,-0.8666486144065857
25.172146300028544,-0.09382768720388412,2.2963554859161377,1.1473175287246704,0.11910129338502884,-0.4820473790168762,-0.047995395958423615,-0.8666843175888062
25.17563880002126,-0.09386904537677765,2.296452045440674,1.1473042964935303,0.11925207078456879,-0.4818746745586395,-0.04766315966844559,-0.8667778968811035
25.1797038000077,-0.09396887570619583,2.296656608581543,1.147344946861267,0.12025438249111176,-0.48100727796554565,-0.048914581537246704,-0.8670514225959778
25.183704800030682,-0.09397962689399719,2.2968082427978516,1.1473290920257568,0.12032222747802734,-0.48057958483695984,-0.0495615191757679,-0.8672424554824829
25.187991000013426,-0.09408347308635712,2.296900987625122,1.147229790687561,0.12019781768321991,-0.4804455041885376,-0.04940659925341606,-0.8673428893089294
25.191829600022174,-0.09408347308635712,2.296900987625122,1.147229790687561,0.12019781768321991,-0.4804455041885376,-0.04940659925341606,-0.8673428893089294
25.195405300008133,-0.09408347308635712,2.296900987625122,1.147229790687561,0.12019781768321991,-0.4804455041885376,-0.04940659925341606,-0.8673428893089294
25.20023429999128,-0.09408392012119293,2.2971816062927246,1.146977424621582,0.12084461748600006,-0.4798157215118408,-0.048821717500686646,-0.8676347136497498
25.204230400035158,-0.09409695863723755,2.297278642654419,1.146964192390442,0.12081757187843323,-0.4796772301197052,-0.048828329890966415,-0.8677145838737488
25.208830900024623,-0.09406856447458267,2.2973575592041016,1.1469361782073975,0.1209029108285904,-0.47956013679504395,-0.04888058826327324,-0.8677645921707153
25.213239100005012,-0.09406060725450516,2.2974233627319336,1.146909475326538,0.12099598348140717,-0.4794795513153076,-0.049015868455171585,-0.8677884340286255
25.216960999998264,-0.09406992793083191,2.2974672317504883,1.1468790769577026,0.12113160640001297,-0.47941142320632935,-0.049245432019233704,-0.8677942156791687
25.22196360002272,-0.09397034347057343,2.2975502014160156,1.146776795387268,0.12097319960594177,-0.4789735972881317,-0.04976359009742737,-0.8680284023284912
25.22596180002438,-0.09396062046289444,2.297466516494751,1.1466103792190552,0.12166876345872879,-0.47789934277534485,-0.05067797377705574,-0.868470311164856
25.229576600017026,-0.09400404989719391,2.2974581718444824,1.1466898918151855,0.12175647914409637,-0.47878193855285645,-0.050059348344802856,-0.8680076003074646
25.23364930000389,-0.09397531300783157,2.297475576400757,1.146639347076416,0.12170565128326416,-0.4783954620361328,-0.04911055415868759,-0.8682820200920105
25.23780890001217,-0.09385241568088531,2.2975189685821533,1.14664888381958,0.12169065326452255,-0.4784191846847534,-0.0494704432785511,-0.8682506680488586
25.24265979998745,-0.09384484589099884,2.2974977493286133,1.1466525793075562,0.12175450474023819,-0.4785190522670746,-0.04902954399585724,-0.8682116270065308
25.246519300038926,-0.09384206682443619,2.297510862350464,1.1466645002365112,0.12176015973091125,-0.4785877764225006,-0.048812251538038254,-0.8681852221488953
25.250481600000057,-0.09379813820123672,2.297546625137329,1.146673321723938,0.12178550660610199,-0.4786728024482727,-0.04859974980354309,-0.8681467771530151
25.25487530004466,-0.09373418241739273,2.2975692749023438,1.1466642618179321,0.12166374176740646,-0.4786398112773895,-0.04853413626551628,-0.8681856989860535
25.25847280002199,-0.09373418241739273,2.2975692749023438,1.1466642618179321,0.12166374176740646,-0.4786398112773895,-0.04853413626551628,-0.8681856989860535
25.26324120000936,-0.09361378848552704,2.297708034515381,1.146546721458435,0.12109663337469101,-0.4784867763519287,-0.04946092888712883,-0.8682970404624939
25.267541700042784,-0.09352386742830276,2.2977609634399414,1.146472692489624,0.12097173929214478,-0.4782877564430237,-0.050046078860759735,-0.8683905005455017
25.271378400037065,-0.09347178041934967,2.2977871894836426,1.1463876962661743,0.12098834663629532,-0.4782429337501526,-0.05006974935531616,-0.8684114813804626
25.275622899993323,-0.09339413791894913,2.2978806495666504,1.1463629007339478,0.12037564814090729,-0.4784388542175293,-0.04881595820188522,-0.8684600591659546
25.279653000005055,-0.09334039688110352,2.297908067703247,1.1462922096252441,0.1201370432972908,-0.47866925597190857,-0.0485784150660038,-0.868379533290863
25.28432169998996,-0.09327036887407303,2.2979178428649902,1.1462279558181763,0.11995255202054977,-0.47870227694511414,-0.04864371195435524,-0.8683831095695496
25.288229900004808,-0.09322046488523483,2.2979156970977783,1.146195650100708,0.11993859708309174,-0.47872766852378845,-0.048566784709692,-0.8683754205703735
25.29259170003934,-0.09320046007633209,2.297907829284668,1.1461982727050781,0.12004850059747696,-0.47872650623321533,-0.048503197729587555,-0.8683644533157349
25.29745539999567,-0.09316323697566986,2.297903299331665,1.1462241411209106,0.12014376372098923,-0.4786740243434906,-0.048233579844236374,-0.868395209312439
25.301445099990815,-0.0931614339351654,2.297893524169922,1.1462403535842896,0.12025906145572662,-0.47856810688972473,-0.04809615761041641,-0.8684452772140503
25.305157700029667,-0.0931338369846344,2.2979354858398438,1.1463196277618408,0.12005891650915146,-0.4787931442260742,-0.04680075868964195,-0.8684196472167969
25.310503100045025,-0.09311696141958237,2.2979307174682617,1.1463357210159302,0.12017911672592163,-0.4787425696849823,-0.046594541519880295,-0.8684419989585876
25.314563299994916,-0.0930698812007904,2.2979421615600586,1.1463643312454224,0.1202535480260849,-0.4787270426750183,-0.04673871770501137,-0.8684324622154236
25.31979159999173,-0.09305790066719055,2.29795241355896,1.1463779211044312,0.1202334612607956,-0.4787900149822235,-0.046686504036188126,-0.8684033751487732
25.325632599997334,-0.09297676384449005,2.2979156970977783,1.146337866783142,0.12058006972074509,-0.4788416624069214,-0.04551241919398308,-0.8683891296386719
25.329623900004663,-0.09292453527450562,2.2979557514190674,1.146296739578247,0.12038126587867737,-0.4788343608379364,-0.045815277844667435,-0.8684048652648926
25.333894700044766,-0.09285619109869003,2.2979981899261475,1.1462664604187012,0.1201506033539772,-0.4787866175174713,-0.04607625678181648,-0.868449330329895
25.337869100039825,-0.09280321002006531,2.298029661178589,1.146242618560791,0.1199890747666359,-0.478790819644928,-0.046195074915885925,-0.8684629797935486
25.341937199991662,-0.09275616705417633,2.298039436340332,1.1462634801864624,0.11998847872018814,-0.47869086265563965,-0.046180691570043564,-0.8685190081596375
25.34619270003168,-0.09268570691347122,2.298037528991699,1.1463426351547241,0.12006527185440063,-0.47849041223526,-0.045521851629018784,-0.8686535358428955
25.350373800029047,-0.09266215562820435,2.298034429550171,1.146386981010437,0.12017000466585159,-0.47841447591781616,-0.045170463621616364,-0.8686992526054382
25.354517100029625,-0.09261883795261383,2.2980942726135254,1.1464020013809204,0.11982686817646027,-0.4783565104007721,-0.043848127126693726,-0.8688463568687439
25.35905950004235,-0.09253442287445068,2.2980868816375732,1.1463783979415894,0.11954717338085175,-0.4786190688610077,-0.04345400631427765,-0.8687600493431091
25.362818900030106,-0.09245821088552475,2.298128128051758,1.1464195251464844,0.11992943286895752,-0.4785730540752411,-0.04380713403224945,-0.8687149882316589
25.367143100011162,-0.09238017350435257,2.298163414001465,1.14647376537323,0.12003400176763535,-0.4785405695438385,-0.04377847909927368,-0.8687199354171753
25.371148900012486,-0.09230134636163712,2.2981765270233154,1.146492600440979,0.1200796365737915,-0.4784797728061676,-0.043840087950229645,-0.8687439560890198
25.37550540000666,-0.09222950041294098,2.2981817722320557,1.1465034484863281,0.11990700662136078,-0.47851958870887756,-0.04370290786027908,-0.8687527775764465
25.37973789998796,-0.09217723459005356,2.298201084136963,1.1465193033218384,0.11991908401250839,-0.47850045561790466,-0.04372522234916687,-0.8687605857849121
25.38371810002718,-0.09208733588457108,2.298236608505249,1.1465420722961426,0.1198812946677208,-0.4785095453262329,-0.0437895767390728,-0.8687575459480286
25.388074100017548,-0.09204801917076111,2.2982590198516846,1.1465617418289185,0.11987239867448807,-0.4784986972808838,-0.04370087385177612,-0.8687692284584045
25.39164059999166,-0.09204801917076111,2.2982590198516846,1.1465617418289185,0.11987239867448807,-0.4784986972808838,-0.04370087385177612,-0.8687692284584045
25.39514149999013,-0.09204801917076111,2.2982590198516846,1.1465617418289185,0.11987239867448807,-0.4784986972808838,-0.04370087385177612,-0.8687692284584045
25.398689099994954,-0.09193801134824753,2.298344135284424,1.1467297077178955,0.12012921273708344,-0.4788799285888672,-0.04315825551748276,-0.868550717830658
25.4033000000054,-0.0917973443865776,2.298389434814453,1.1468048095703125,0.12025876343250275,-0.47877928614616394,-0.04303031042218208,-0.8685946464538574
25.407475300016813,-0.09174837172031403,2.29836368560791,1.146796464920044,0.12017746269702911,-0.47877171635627747,-0.04290786013007164,-0.8686161041259766
25.4115226000431,-0.09163940697908401,2.298285722732544,1.1467465162277222,0.12077293545007706,-0.4784655272960663,-0.04470493644475937,-0.8686115741729736
25.417900200001895,-0.09137431532144547,2.29842472076416,1.1467399597167969,0.1199231892824173,-0.4783228039741516,-0.04222603887319565,-0.8689319491386414
25.42167640000116,-0.09128867089748383,2.298457384109497,1.1467132568359375,0.11983778327703476,-0.47833213210105896,-0.04243825748562813,-0.8689282536506653
25.425522900011856,-0.09118710458278656,2.2984774112701416,1.1466213464736938,0.11984904110431671,-0.47833096981048584,-0.042327236384153366,-0.8689327239990234
25.430243200040422,-0.091095469892025,2.298567056655884,1.146538496017456,0.11958569288253784,-0.478299081325531,-0.043194372206926346,-0.868943989276886
25.4337358000339,-0.09098538756370544,2.298646926879883,1.146521806716919,0.11920975148677826,-0.47817882895469666,-0.04378839209675789,-0.8690320253372192
25.438117999990936,-0.09086322784423828,2.298713207244873,1.1464354991912842,0.11917507648468018,-0.4781167805194855,-0.04416533187031746,-0.8690518140792847
25.44232050003484,-0.09073977917432785,2.2987778186798096,1.1463488340377808,0.11899826675653458,-0.47786110639572144,-0.04449442774057388,-0.8691998720169067
25.446082100039348,-0.09068766981363297,2.2988429069519043,1.1462066173553467,0.11941021680831909,-0.4782191514968872,-0.04480177164077759,-0.8689306378364563
25.450431500037666,-0.09057936072349548,2.2988901138305664,1.146144151687622,0.11941136419773102,-0.4785214066505432,-0.04480976238846779,-0.8687637448310852
25.454494900011923,-0.09050271660089493,2.298916816711426,1.1461365222930908,0.11942426860332489,-0.47857317328453064,-0.04485885426402092,-0.8687307834625244
25.458663000026718,-0.09043586999177933,2.2989227771759033,1.1461344957351685,0.11955756694078445,-0.4783748388290405,-0.044521693140268326,-0.8688390254974365
25.462943400023505,-0.09036923199892044,2.298945665359497,1.146146297454834,0.11963086575269699,-0.478263258934021,-0.044517554342746735,-0.868890643119812
25.467109000019263,-0.0902930274605751,2.2989368438720703,1.1461522579193115,0.11969157308340073,-0.47830814123153687,-0.04431783780455589,-0.8688677549362183
25.471489600022323,-0.09021037071943283,2.2989583015441895,1.1461353302001953,0.11981082707643509,-0.47825923562049866,-0.04423083737492561,-0.8688827157020569
25.475491999997757,-0.09005831927061081,2.2989702224731445,1.1461520195007324,0.12018375843763351,-0.47822868824005127,-0.044861651957035065,-0.8688156604766846
25.480377700005192,-0.08989571779966354,2.2989683151245117,1.146048903465271,0.12036094814538956,-0.4786734879016876,-0.04511315003037453,-0.868533194065094
25.483933500014246,-0.08979586511850357,2.298976421356201,1.1459935903549194,0.12031682580709457,-0.47889330983161926,-0.044847600162029266,-0.8684317469596863
25.487881600041874,-0.0896904245018959,2.2990076541900635,1.1459846496582031,0.12043078988790512,-0.4788638949394226,-0.044760748744010925,-0.8684366941452026
25.492471800011117,-0.08959446102380753,2.299041748046875,1.1459664106369019,0.12057634443044662,-0.47876831889152527,-0.04506988823413849,-0.8684531450271606
25.496609600028023,-0.08948919922113419,2.299030303955078,1.1459542512893677,0.12089407444000244,-0.4786643385887146,-0.04443573206663132,-0.8684990406036377
25.500443500000983,-0.08934534341096878,2.2990670204162598,1.1459370851516724,0.12082086503505707,-0.47900086641311646,-0.04439210891723633,-0.8683258891105652
25.50446450000163,-0.08922049403190613,2.2991158962249756,1.1459236145019531,0.12092391401529312,-0.4793029725551605,-0.04432186484336853,-0.8681483864784241
25.508766200044192,-0.08915521949529648,2.2991604804992676,1.1459424495697021,0.12091026455163956,-0.4793441593647003,-0.04453609511256218,-0.8681166172027588
25.513343400030863,-0.089041568338871,2.29929256439209,1.1461095809936523,0.12048225104808807,-0.47911760210990906,-0.04537861794233322,-0.8682575821876526
25.519195000000764,-0.08899348229169846,2.2993581295013428,1.1461844444274902,0.12067905813455582,-0.4789462387561798,-0.04562028497457504,-0.8683120608329773
25.522853500035126,-0.08895905315876007,2.299427032470703,1.1461867094039917,0.1208869218826294,-0.47885507345199585,-0.04552891477942467,-0.8683381676673889
25.527223900018726,-0.08894011378288269,2.299497365951538,1.1460257768630981,0.12110307812690735,-0.4788358509540558,-0.04582161083817482,-0.8683032989501953
25.531462499988265,-0.08881362527608871,2.2995615005493164,1.1458539962768555,0.12098132073879242,-0.4786325693130493,-0.04600377008318901,-0.86842280626297
25.535494600015227,-0.0887022614479065,2.299546718597412,1.1456782817840576,0.12151391804218292,-0.47821539640426636,-0.04612290859222412,-0.8685718774795532
25.5396180000389,-0.08858425170183182,2.2995572090148926,1.14557683467865,0.12176577001810074,-0.47790566086769104,-0.04538099467754364,-0.8687461614608765
25.54372479999438,-0.08854705095291138,2.299661159515381,1.145464539527893,0.12154735624790192,-0.4777696430683136,-0.04435918480157852,-0.8689042925834656
25.548065999988467,-0.08852530270814896,2.2997543811798096,1.145460605621338,0.12146936357021332,-0.47773540019989014,-0.04408640041947365,-0.8689479231834412
25.552409199997783,-0.08850748091936111,2.299880266189575,1.1454764604568481,0.12106119841337204,-0.4778396487236023,-0.0427248477935791,-0.869015634059906
25.556573200039566,-0.0884469747543335,2.2999765872955322,1.1454863548278809,0.12085998058319092,-0.4778763949871063,-0.04163884371519089,-0.8690760731697083
25.560511699994095,-0.08842282742261887,2.3000268936157227,1.145506501197815,0.12084499001502991,-0.4777968227863312,-0.0414946973323822,-0.8691288232803345
25.56394389999332,-0.08840734511613846,2.300076961517334,1.1455506086349487,0.12094151973724365,-0.477676123380661,-0.0416402742266655,-0.8691747188568115
25.567662100016605,-0.08836790919303894,2.3001394271850586,1.1455963850021362,0.12094132602214813,-0.477601557970047,-0.04142219200730324,-0.8692262768745422
25.571143500041217,-0.08833387494087219,2.3002004623413086,1.1456562280654907,0.12099578976631165,-0.4775313436985016,-0.04128649830818176,-0.8692636489868164
25.575906499987468,-0.08833454549312592,2.3002469539642334,1.1456995010375977,0.12099643796682358,-0.4774453639984131,-0.04116204380989075,-0.8693166971206665
25.582008500001393,-0.0883244127035141,2.3003053665161133,1.1457637548446655,0.12105001509189606,-0.47732916474342346,-0.04124963656067848,-0.869368851184845
25.58661180001218,-0.08830666542053223,2.300429105758667,1.145849347114563,0.12123514711856842,-0.4772895872592926,-0.041721079498529434,-0.8693422675132751
25.591609199997038,-0.08830519765615463,2.300657272338867,1.1458553075790405,0.12064868956804276,-0.4772217869758606,-0.041175417602062225,-0.8694871068000793
25.595952300005592,-0.08822953701019287,2.300795555114746,1.1457871198654175,0.12014544010162354,-0.47696423530578613,-0.04137827455997467,-0.8696884512901306
25.600214700039942,-0.08819868415594101,2.300886392593384,1.1457395553588867,0.11989747732877731,-0.47688379883766174,-0.04155131056904793,-0.8697585463523865
25.604461100010667,-0.0881938636302948,2.300971508026123,1.1457091569900513,0.11970136314630508,-0.47685736417770386,-0.04152936115860939,-0.8698011040687561
25.608764500007965,-0.08816185593605042,2.301081418991089,1.1456687450408936,0.12106052041053772,-0.4759030044078827,-0.04368966817855835,-0.870029866695404
25.612890899996273,-0.08813593536615372,2.3011958599090576,1.145681381225586,0.12104851007461548,-0.47572845220565796,-0.04396101087331772,-0.8701132535934448
25.617181900015566,-0.08814888447523117,2.3012826442718506,1.145709753036499,0.12093058973550797,-0.4756021499633789,-0.043963994830846786,-0.8701985478401184
25.62130400002934,-0.08818777650594711,2.3014252185821533,1.1458368301391602,0.12108053267002106,-0.4757728576660156,-0.04427555203437805,-0.8700686097145081
25.625455000030342,-0.08820751309394836,2.3015732765197754,1.1459438800811768,0.12142223864793777,-0.4752497673034668,-0.04469619318842888,-0.8702853322029114
25.62952060002135,-0.08824709057807922,2.3016979694366455,1.1460678577423096,0.12134236097335815,-0.47486138343811035,-0.04538826644420624,-0.8704726099967957
25.63370850001229,-0.08829439431428909,2.3017990589141846,1.146160364151001,0.12132854759693146,-0.47466152906417847,-0.045224882662296295,-0.8705920577049255
25.63790590001736,-0.08829481899738312,2.301922082901001,1.1462551355361938,0.12105218321084976,-0.4745882451534271,-0.04416318237781525,-0.8707249760627747
25.642025900015142,-0.08833307027816772,2.3020169734954834,1.146339774131775,0.12104471027851105,-0.4743887186050415,-0.04382738843560219,-0.8708516955375671
25.64619140001014,-0.0884215459227562,2.302152156829834,1.1464051008224487,0.12066520750522614,-0.4742763042449951,-0.042028531432151794,-0.8710543513298035
25.650509600003716,-0.08844488859176636,2.3022422790527344,1.1464390754699707,0.12063317000865936,-0.47399988770484924,-0.0412619449198246,-0.871245801448822
25.65444920002483,-0.08841300755739212,2.3024418354034424,1.1464083194732666,0.12086927145719528,-0.4733802378177643,-0.04216640442609787,-0.8715065717697144
25.660484899999574,-0.08854403346776962,2.302551507949829,1.1464505195617676,0.12088674306869507,-0.47360944747924805,-0.04159405827522278,-0.871407151222229
25.66490040003555,-0.08855172246694565,2.302680253982544,1.146437406539917,0.12070435285568237,-0.47305330634117126,-0.041450101882219315,-0.8717412948608398
25.668738100037444,-0.0885552391409874,2.3028404712677,1.1464074850082397,0.12061043083667755,-0.47252869606018066,-0.042186759412288666,-0.8720034956932068
25.675944500020705,-0.08877682685852051,2.303032398223877,1.1462956666946411,0.1208169087767601,-0.472471684217453,-0.041986532509326935,-0.8720154166221619
25.680094100011047,-0.088828906416893,2.3031389713287354,1.1462266445159912,0.12081193178892136,-0.4721277058124542,-0.0416480153799057,-0.8722187280654907
25.685484300018288,-0.08887985348701477,2.3032824993133545,1.146195888519287,0.12074827402830124,-0.4717186391353607,-0.04211638495326042,-0.8724262714385986
25.689006300002802,-0.08901457488536835,2.303410053253174,1.1461584568023682,0.12079409509897232,-0.4711399972438812,-0.04256236180663109,-0.8727108836174011
25.693074300012086,-0.08905112743377686,2.303542375564575,1.1461024284362793,0.12069801241159439,-0.4707241952419281,-0.04240880906581879,-0.8729560375213623
25.69653760001529,-0.08912086486816406,2.303751230239868,1.1460654735565186,0.12009496241807938,-0.47040095925331116,-0.04269661009311676,-0.873199462890625
25.700570499990135,-0.08921802788972855,2.3038718700408936,1.146036982536316,0.11974337697029114,-0.47001317143440247,-0.04245886579155922,-0.8734680414199829
25.70473930001026,-0.08929523825645447,2.3039662837982178,1.1460189819335938,0.11952468752861023,-0.46982941031455994,-0.04243319109082222,-0.873598039150238
25.708892500028014,-0.08931887149810791,2.3040611743927,1.1460199356079102,0.11955336481332779,-0.4695875942707062,-0.04223856329917908,-0.8737335801124573
25.71350390004227,-0.08937297016382217,2.3041062355041504,1.1460241079330444,0.11954569071531296,-0.4694386422634125,-0.042004141956567764,-0.8738259673118591
25.717218400037382,-0.0893634632229805,2.3041269779205322,1.1460058689117432,0.11961536109447479,-0.4689358174800873,-0.04119641333818436,-0.8741248250007629
25.721500599989668,-0.08938544988632202,2.304147958755493,1.1459904909133911,0.1195988729596138,-0.46874290704727173,-0.041035089641809464,-0.874238133430481
25.725987100042403,-0.08938267827033997,2.3041865825653076,1.1459169387817383,0.11941371113061905,-0.4683534801006317,-0.040919505059719086,-0.8744775652885437
25.730143400025554,-0.08941197395324707,2.3042142391204834,1.1458958387374878,0.11917847394943237,-0.4682111144065857,-0.040700141340494156,-0.874596118927002
25.734463200031314,-0.08942694962024689,2.3042428493499756,1.1458525657653809,0.11907939612865448,-0.4681245982646942,-0.04047379642724991,-0.8746663928031921
25.738381100003608,-0.08942268788814545,2.304265260696411,1.1458208560943604,0.11897248029708862,-0.4679872691631317,-0.04038957133889198,-0.8747583627700806
25.74268900003517,-0.08945441246032715,2.3042759895324707,1.1457852125167847,0.1188138797879219,-0.4678886830806732,-0.04003489762544632,-0.8748489618301392
25.746461600007024,-0.08951860666275024,2.3043150901794434,1.1457641124725342,0.11903882026672363,-0.46741414070129395,-0.040057357400655746,-0.8750709891319275
25.750352600007318,-0.08953788876533508,2.3043277263641357,1.1457139253616333,0.1189223900437355,-0.46724772453308105,-0.04006652161478996,-0.8751752376556396
25.754672700015362,-0.08956769108772278,2.304356575012207,1.1456574201583862,0.11875269562005997,-0.46715667843818665,-0.04008932039141655,-0.8752458095550537
25.759114900021814,-0.08960013836622238,2.3043885231018066,1.1456167697906494,0.1184750348329544,-0.4671902060508728,-0.040099840611219406,-0.8752651810646057
25.763694800029043,-0.08968689292669296,2.3044190406799316,1.1455529928207397,0.11817055195569992,-0.4671876132488251,-0.03992738574743271,-0.8753156065940857
25.767819400003646,-0.08972319960594177,2.304474115371704,1.1454524993896484,0.11840147525072098,-0.46733590960502625,-0.040012940764427185,-0.8752012848854065
25.771270800032653,-0.08973836898803711,2.3044967651367188,1.1454113721847534,0.1182067021727562,-0.467360258102417,-0.039940569549798965,-0.875217854976654
25.775900100008585,-0.08974458277225494,2.3045027256011963,1.145395040512085,0.11794665455818176,-0.46724069118499756,-0.039852727204561234,-0.8753207921981812
25.779819099989254,-0.08975844830274582,2.3045005798339844,1.1453657150268555,0.11782506853342056,-0.4670933485031128,-0.039737433195114136,-0.8754209876060486
25.783877000038046,-0.0897693783044815,2.3044633865356445,1.1454073190689087,0.11731381714344025,-0.46673300862312317,-0.039484139531850815,-0.8756933212280273
25.789727099996526,-0.08976291120052338,2.3044543266296387,1.1454100608825684,0.11721443384885788,-0.46662142872810364,-0.03944079205393791,-0.8757681250572205
25.79382890003035,-0.08975351601839066,2.3044538497924805,1.145390272140503,0.11697714775800705,-0.46651801466941833,-0.039021432399749756,-0.8758736252784729
25.7980266000377,-0.08975546807050705,2.3044631481170654,1.1453882455825806,0.11680307984352112,-0.46644142270088196,-0.038747549057006836,-0.8759498000144958
25.802563600009307,-0.08974432200193405,2.3044955730438232,1.1454054117202759,0.1163947731256485,-0.466544508934021,-0.0378323569893837,-0.8759892582893372
25.80641130002914,-0.0897543877363205,2.304527759552002,1.1453717947006226,0.11620684713125229,-0.46651214361190796,-0.03739800676703453,-0.8760501146316528
25.810569800029043,-0.08975167572498322,2.3045785427093506,1.1453421115875244,0.11603856831789017,-0.46643203496932983,-0.03738623112440109,-0.876115620136261
25.814692999992985,-0.08975882828235626,2.3047094345092773,1.1452829837799072,0.11533250659704208,-0.4664091169834137,-0.03599362075328827,-0.876279354095459
25.8183273000177,-0.08978146314620972,2.3048195838928223,1.1452558040618896,0.11474265903234482,-0.46652930974960327,-0.035970110446214676,-0.8762937188148499
25.822518900036812,-0.08976003527641296,2.305007219314575,1.1452641487121582,0.11406488716602325,-0.4661860764026642,-0.03749958798289299,-0.8765007257461548
25.827189400035422,-0.08977296948432922,2.3051464557647705,1.145237922668457,0.11358115822076797,-0.4660530090332031,-0.03844345360994339,-0.8765934109687805
25.831402600044385,-0.08986303955316544,2.3052995204925537,1.1452221870422363,0.1129084974527359,-0.466353178024292,-0.03700017184019089,-0.8765828013420105
25.83549910003785,-0.08990130573511124,2.3054425716400146,1.1451126337051392,0.11300643533468246,-0.46664562821388245,-0.03644825890660286,-0.8764376044273376
25.8396655000397,-0.08992777019739151,2.305595874786377,1.1450849771499634,0.11245038360357285,-0.46672141551971436,-0.035606734454631805,-0.8765033483505249
25.84374320000643,-0.0899631679058075,2.3057146072387695,1.145074725151062,0.11225291341543198,-0.4665679335594177,-0.035779111087322235,-0.8766034245491028
25.848052000044845,-0.09006360173225403,2.305875778198242,1.1449905633926392,0.11226619780063629,-0.4662107825279236,-0.03624437749385834,-0.8767726421356201
25.85217150003882,-0.09010466188192368,2.306030511856079,1.1449769735336304,0.11202697455883026,-0.46595868468284607,-0.03658284991979599,-0.876923143863678
25.856275400030427,-0.09013795107603073,2.3061487674713135,1.1449692249298096,0.11178119480609894,-0.465840220451355,-0.03658021241426468,-0.8770175576210022
25.85989600000903,-0.09018194675445557,2.306272029876709,1.144964575767517,0.11155694723129272,-0.46568381786346436,-0.03647858276963234,-0.8771333694458008
25.86337520001689,-0.09021791815757751,2.306382656097412,1.1449637413024902,0.11133375763893127,-0.4654846489429474,-0.036485955119132996,-0.8772671222686768
25.867350800021086,-0.09028304368257523,2.3065109252929688,1.1449947357177734,0.1113266870379448,-0.4651557207107544,-0.0365322008728981,-0.8774405717849731
25.871318600024097,-0.09038280695676804,2.3067078590393066,1.1450130939483643,0.11178000271320343,-0.46461018919944763,-0.03691720589995384,-0.8776558041572571
25.876165900030173,-0.09047552943229675,2.3068578243255615,1.144952416419983,0.11190217733383179,-0.4639703333377838,-0.03638302907347679,-0.8780009150505066
25.879957200028002,-0.09055355936288834,2.3069825172424316,1.1449685096740723,0.11188101768493652,-0.463624507188797,-0.03642694279551506,-0.8781846165657043
25.883702100021765,-0.09065685421228409,2.3071999549865723,1.1450098752975464,0.11143140494823456,-0.4633994400501251,-0.037451762706041336,-0.8783173561096191
25.888028000015765,-0.09069206565618515,2.3074183464050293,1.145058512687683,0.11096108704805374,-0.4627101421356201,-0.03830067440867424,-0.8787035942077637
25.8943354000221,-0.09083512425422668,2.3076894283294678,1.1451117992401123,0.11034319549798965,-0.4621392488479614,-0.03713224455714226,-0.8791318535804749
25.898262200003956,-0.09096740186214447,2.3078842163085938,1.1451438665390015,0.1101035624742508,-0.4617622494697571,-0.037236977368593216,-0.8793555498123169
25.9025999000296,-0.09107714146375656,2.308084726333618,1.1451976299285889,0.10991742461919785,-0.46133777499198914,-0.03775787726044655,-0.8795794248580933
25.90655070001958,-0.09120573103427887,2.3083388805389404,1.1452548503875732,0.10928517580032349,-0.4610692858695984,-0.03680514171719551,-0.8798394203186035
25.91080569999758,-0.09137151390314102,2.308523654937744,1.1453355550765991,0.1089722290635109,-0.4607396423816681,-0.03683694824576378,-0.880049467086792
25.915018100000452,-0.0915960818529129,2.3087830543518066,1.145451545715332,0.10862847417593002,-0.4600357711315155,-0.036952707916498184,-0.8804552555084229
25.919303800037596,-0.09177090972661972,2.308976173400879,1.145653486251831,0.10923926532268524,-0.45907872915267944,-0.03709886223077774,-0.8808729648590088
25.923349499993492,-0.09188000112771988,2.30910587310791,1.1458014249801636,0.10907607525587082,-0.4584941565990448,-0.037423957139253616,-0.8811838626861572
25.927399300038815,-0.09199047833681107,2.309206008911133,1.145920753479004,0.10901985317468643,-0.45807746052742004,-0.037538956850767136,-0.8814025521278381
25.931659399997443,-0.09211168438196182,2.3093276023864746,1.145983099937439,0.10945485532283783,-0.457542359828949,-0.03754415735602379,-0.8816263675689697
25.935834700008854,-0.0922422930598259,2.3094189167022705,1.1460802555084229,0.10953136533498764,-0.45715802907943726,-0.03760445490479469,-0.8818137049674988
25.940713300020434,-0.09237196296453476,2.309511423110962,1.1461894512176514,0.10963220149278641,-0.4568288028240204,-0.037345826625823975,-0.8819828033447266
25.946095200022683,-0.092613585293293,2.309677839279175,1.146396279335022,0.10935930907726288,-0.455962598323822,-0.03721150383353233,-0.8824703693389893
25.950493400043342,-0.09273692965507507,2.309781551361084,1.1464606523513794,0.109074667096138,-0.4555000960826874,-0.036646854132413864,-0.8827679753303528
25.95442240004195,-0.09283235669136047,2.3098645210266113,1.1465128660202026,0.10907003283500671,-0.4552239179611206,-0.03680381178855896,-0.882904589176178
25.958736500004306,-0.0929119661450386,2.309969425201416,1.146575689315796,0.10897146910429001,-0.4549076557159424,-0.03713025525212288,-0.8830659985542297
25.962896600016393,-0.09300755709409714,2.31005859375,1.1466742753982544,0.10869069397449493,-0.4542953670024872,-0.03717097267508507,-0.8834140300750732
25.966941500024404,-0.09307476878166199,2.310145854949951,1.146735429763794,0.10871043056249619,-0.45410504937171936,-0.037257108837366104,-0.8835058808326721
25.97123670001747,-0.09312914311885834,2.310192584991455,1.146783709526062,0.10860982537269592,-0.4538976848125458,-0.03728650510311127,-0.883623480796814
25.975362299999688,-0.09317954629659653,2.310232162475586,1.1468350887298584,0.1084660142660141,-0.45365312695503235,-0.037186648696660995,-0.8837709426879883
25.97952200000873,-0.09328010678291321,2.3102595806121826,1.1468473672866821,0.10831671208143234,-0.4534913897514343,-0.036706577986478806,-0.8838923573493958
25.98377079999773,-0.09331046044826508,2.3102972507476807,1.1468737125396729,0.10829554498195648,-0.45322462916374207,-0.03668985515832901,-0.8840324878692627
25.987772300024517,-0.09333620220422745,2.3103160858154297,1.1469155550003052,0.10813701152801514,-0.4530639350414276,-0.03686711937189102,-0.8841268420219421
25.992437800043263,-0.09336396306753159,2.31032657623291,1.146939992904663,0.108167864382267,-0.4528847932815552,-0.036946941167116165,-0.8842114806175232
25.9960992000415,-0.09336396306753159,2.31032657623291,1.146939992904663,0.108167864382267,-0.4528847932815552,-0.036946941167116165,-0.8842114806175232
26.000556100043468,-0.09345412254333496,2.3104326725006104,1.1470561027526855,0.10717009007930756,-0.45324867963790894,-0.0337882861495018,-0.8842728734016418
26.004834900028072,-0.0934726670384407,2.310417413711548,1.1470674276351929,0.10724306106567383,-0.45316144824028015,-0.033839382231235504,-0.8843068480491638
26.00881060003303,-0.09342782944440842,2.310347080230713,1.147006869316101,0.10790396481752396,-0.45272940397262573,-0.0355905257165432,-0.8843790292739868
26.01303580001695,-0.09341736882925034,2.3103716373443604,1.1469773054122925,0.10791817307472229,-0.45263195037841797,-0.035721950232982635,-0.8844217658042908
26.017011300020386,-0.09342348575592041,2.310385227203369,1.1469429731369019,0.10784465074539185,-0.45260822772979736,-0.035853683948516846,-0.8844375610351562
26.021316900034435,-0.09341024607419968,2.3104171752929688,1.146891474723816,0.1077633798122406,-0.45253121852874756,-0.03580770269036293,-0.8844887614250183
26.0256151999929,-0.09338176995515823,2.3104541301727295,1.1468379497528076,0.10770928114652634,-0.452515184879303,-0.035803016275167465,-0.8845037817955017
26.029723300016485,-0.09334981441497803,2.3104746341705322,1.1467814445495605,0.10769784450531006,-0.45246171951293945,-0.03581957519054413,-0.8845318555831909
26.03443190001417,-0.09329310804605484,2.310518741607666,1.1466680765151978,0.10753314197063446,-0.4521908760070801,-0.03632314130663872,-0.8846697807312012
26.03969240002334,-0.09323889017105103,2.3105480670928955,1.1466026306152344,0.10743169486522675,-0.4521704614162445,-0.03660987690091133,-0.8846808075904846
26.04372090002289,-0.09317845851182938,2.3105907440185547,1.146441102027893,0.107817143201828,-0.45237815380096436,-0.03683417662978172,-0.8845183253288269
26.047937399998773,-0.09311047941446304,2.310624361038208,1.1463426351547241,0.10790614783763885,-0.4524745047092438,-0.036826834082603455,-0.8844585418701172
26.05218800000148,-0.09302720427513123,2.3106489181518555,1.1462351083755493,0.1078316792845726,-0.45249903202056885,-0.03692285344004631,-0.8844510912895203
26.05605920002563,-0.09293883293867111,2.3106844425201416,1.1461093425750732,0.10776998102664948,-0.45284709334373474,-0.03682631626725197,-0.8842844367027283
26.059666400018614,-0.0928916186094284,2.3107352256774902,1.1459475755691528,0.10769850760698318,-0.4529802203178406,-0.037168003618717194,-0.8842106461524963
26.063049699994735,-0.09275448322296143,2.310795545578003,1.145891785621643,0.10757411271333694,-0.45310744643211365,-0.03747682645916939,-0.8841475248336792
26.06729760003509,-0.09267352521419525,2.3108222484588623,1.1457984447479248,0.10743466019630432,-0.4531949460506439,-0.03732427954673767,-0.8841262459754944
26.071210200025234,-0.09259801357984543,2.310840129852295,1.1457418203353882,0.10740450769662857,-0.4532788097858429,-0.03734750673174858,-0.8840858340263367
26.0756182000041,-0.09252797812223434,2.3108584880828857,1.1457061767578125,0.10725917667150497,-0.45345422625541687,-0.03705328702926636,-0.8840258717536926
26.080376300029457,-0.09246121346950531,2.3108701705932617,1.1456775665283203,0.10723929852247238,-0.45360586047172546,-0.036964911967515945,-0.8839542269706726
26.083979599992745,-0.09236478805541992,2.3109326362609863,1.145646095275879,0.10699447244405746,-0.45343485474586487,-0.03684026002883911,-0.8840768337249756
26.088153499993496,-0.09228745102882385,2.310936689376831,1.1455789804458618,0.10716427117586136,-0.4532357156276703,-0.03766356408596039,-0.884123682975769
26.092019800038543,-0.09215611964464188,2.3109705448150635,1.1455907821655273,0.10716789215803146,-0.4527494013309479,-0.03760644793510437,-0.8843747973442078
26.096612200024538,-0.09209474176168442,2.3109986782073975,1.1455764770507812,0.10692370682954788,-0.452858030796051,-0.036982644349336624,-0.8843750953674316
26.10045170004014,-0.09203571826219559,2.311042547225952,1.1455575227737427,0.10669313371181488,-0.4529235363006592,-0.03687688335776329,-0.8843737840652466
26.104552200005855,-0.09198617190122604,2.311091184616089,1.1455296277999878,0.1066499650478363,-0.45292338728904724,-0.036957137286663055,-0.8843757510185242
26.1089952000184,-0.09190396219491959,2.3111298084259033,1.145501971244812,0.10650014877319336,-0.4532095193862915,-0.036806076765060425,-0.8842534422874451
26.113078400027007,-0.0918741300702095,2.3112235069274902,1.1454555988311768,0.10591884702444077,-0.45340707898139954,-0.035579536110162735,-0.8842722773551941
26.117207600036636,-0.09183387458324432,2.311281681060791,1.1452656984329224,0.10568393766880035,-0.4529726207256317,-0.03525974974036217,-0.8845357298851013
26.12130540004,-0.09185786545276642,2.3113479614257812,1.1451060771942139,0.1058635339140892,-0.45247092843055725,-0.03559865429997444,-0.884757399559021
26.125523400027305,-0.09184642881155014,2.311452627182007,1.1449369192123413,0.10565914213657379,-0.4522596299648285,-0.03607248514890671,-0.884870707988739
26.13043280004058,-0.09183712303638458,2.3115360736846924,1.1448659896850586,0.10551175475120544,-0.4521888196468353,-0.036255206912755966,-0.8849170207977295
26.134158900007606,-0.09193538129329681,2.3116393089294434,1.1446846723556519,0.10506605356931686,-0.4526052176952362,-0.03516920655965805,-0.8848009705543518
26.138242900022306,-0.09190239012241364,2.3117167949676514,1.1446994543075562,0.10485509037971497,-0.4521329998970032,-0.03489233925938606,-0.8850783705711365
26.141992799995933,-0.09190431237220764,2.3117544651031494,1.1447272300720215,0.10491311550140381,-0.4522794783115387,-0.034737151116132736,-0.8850027322769165
26.148307299998123,-0.09199471771717072,2.311795473098755,1.1445966958999634,0.10479679703712463,-0.4524511396884918,-0.03458685800433159,-0.884934663772583
26.152197999996133,-0.09202911704778671,2.3118643760681152,1.1445916891098022,0.10468626022338867,-0.4524554908275604,-0.03465216979384422,-0.8849430680274963
26.15627710003173,-0.09205950051546097,2.311918258666992,1.1445796489715576,0.10477349162101746,-0.45229339599609375,-0.03470264747738838,-0.8850135207176208
26.15976850001607,-0.09211450070142746,2.312021493911743,1.1445653438568115,0.10442277044057846,-0.45221513509750366,-0.033581797033548355,-0.885138213634491
26.163243999995757,-0.09219707548618317,2.3120882511138916,1.1445673704147339,0.10434634238481522,-0.45204880833625793,-0.032982394099235535,-0.8852546811103821
26.167046600021422,-0.09224344044923782,2.3121089935302734,1.1445302963256836,0.10410287231206894,-0.45200037956237793,-0.032615769654512405,-0.8853216767311096
26.17153390002204,-0.09228876233100891,2.312143325805664,1.1445013284683228,0.10408899933099747,-0.45189985632896423,-0.032507479190826416,-0.8853785991668701
26.175517600029707,-0.09234070777893066,2.31221342086792,1.1445239782333374,0.10395783185958862,-0.45173123478889465,-0.03286203369498253,-0.8854669332504272
26.179646000033244,-0.09245080500841141,2.3123345375061035,1.14446222782135,0.10461490601301193,-0.4513690769672394,-0.03308137506246567,-0.8855661153793335
26.183694000006653,-0.0925484374165535,2.3124170303344727,1.1444098949432373,0.10451608896255493,-0.4514125883579254,-0.03302174434065819,-0.8855577707290649
26.187851099995896,-0.09269654005765915,2.312526226043701,1.144322395324707,0.10414869338274002,-0.45130041241645813,-0.03243779391050339,-0.8856799006462097
26.19202190003125,-0.09278875589370728,2.312628984451294,1.1442651748657227,0.10386240482330322,-0.4512385427951813,-0.0320456437766552,-0.8857592940330505
26.196047900011763,-0.09286537766456604,2.3127052783966064,1.144208312034607,0.10381346195936203,-0.45116496086120605,-0.03232624754309654,-0.8857923150062561
26.200286200037226,-0.09291720390319824,2.312861204147339,1.1441141366958618,0.10393242537975311,-0.4508122205734253,-0.03339904174208641,-0.885918140411377
26.204383700038306,-0.09299737215042114,2.3130061626434326,1.1441203355789185,0.10361961275339127,-0.45082899928092957,-0.034720439463853836,-0.8858954906463623
26.208958100003656,-0.09308741986751556,2.3130812644958496,1.1440907716751099,0.10347430408000946,-0.45075181126594543,-0.035027652978897095,-0.8859396576881409
26.21316010004375,-0.09316567331552505,2.3131823539733887,1.1440719366073608,0.10298633575439453,-0.450815886259079,-0.03383837267756462,-0.8860101103782654
26.216982000041753,-0.09325721114873886,2.3132550716400146,1.1440376043319702,0.10279981791973114,-0.4507129192352295,-0.03342133387923241,-0.8860999345779419
26.221351900021546,-0.09333163499832153,2.313359260559082,1.1439344882965088,0.10311479866504669,-0.4507491886615753,-0.03342529758810997,-0.8860447406768799
26.225432200008072,-0.09339206665754318,2.31337833404541,1.1439872980117798,0.10258675366640091,-0.45053747296333313,-0.03318127989768982,-0.8862228393554688
26.229480800044257,-0.0934632420539856,2.3134100437164307,1.1439881324768066,0.10262628644704819,-0.4504717290401459,-0.03308340534567833,-0.8862554430961609
26.233708999992814,-0.09353850036859512,2.313436985015869,1.1439869403839111,0.10260316729545593,-0.45036813616752625,-0.032860953360795975,-0.8863189220428467
26.24197319999803,-0.09370037913322449,2.3134868144989014,1.1439753770828247,0.10263483971357346,-0.4502151608467102,-0.03247160464525223,-0.8864074349403381
26.246634799987078,-0.09379790723323822,2.313516616821289,1.1439460515975952,0.1026657223701477,-0.4501250684261322,-0.03232850134372711,-0.8864547610282898
26.25061280000955,-0.0939118042588234,2.3135790824890137,1.1438673734664917,0.10253221541643143,-0.4502731263637543,-0.032507043331861496,-0.8863884806632996
26.255089100042824,-0.09400343894958496,2.31364369392395,1.1438076496124268,0.1024346575140953,-0.45012545585632324,-0.03278361260890961,-0.8864645957946777
26.25885790004395,-0.09409923851490021,2.3137190341949463,1.143734097480774,0.1023663803935051,-0.4500010907649994,-0.03273371607065201,-0.8865374326705933
26.26493530004518,-0.09421340376138687,2.3137600421905518,1.1436264514923096,0.10244709253311157,-0.4498405456542969,-0.03249357268214226,-0.886618435382843
26.26985420001438,-0.09432365000247955,2.3138020038604736,1.143547773361206,0.10239862650632858,-0.44976434111595154,-0.03220965340733528,-0.8866731524467468
26.27408500004094,-0.0945189818739891,2.313872814178467,1.1434327363967896,0.10284609347581863,-0.44912388920783997,-0.032684504985809326,-0.8869284987449646
26.27776220004307,-0.0945189818739891,2.313872814178467,1.1434327363967896,0.10284609347581863,-0.44912388920783997,-0.032684504985809326,-0.8869284987449646
26.28243060002569,-0.09463895112276077,2.3139703273773193,1.1433569192886353,0.10242678225040436,-0.4490196406841278,-0.031813859939575195,-0.8870614171028137
26.28774220001651,-0.09509874880313873,2.314293146133423,1.1431952714920044,0.10174044966697693,-0.4488239884376526,-0.031947992742061615,-0.887234628200531
26.29130310000619,-0.09509874880313873,2.314293146133423,1.1431952714920044,0.10174044966697693,-0.4488239884376526,-0.031947992742061615,-0.887234628200531
26.29569540004013,-0.09528698772192001,2.3143186569213867,1.1430997848510742,0.10164415091276169,-0.44861236214637756,-0.03213849663734436,-0.8873457908630371
26.300152700045146,-0.09537062793970108,2.3143205642700195,1.1430400609970093,0.10173261910676956,-0.448565810918808,-0.03206241875886917,-0.8873619437217712
26.304804200015496,-0.0954383909702301,2.314279317855835,1.1428731679916382,0.10204198211431503,-0.4479442834854126,-0.03285011276602745,-0.8876116275787354
26.308803700027056,-0.09550151228904724,2.3143138885498047,1.1427996158599854,0.1019367203116417,-0.447895348072052,-0.03267357125878334,-0.8876548409461975
26.31295630004024,-0.09568153321743011,2.314373254776001,1.1427727937698364,0.10158255696296692,-0.44814780354499817,-0.031877316534519196,-0.8875969648361206
26.317179800011218,-0.09576668590307236,2.3144137859344482,1.1427017450332642,0.10128969699144363,-0.448181688785553,-0.03147977218031883,-0.8876274824142456
26.32110850000754,-0.09591343998908997,2.3143954277038574,1.142438292503357,0.10206082463264465,-0.44822168350219727,-0.030568208545446396,-0.8875508904457092
26.32586610002909,-0.09601228684186935,2.3144352436065674,1.1422762870788574,0.1014772281050682,-0.44807058572769165,-0.029472170397639275,-0.88773113489151
26.329653299995698,-0.0960860624909401,2.314509391784668,1.142209529876709,0.10119858384132385,-0.4479719400405884,-0.029356176033616066,-0.8878166079521179
26.333827499998733,-0.09622206538915634,2.3145618438720703,1.142106056213379,0.10118217021226883,-0.44819289445877075,-0.029504163190722466,-0.8877019882202148
26.33799720002571,-0.09622206538915634,2.3145618438720703,1.142106056213379,0.10118217021226883,-0.44819289445877075,-0.029504163190722466,-0.8877019882202148
26.343089000030886,-0.09641251713037491,2.3146986961364746,1.1419717073440552,0.10105429589748383,-0.4480912387371063,-0.03061525523662567,-0.8877302408218384
26.34792390000075,-0.09650513529777527,2.314772605895996,1.1418843269348145,0.1009022444486618,-0.44797319173812866,-0.030688932165503502,-0.8878045678138733
26.354533200035803,-0.09662754088640213,2.3148787021636963,1.1417152881622314,0.10075797140598297,-0.4478425085544586,-0.030564332380890846,-0.8878912329673767
26.358594199991785,-0.09662754088640213,2.3148787021636963,1.1417152881622314,0.10075797140598297,-0.4478425085544586,-0.030564332380890846,-0.8878912329673767
26.362928999995347,-0.09679073840379715,2.3149991035461426,1.1415462493896484,0.10049828141927719,-0.4477004110813141,-0.030334265902638435,-0.8880001306533813
26.36762340000132,-0.09686953574419022,2.3150436878204346,1.1414847373962402,0.10038957744836807,-0.4476282298564911,-0.030347252264618874,-0.8880484700202942
26.371482399990782,-0.09701026976108551,2.3151044845581055,1.1413636207580566,0.10061535239219666,-0.4471668004989624,-0.030383216217160225,-0.8882540464401245
26.375674000009894,-0.0970812439918518,2.3151588439941406,1.1412805318832397,0.10054787248373032,-0.4471125602722168,-0.030302952975034714,-0.8882917761802673
26.380748399998993,-0.09716139733791351,2.31520938873291,1.141188383102417,0.10050535947084427,-0.4470483958721161,-0.030237069353461266,-0.8883310556411743
26.384437500033528,-0.09722095727920532,2.3152577877044678,1.1410492658615112,0.10058392584323883,-0.44661691784858704,-0.030386898666620255,-0.8885341286659241
26.38861960003851,-0.09729713201522827,2.3153936862945557,1.1409646272659302,0.0997505933046341,-0.44643914699554443,-0.02917264588177204,-0.88875812292099
26.392278300016187,-0.09734967350959778,2.315446615219116,1.1408673524856567,0.09964584559202194,-0.4462079405784607,-0.02947050705552101,-0.8888760805130005
26.39623010001378,-0.09746915102005005,2.3155040740966797,1.140749216079712,0.09950828552246094,-0.44630905985832214,-0.02953088842332363,-0.8888387084007263
26.400545000040438,-0.09754029661417007,2.315556287765503,1.1406854391098022,0.09932510554790497,-0.44617095589637756,-0.02931332401931286,-0.8889358043670654
26.40474930003984,-0.09763899445533752,2.315614938735962,1.1406489610671997,0.09935279935598373,-0.4458000361919403,-0.02921711653470993,-0.8891218900680542
26.4092489000177,-0.09774740785360336,2.3156754970550537,1.1405949592590332,0.09918246418237686,-0.44574806094169617,-0.029080217704176903,-0.8891714811325073
26.41362470004242,-0.09791150689125061,2.3157522678375244,1.1405324935913086,0.09916739165782928,-0.4452270269393921,-0.029113931581377983,-0.8894330859184265
26.417411000002176,-0.0979962944984436,2.315868616104126,1.1404743194580078,0.09873158484697342,-0.4451867640018463,-0.02966553531587124,-0.8894834518432617
26.421532200009096,-0.098112553358078,2.3159477710723877,1.1404438018798828,0.09840749204158783,-0.44510769844055176,-0.02991091087460518,-0.8895506858825684
26.425479800032917,-0.09820828586816788,2.316007375717163,1.1404014825820923,0.09820796549320221,-0.4450230598449707,-0.029828861355781555,-0.8896178603172302
26.42982680001296,-0.09830164909362793,2.316000461578369,1.1403074264526367,0.09841330349445343,-0.4445955157279968,-0.030899083241820335,-0.889772355556488
26.43521820002934,-0.09839361160993576,2.3160665035247803,1.140274167060852,0.09814144670963287,-0.44449377059936523,-0.030630385503172874,-0.8898625373840332
26.439539300045,-0.09859804809093475,2.3162081241607666,1.1402531862258911,0.09885610640048981,-0.44400373101234436,-0.03101133182644844,-0.8900148272514343
26.44383340002969,-0.09868820011615753,2.3163256645202637,1.1402515172958374,0.0984199270606041,-0.44390609860420227,-0.030660971999168396,-0.8901240229606628
26.44890790001955,-0.09878375381231308,2.3164050579071045,1.1402316093444824,0.09804999828338623,-0.44370436668395996,-0.030812544748187065,-0.8902601599693298
26.453111900016665,-0.09892173111438751,2.316455125808716,1.1401625871658325,0.09761035442352295,-0.44338423013687134,-0.030887851491570473,-0.8904653787612915
26.458622800011653,-0.09914413839578629,2.3167009353637695,1.1401163339614868,0.0966796800494194,-0.44277098774909973,-0.031820546835660934,-0.8908390998840332
26.46471329999622,-0.09926915168762207,2.3168256282806396,1.1401149034500122,0.09623487293720245,-0.4425293803215027,-0.032072972506284714,-0.8909983038902283
26.468920100014657,-0.09954837709665298,2.3169407844543457,1.1401172876358032,0.09553974121809006,-0.4416767656803131,-0.03150642290711403,-0.8915162682533264
26.47357730002841,-0.09975813329219818,2.3171920776367188,1.1400620937347412,0.09527114778757095,-0.4412250816822052,-0.03018953837454319,-0.8918141722679138
26.478298100002576,-0.10000067204236984,2.3174142837524414,1.1400833129882812,0.0940275713801384,-0.44140660762786865,-0.028152715414762497,-0.8919228911399841
26.484196300036274,-0.10047876834869385,2.3177645206451416,1.1401311159133911,0.0922354981303215,-0.44178977608680725,-0.025048181414604187,-0.892012894153595
26.492048000043724,-0.10082824528217316,2.3179121017456055,1.1400741338729858,0.09155161678791046,-0.4411536753177643,-0.024654585868120193,-0.8924090266227722
26.498144100012723,-0.10111676901578903,2.3180599212646484,1.140153169631958,0.09239723533391953,-0.4405280351638794,-0.025121992453932762,-0.8926178812980652
26.502522800001316,-0.10139694064855576,2.3181698322296143,1.140161156654358,0.09269121289253235,-0.43956074118614197,-0.025179192423820496,-0.8930625319480896
26.507492500008084,-0.10158055275678635,2.3181891441345215,1.1402102708816528,0.09307630360126495,-0.43905124068260193,-0.026206865906715393,-0.8932434916496277
26.51313780003693,-0.10209044814109802,2.3183650970458984,1.140415072441101,0.0919635221362114,-0.4383675754070282,-0.026866670697927475,-0.893674910068512
26.517516100022476,-0.10234715789556503,2.318551778793335,1.1405290365219116,0.09279432147741318,-0.4376906156539917,-0.027626587077975273,-0.8938976526260376
26.52115360001335,-0.10234715789556503,2.318551778793335,1.1405290365219116,0.09279432147741318,-0.4376906156539917,-0.027626587077975273,-0.8938976526260376
26.52563700004248,-0.10289103537797928,2.318775177001953,1.140638828277588,0.0922095850110054,-0.43670985102653503,-0.02784263901412487,-0.8944308757781982
26.529280200018547,-0.10289103537797928,2.318775177001953,1.140638828277588,0.0922095850110054,-0.43670985102653503,-0.02784263901412487,-0.8944308757781982
26.53379610000411,-0.10344591736793518,2.3191142082214355,1.1407042741775513,0.09010299295186996,-0.4359142780303955,-0.027267491444945335,-0.8950511813163757
26.53852330002701,-0.10372298955917358,2.3193116188049316,1.1407703161239624,0.0892345979809761,-0.4359285235404968,-0.02564632147550583,-0.895179271697998
26.542343900015112,-0.10400475561618805,2.3194808959960938,1.1408562660217285,0.08958856761455536,-0.4352886378765106,-0.025582008063793182,-0.8954569697380066
26.54659390001325,-0.10421910881996155,2.3195676803588867,1.140782117843628,0.08915626257658005,-0.4351797103881836,-0.02550652250647545,-0.8955552577972412
26.554850700020324,-0.10478366166353226,2.319847345352173,1.140781044960022,0.08993777632713318,-0.4338832497596741,-0.02654935047030449,-0.8960756659507751
26.559412300004624,-0.1050884872674942,2.3198835849761963,1.140687346458435,0.09058931469917297,-0.43317359685897827,-0.02573491632938385,-0.8963772058486938
26.563268800033256,-0.10540483146905899,2.319925308227539,1.1406245231628418,0.09077262878417969,-0.4325593411922455,-0.024942511692643166,-0.8966776132583618
26.567478900018614,-0.10562950372695923,2.3200016021728516,1.1406015157699585,0.09099207818508148,-0.43201419711112976,-0.026032788679003716,-0.8968871831893921
26.571190399990883,-0.10584379732608795,2.320110559463501,1.1406259536743164,0.09095147252082825,-0.4317971169948578,-0.026296451687812805,-0.8969881534576416
26.575503000000026,-0.10606823861598969,2.3202953338623047,1.1407549381256104,0.09167888760566711,-0.43118202686309814,-0.02727680094540119,-0.8971806168556213
26.57959330000449,-0.1063128113746643,2.320373296737671,1.1406700611114502,0.0911402627825737,-0.4318290650844574,-0.027401229366660118,-0.8969204425811768
26.583651399996597,-0.10651366412639618,2.3205127716064453,1.1406522989273071,0.09108780324459076,-0.4316460192203522,-0.027829362079501152,-0.8970007300376892
26.58801940002013,-0.1067112535238266,2.3206913471221924,1.140609860420227,0.0905829668045044,-0.4313904643058777,-0.026936901733279228,-0.8972020149230957
26.592139700020198,-0.10698599368333817,2.3208365440368652,1.1406205892562866,0.09017132222652435,-0.4316944181919098,-0.02618798427283764,-0.897119402885437
26.59635140001774,-0.10717175155878067,2.3209524154663086,1.1405096054077148,0.08884302526712418,-0.4324299097061157,-0.025346476584672928,-0.8969219326972961
26.600415499997325,-0.10738591104745865,2.321035623550415,1.1404342651367188,0.08783192187547684,-0.4323234558105469,-0.02513073943555355,-0.897078812122345
26.604707500024233,-0.10763757675886154,2.321263313293457,1.1405670642852783,0.08896835148334503,-0.43100884556770325,-0.026061350479722023,-0.8975728750228882
26.609387500036974,-0.10780766606330872,2.321357011795044,1.1405521631240845,0.08785790950059891,-0.4316661059856415,-0.025233181193470955,-0.8973898887634277
26.612832400016487,-0.10796640813350677,2.321488380432129,1.1406331062316895,0.08650022745132446,-0.4309860169887543,-0.0247636828571558,-0.8978617191314697
26.617169800039846,-0.10834895819425583,2.3217482566833496,1.1406738758087158,0.08723694086074829,-0.4292062222957611,-0.025933101773262024,-0.8986096382141113
26.621374500042293,-0.10857220739126205,2.3218977451324463,1.1406810283660889,0.0866420790553093,-0.428841233253479,-0.025406986474990845,-0.8988564014434814
26.62552040000446,-0.10882172733545303,2.321998119354248,1.1406537294387817,0.08567079901695251,-0.42885154485702515,-0.024692058563232422,-0.8989644646644592
26.62977250001859,-0.10897035896778107,2.3220975399017334,1.1406433582305908,0.08515266329050064,-0.42829450964927673,-0.024409115314483643,-0.8992870450019836
26.63408500002697,-0.10911940038204193,2.3221516609191895,1.140631079673767,0.08456077426671982,-0.42789140343666077,-0.024146828800439835,-0.8995417356491089
26.637973200005945,-0.10930950939655304,2.3222663402557373,1.1406837701797485,0.084996797144413,-0.42722272872924805,-0.02472051978111267,-0.8998028039932251
26.642662100028247,-0.10944979637861252,2.322395086288452,1.140765905380249,0.08664347976446152,-0.4266667068004608,-0.02689940482378006,-0.8998472094535828
26.646287400042638,-0.1096300408244133,2.322361707687378,1.140745759010315,0.08528763055801392,-0.42676597833633423,-0.026445886120200157,-0.8999429941177368
26.650840500020422,-0.10983765125274658,2.3224141597747803,1.1407597064971924,0.08422861993312836,-0.4266756474971771,-0.026578232645988464,-0.9000816345214844
26.654674799996428,-0.1100873276591301,2.322563409805298,1.1408222913742065,0.08340103924274445,-0.4266153573989868,-0.025124583393335342,-0.9002290964126587
26.658855899993796,-0.11038006842136383,2.3227038383483887,1.1409238576889038,0.08365412056446075,-0.42680856585502625,-0.024659138172864914,-0.9001268744468689
26.66287729999749,-0.1105564758181572,2.322772979736328,1.140949010848999,0.0832531750202179,-0.426749587059021,-0.024546559900045395,-0.9001950621604919
26.66708149999613,-0.11087070405483246,2.322974920272827,1.141173243522644,0.08500859886407852,-0.42571285367012024,-0.02612002193927765,-0.9004775881767273
26.671961300016847,-0.11111621558666229,2.3231825828552246,1.1412467956542969,0.08619111031293869,-0.4245400130748749,-0.027289284393191338,-0.9008841514587402
26.675499700009823,-0.11135326325893402,2.3233892917633057,1.1412333250045776,0.08668491244316101,-0.42327556014060974,-0.028358139097690582,-0.9013985395431519
26.679869000043254,-0.11156224459409714,2.3235151767730713,1.1410335302352905,0.08559856563806534,-0.423896461725235,-0.028241107240319252,-0.9012143015861511
26.6844460000284,-0.11172159016132355,2.32352876663208,1.1408826112747192,0.08387710899114609,-0.4243568480014801,-0.027179589495062828,-0.9011921286582947
26.688511200016364,-0.11191540956497192,2.3235933780670166,1.1409003734588623,0.08345586806535721,-0.4239695072174072,-0.02671968564391136,-0.9014272689819336
26.69224760000361,-0.11211687326431274,2.3237195014953613,1.1409711837768555,0.08414008468389511,-0.42297181487083435,-0.027067292481660843,-0.9018218517303467
26.696467700006906,-0.11235347390174866,2.32399582862854,1.1412137746810913,0.08564896136522293,-0.42147886753082275,-0.02887018956243992,-0.9023227095603943
26.70073710003635,-0.11256770044565201,2.3240668773651123,1.1412535905838013,0.08568356931209564,-0.4212619662284851,-0.028332015499472618,-0.9024378061294556
26.705103599990252,-0.11266961693763733,2.324139356613159,1.1413061618804932,0.08540019392967224,-0.42117688059806824,-0.027391990646719933,-0.9025333523750305
26.711168200010434,-0.11266961693763733,2.324139356613159,1.1413061618804932,0.08540019392967224,-0.42117688059806824,-0.027391990646719933,-0.9025333523750305
26.71774039999582,-0.11302032321691513,2.324291467666626,1.14146089553833,0.08608611673116684,-0.42052730917930603,-0.02844085544347763,-0.9027386903762817
26.7226529000327,-0.11314679682254791,2.324396848678589,1.141515851020813,0.08602877706289291,-0.4204251170158386,-0.028085779398679733,-0.9028028249740601
26.72796129999915,-0.11323606967926025,2.32448148727417,1.1415804624557495,0.08606624603271484,-0.4200139045715332,-0.0274976659566164,-0.903008759021759
26.733879400009755,-0.11369302123785019,2.3249378204345703,1.1417776346206665,0.08531323820352554,-0.41920673847198486,-0.02530013769865036,-0.9035193920135498
26.73881840001559,-0.11385586857795715,2.325087785720825,1.1418496370315552,0.08491233736276627,-0.41908982396125793,-0.025097250938415527,-0.9036170840263367
26.74293619999662,-0.11401303857564926,2.325209140777588,1.1419200897216797,0.08471916615962982,-0.4188207685947418,-0.025192391127347946,-0.9037572741508484
26.74772829998983,-0.11418775469064713,2.3252358436584473,1.1416822671890259,0.08249169588088989,-0.4195774495601654,-0.025208331644535065,-0.9036118984222412
26.75131690001581,-0.11440662294626236,2.325514316558838,1.142063856124878,0.08396010100841522,-0.41810277104377747,-0.02630150318145752,-0.9041289687156677
26.755360700015444,-0.11467968672513962,2.3256442546844482,1.1422637701034546,0.08441682904958725,-0.41729214787483215,-0.026240933686494827,-0.9044625759124756
26.75878289999673,-0.11488022655248642,2.325731039047241,1.1423933506011963,0.08419179171323776,-0.4169832170009613,-0.026322444900870323,-0.9046235680580139
26.76237750001019,-0.11488022655248642,2.325731039047241,1.1423933506011963,0.08419179171323776,-0.4169832170009613,-0.026322444900870323,-0.9046235680580139
26.767048300011083,-0.1153564602136612,2.325979471206665,1.1427849531173706,0.08338908106088638,-0.4163251221179962,-0.025784533470869064,-0.9050164818763733
26.771223000017926,-0.11571332067251205,2.3261992931365967,1.1429176330566406,0.08345290273427963,-0.41555359959602356,-0.025858061388134956,-0.9053630828857422
26.775606899987906,-0.11599290370941162,2.326294422149658,1.1430994272232056,0.08357148617506027,-0.414924293756485,-0.02709352783858776,-0.9056046009063721
26.77974580001319,-0.11634346097707748,2.3264851570129395,1.1433972120285034,0.08360090851783752,-0.4138668179512024,-0.027387376874685287,-0.9060768485069275
26.78467660001479,-0.11672446876764297,2.3266446590423584,1.1435827016830444,0.08307003229856491,-0.41322851181030273,-0.0269035454839468,-0.9064313769340515
26.788251099991612,-0.11701670289039612,2.3268895149230957,1.1439508199691772,0.0825396180152893,-0.412390798330307,-0.02875516563653946,-0.9068044424057007
26.792112800001632,-0.1173681691288948,2.3271329402923584,1.1441843509674072,0.08096376061439514,-0.4115333557128906,-0.027622530236840248,-0.9073711037635803
26.796475899987854,-0.11770317703485489,2.3273565769195557,1.144439697265625,0.07994116097688675,-0.4110400080680847,-0.026507485657930374,-0.9077185392379761
26.8002550000092,-0.1180621013045311,2.3274850845336914,1.1448290348052979,0.07992641627788544,-0.41034698486328125,-0.027192290872335434,-0.908013105392456
26.804681200010236,-0.11857949197292328,2.3276495933532715,1.1450737714767456,0.08001206815242767,-0.4100639224052429,-0.02776910364627838,-0.9081159234046936
26.808946200006176,-0.11905857175588608,2.3279476165771484,1.145544171333313,0.0811958909034729,-0.4081636965274811,-0.028073228895664215,-0.9088572859764099
26.812774799996987,-0.1195388212800026,2.3281915187835693,1.1459521055221558,0.08103374391794205,-0.40724942088127136,-0.02916635386645794,-0.9092473983764648
26.817267500038724,-0.11992766708135605,2.3284244537353516,1.1463265419006348,0.08091696351766586,-0.40657708048820496,-0.031003572046756744,-0.9094979166984558
26.82120390003547,-0.12028083950281143,2.3287880420684814,1.1466898918151855,0.0807139202952385,-0.4062088131904602,-0.03371725603938103,-0.9095838069915771
26.825422600028105,-0.12076357007026672,2.3290388584136963,1.1470390558242798,0.08159230649471283,-0.40452346205711365,-0.033779326826334,-0.9102540612220764
26.829516099998727,-0.12126732617616653,2.3293168544769287,1.1474612951278687,0.08092302829027176,-0.40364086627960205,-0.03361276164650917,-0.9107116460800171
26.83369960001437,-0.12166770547628403,2.3296282291412354,1.1478304862976074,0.08083981275558472,-0.402761846780777,-0.03273317217826843,-0.9111402034759521
26.838370900019072,-0.12205227464437485,2.3299474716186523,1.148042917251587,0.08097188174724579,-0.4021345376968384,-0.03207362815737724,-0.9114289283752441
26.842028000042774,-0.12248308956623077,2.3302462100982666,1.1484452486038208,0.08027563989162445,-0.40208056569099426,-0.030293064191937447,-0.911575198173523
26.84626840002602,-0.12295758724212646,2.3305234909057617,1.1488299369812012,0.0802946537733078,-0.40110787749290466,-0.029943061992526054,-0.9120134711265564
26.850676500005648,-0.12350255250930786,2.3308067321777344,1.1492524147033691,0.079444520175457,-0.4009913504123688,-0.02871073968708515,-0.9121788740158081
26.854615700023714,-0.12405910342931747,2.330996036529541,1.1497204303741455,0.07950389385223389,-0.3994728624820709,-0.029331505298614502,-0.9128199219703674
26.859377200016752,-0.12456092983484268,2.331360101699829,1.1501398086547852,0.08028251677751541,-0.3985457122325897,-0.030900945886969566,-0.9131051898002625
26.86298460001126,-0.12501055002212524,2.331820011138916,1.1505624055862427,0.0804225355386734,-0.3972558379173279,-0.03299715742468834,-0.9135815501213074
26.867478900006972,-0.12569642066955566,2.3323187828063965,1.1508264541625977,0.08080219477415085,-0.39616525173187256,-0.032357826828956604,-0.9140443205833435
26.87147080001887,-0.12633122503757477,2.3327813148498535,1.1512190103530884,0.08005987107753754,-0.39650970697402954,-0.03164906054735184,-0.9139851927757263
26.87530740001239,-0.1269320845603943,2.3331589698791504,1.1518757343292236,0.08023899793624878,-0.3944490849971771,-0.03176546096801758,-0.9148565530776978
26.879630400042515,-0.12755846977233887,2.333552598953247,1.1524388790130615,0.08036887645721436,-0.39312976598739624,-0.0314553901553154,-0.9154236316680908
26.883786500024144,-0.12809447944164276,2.333841562271118,1.1528513431549072,0.08066507428884506,-0.3923838138580322,-0.032604627311229706,-0.9156774282455444
26.888032499991823,-0.12866370379924774,2.3341894149780273,1.1531504392623901,0.08108391612768173,-0.3917091488838196,-0.033336296677589417,-0.9159029126167297
26.89205220004078,-0.12924011051654816,2.334599494934082,1.1536216735839844,0.08022651076316833,-0.3902187943458557,-0.033158257603645325,-0.9166207313537598
26.896302600041963,-0.12995341420173645,2.335057020187378,1.15397310256958,0.07946101576089859,-0.3894331455230713,-0.030944593250751495,-0.917098879814148
26.900711700029206,-0.13062477111816406,2.3355724811553955,1.1544816493988037,0.08063850551843643,-0.3874759078025818,-0.03123367205262184,-0.9178150296211243
26.904565400036518,-0.13118861615657806,2.3359758853912354,1.1548771858215332,0.08093563467264175,-0.38672375679016113,-0.032430365681648254,-0.9180645942687988
26.9089312000433,-0.13177883625030518,2.3364109992980957,1.1553624868392944,0.08166882395744324,-0.3857818841934204,-0.03257116675376892,-0.9183907508850098
26.913631300034467,-0.13240352272987366,2.336772918701172,1.155830979347229,0.08303811401128769,-0.3836804926395416,-0.033965304493904114,-0.9190975427627563
26.917197500006296,-0.13307219743728638,2.3371829986572266,1.1563231945037842,0.08379997313022614,-0.38261476159095764,-0.03459339588880539,-0.9194492101669312
26.921440900012385,-0.1339719146490097,2.337700605392456,1.1567126512527466,0.0815945416688919,-0.3826797902584076,-0.03160916268825531,-0.9197279214859009
26.925357900036033,-0.13446255028247833,2.3382480144500732,1.157222867012024,0.0807601734995842,-0.3817378580570221,-0.032320309430360794,-0.9201682209968567
26.92970969999442,-0.13506153225898743,2.338646411895752,1.1576752662658691,0.08126681298017502,-0.3799995183944702,-0.03285425901412964,-0.920823872089386
26.93369730003178,-0.13563655316829681,2.3391201496124268,1.1581311225891113,0.0822191834449768,-0.37869229912757874,-0.03485192731022835,-0.9212044477462769
26.937811300042085,-0.13625667989253998,2.339616298675537,1.1586291790008545,0.08260417729616165,-0.3781193196773529,-0.0346343070268631,-0.9214134812355042
26.942091300035827,-0.13675232231616974,2.3400275707244873,1.1590912342071533,0.0839119479060173,-0.37708422541618347,-0.03555222600698471,-0.9216845035552979
26.946613100008108,-0.13729122281074524,2.3404648303985596,1.159348726272583,0.08346139639616013,-0.3760663568973541,-0.0343666598200798,-0.9221861362457275
26.95063289999962,-0.13786578178405762,2.3409345149993896,1.1597528457641602,0.08360897749662399,-0.374888151884079,-0.03334587439894676,-0.9226898550987244
26.95459000003757,-0.13852202892303467,2.341383218765259,1.1600648164749146,0.08267037570476532,-0.37491917610168457,-0.03214063122868538,-0.922804594039917
26.95888540003216,-0.13904879987239838,2.3418385982513428,1.1605467796325684,0.08429136872291565,-0.3733282685279846,-0.03234409913420677,-0.9232956171035767
26.96316460001981,-0.1394820213317871,2.3423004150390625,1.1608253717422485,0.0845704898238182,-0.37246525287628174,-0.03352350741624832,-0.9235765337944031
26.96706350002205,-0.1400669664144516,2.342761516571045,1.1612062454223633,0.0849994421005249,-0.37243539094924927,-0.03372621908783913,-0.9235418438911438
26.971397000015713,-0.1406799852848053,2.343329906463623,1.161555290222168,0.08433617651462555,-0.371639609336853,-0.03071359358727932,-0.924028217792511
26.97545780002838,-0.14124831557273865,2.3439743518829346,1.1619611978530884,0.08532179892063141,-0.370309442281723,-0.029595835134387016,-0.9245080351829529
26.97951750003267,-0.14173497259616852,2.344345808029175,1.1622785329818726,0.08595036715269089,-0.3697420060634613,-0.030349628999829292,-0.9246525764465332
26.98375150002539,-0.1423305720090866,2.3448526859283447,1.162787675857544,0.08678358793258667,-0.3676171600818634,-0.03075125813484192,-0.9254083037376404
26.98779280000599,-0.1428738236427307,2.345322370529175,1.1632120609283447,0.08667464554309845,-0.36720010638237,-0.030960578471422195,-0.9255771040916443
26.99214899999788,-0.14356988668441772,2.3458967208862305,1.1635061502456665,0.08681478351354599,-0.36558258533477783,-0.029348069801926613,-0.9262566566467285
26.996344799990766,-0.14408686757087708,2.346428871154785,1.1640427112579346,0.08545465022325516,-0.36474213004112244,-0.028741654008626938,-0.9267333745956421
27.000486200035084,-0.14466120302677155,2.34700345993042,1.1644959449768066,0.08704280108213425,-0.36377763748168945,-0.029913051053881645,-0.9269275069236755
27.005786900001112,-0.1453370600938797,2.3474466800689697,1.165062427520752,0.08710227906703949,-0.36275818943977356,-0.029053309932351112,-0.927348792552948
27.010511800006498,-0.14595180749893188,2.347871780395508,1.165673851966858,0.08758518844842911,-0.3613581359386444,-0.028846243396401405,-0.9278561472892761
27.01477310003247,-0.14665085077285767,2.348255157470703,1.1661903858184814,0.08829881250858307,-0.3599936068058014,-0.029866350814700127,-0.928286612033844
27.01971250004135,-0.14736086130142212,2.3487677574157715,1.1664867401123047,0.087105892598629,-0.35891225934028625,-0.028200382366776466,-0.9288699626922607
27.024900900025386,-0.14868266880512238,2.349895715713501,1.167382001876831,0.08902844786643982,-0.35655760765075684,-0.028234515339136124,-0.9295932054519653
27.02924530004384,-0.14939261972904205,2.350426435470581,1.1678153276443481,0.08980956673622131,-0.35482004284858704,-0.02958797849714756,-0.9301406145095825
27.0337907000212,-0.15009668469429016,2.3508780002593994,1.1682924032211304,0.0888424962759018,-0.35391154885292053,-0.028577236458659172,-0.9306110739707947
27.039877100032754,-0.1506945937871933,2.3514251708984375,1.168578863143921,0.08894161880016327,-0.35302260518074036,-0.026683585718274117,-0.9309954047203064
27.044342200038955,-0.151511549949646,2.351987838745117,1.1690711975097656,0.08946441113948822,-0.3525494635105133,-0.026159605011343956,-0.9311395287513733
27.048063900030684,-0.15217265486717224,2.3525288105010986,1.1695408821105957,0.0901281088590622,-0.351392924785614,-0.02765728160738945,-0.9314692616462708
27.05442400003085,-0.1537970006465912,2.3536221981048584,1.1703236103057861,0.09221550077199936,-0.3482882082462311,-0.03059695102274418,-0.9323387742042542
27.058936699992046,-0.15450157225131989,2.354267120361328,1.1710567474365234,0.09065643697977066,-0.3474458158016205,-0.02926618792116642,-0.9328485727310181
27.062882700003684,-0.1553674340248108,2.3547329902648926,1.1715975999832153,0.08942550420761108,-0.34584107995033264,-0.026506466791033745,-0.9336457848548889
27.067177699995227,-0.15608583390712738,2.3552181720733643,1.1721549034118652,0.09088629484176636,-0.34357398748397827,-0.029567060992121696,-0.9342496395111084
27.071209000016097,-0.1568254828453064,2.3555636405944824,1.1725019216537476,0.0920875072479248,-0.3419349789619446,-0.02995099313557148,-0.934721052646637
27.07677580002928,-0.15751361846923828,2.3559412956237793,1.1728882789611816,0.09218443930149078,-0.3408210575580597,-0.030520712956786156,-0.9350997805595398
27.080438300035894,-0.15825454890727997,2.356551170349121,1.1733416318893433,0.09096799790859222,-0.3400122821331024,-0.030246306210756302,-0.9355221390724182
27.083984400029294,-0.15911546349525452,2.3571670055389404,1.1738173961639404,0.09223929792642593,-0.3374422490596771,-0.029426390305161476,-0.9363540410995483
27.08871199999703,-0.16001304984092712,2.357586622238159,1.1743147373199463,0.09137867391109467,-0.33655354380607605,-0.02728232555091381,-0.9368230700492859
27.09217419999186,-0.16068658232688904,2.3579256534576416,1.1748179197311401,0.09246792644262314,-0.33578699827194214,-0.028650909662246704,-0.9369503855705261
27.096347799990326,-0.16132713854312897,2.358325481414795,1.175157904624939,0.09293884038925171,-0.3345693349838257,-0.02888890728354454,-0.9373319149017334
27.1006699000136,-0.16219104826450348,2.3590087890625,1.17558753490448,0.09368937462568283,-0.3326007127761841,-0.027606826275587082,-0.9379962682723999
27.104842100001406,-0.1630042940378189,2.35949969291687,1.1758813858032227,0.09269873797893524,-0.33089929819107056,-0.026072178035974503,-0.9387400150299072
27.109138100000564,-0.1638168841600418,2.3600010871887207,1.1762709617614746,0.0926600992679596,-0.33004915714263916,-0.026647254824638367,-0.9390270113945007
27.11289690004196,-0.16454921662807465,2.3604888916015625,1.176780343055725,0.09256882220506668,-0.32950910925865173,-0.025260556489229202,-0.9392639398574829
27.117080399999395,-0.16530641913414001,2.360987663269043,1.177240014076233,0.09511487931013107,-0.3273870050907135,-0.02669108659029007,-0.9397119879722595
27.121217900014017,-0.1660962849855423,2.3614940643310547,1.177565097808838,0.09505264461040497,-0.3253958523273468,-0.02519005537033081,-0.9404509663581848
27.125333600037266,-0.16690076887607574,2.362023115158081,1.1779190301895142,0.09421022236347198,-0.3252559006214142,-0.024226920679211617,-0.9406094551086426
27.12955700000748,-0.16771280765533447,2.362497329711914,1.178255558013916,0.09454520046710968,-0.32405808568000793,-0.02387326955795288,-0.9409982562065125
27.133659100043587,-0.1685883104801178,2.3629817962646484,1.1786779165267944,0.09538914263248444,-0.3221282958984375,-0.025447437539696693,-0.9415342211723328
27.137917899992317,-0.16941648721694946,2.3636200428009033,1.1794064044952393,0.0957619845867157,-0.3203059434890747,-0.025722011923789978,-0.9421104788780212
27.142099199991208,-0.1701734960079193,2.3641252517700195,1.179850459098816,0.09430038183927536,-0.3195249140262604,-0.02271282859146595,-0.942600429058075
27.149248000001535,-0.17092265188694,2.3645405769348145,1.1802550554275513,0.095716193318367,-0.3176579177379608,-0.024451695382595062,-0.9430451393127441
27.154526700032875,-0.17269936203956604,2.365276575088501,1.1811723709106445,0.09579803794622421,-0.31353527307510376,-0.027697915211319923,-0.9443258047103882
27.159688499988988,-0.17370322346687317,2.3658289909362793,1.181541919708252,0.09425153583288193,-0.3128589391708374,-0.026377076283097267,-0.9447434544563293
27.163667700020596,-0.1747322827577591,2.3663177490234375,1.1822240352630615,0.093946672976017,-0.3114233911037445,-0.025081273168325424,-0.9452833533287048
27.167584200040437,-0.1757534295320511,2.3666694164276123,1.1827278137207031,0.09578167647123337,-0.3091985583305359,-0.027070198208093643,-0.945774495601654
27.171389100025408,-0.17656545341014862,2.3670120239257812,1.183159589767456,0.09525101631879807,-0.30727481842041016,-0.027806179597973824,-0.9464334845542908
27.175360699999146,-0.17746828496456146,2.367393970489502,1.1834980249404907,0.09553208202123642,-0.3050803542137146,-0.02941535785794258,-0.9470662474632263
27.179616800043732,-0.17846223711967468,2.3679709434509277,1.1839269399642944,0.09482389688491821,-0.3038516342639923,-0.029107781127095222,-0.9475417137145996
27.18388630001573,-0.17960375547409058,2.3684074878692627,1.1843839883804321,0.0952405110001564,-0.30305275321006775,-0.027364538982510567,-0.9478077292442322
27.18795749999117,-0.18057255446910858,2.3686928749084473,1.1848307847976685,0.09596296399831772,-0.3006366193294525,-0.027913261204957962,-0.9484880566596985
27.19220500002848,-0.18142975866794586,2.3690128326416016,1.1852362155914307,0.09611673653125763,-0.2992404103279114,-0.02831917442381382,-0.948901891708374
27.196293200016953,-0.1823117583990097,2.369589328765869,1.1854815483093262,0.09673317521810532,-0.2968406677246094,-0.02925845794379711,-0.9495643377304077
27.200496400007978,-0.1833529770374298,2.3699607849121094,1.1859639883041382,0.09511230885982513,-0.2950640916824341,-0.027163855731487274,-0.950343668460846
27.20492180000292,-0.1845209151506424,2.370266914367676,1.1865415573120117,0.0933120846748352,-0.29314136505126953,-0.027092769742012024,-0.9511188864707947
27.208727099990938,-0.18531176447868347,2.3705084323883057,1.1869304180145264,0.0937718078494072,-0.2912299931049347,-0.028340455144643784,-0.9516242742538452
27.21362880000379,-0.18631984293460846,2.3707916736602783,1.1872577667236328,0.09476490318775177,-0.28843680024147034,-0.0291255135089159,-0.9523527026176453
27.21721279999474,-0.1872948557138443,2.37121319770813,1.1875762939453125,0.09398625046014786,-0.2865234613418579,-0.026575125753879547,-0.9530816674232483
27.221336100017652,-0.1882958710193634,2.371523141860962,1.1879538297653198,0.0929744616150856,-0.28478115797042847,-0.02470467984676361,-0.9537531733512878
27.225537699996494,-0.18933141231536865,2.371837854385376,1.1885865926742554,0.09190119802951813,-0.28121185302734375,-0.027119357138872147,-0.9548500776290894
27.229320999991614,-0.18933141231536865,2.371837854385376,1.1885865926742554,0.09190119802951813,-0.28121185302734375,-0.027119357138872147,-0.9548500776290894
27.234320399991702,-0.19119030237197876,2.3724124431610107,1.189432144165039,0.09288720786571503,-0.2769855558872223,-0.029031796380877495,-0.9559330940246582
27.23823140002787,-0.19234724342823029,2.3725645542144775,1.18966805934906,0.09122852236032486,-0.27395567297935486,-0.028241779655218124,-0.956989049911499
27.242266900022514,-0.19347256422042847,2.3728671073913574,1.1901618242263794,0.09046405553817749,-0.2728715240955353,-0.02794726938009262,-0.9573799967765808
27.246351800044067,-0.1945311576128006,2.3730268478393555,1.1905062198638916,0.09007076919078827,-0.27018433809280396,-0.027590876445174217,-0.9581891298294067
27.2504493999877,-0.19573232531547546,2.373342990875244,1.1910334825515747,0.09051639586687088,-0.26773345470428467,-0.02717479318380356,-0.9588467478752136
27.254717300005723,-0.19666901230812073,2.3734641075134277,1.19142746925354,0.09086888283491135,-0.265919029712677,-0.02828819863498211,-0.9592861533164978
27.259060800017323,-0.1978263407945633,2.373565673828125,1.1918326616287231,0.08801048994064331,-0.26454174518585205,-0.025513779371976852,-0.9600109457969666
27.263005100016017,-0.1989883929491043,2.373650312423706,1.192164659500122,0.08553740382194519,-0.2620079219341278,-0.025236021727323532,-0.9609362483024597
27.26730090001365,-0.20012718439102173,2.373725652694702,1.1927317380905151,0.08545388281345367,-0.2611558735370636,-0.025063451379537582,-0.9611800909042358
27.27132530004019,-0.2011631280183792,2.3736586570739746,1.193107008934021,0.0869702398777008,-0.2590014934539795,-0.026143042370676994,-0.9615981578826904
27.27575590001652,-0.2022370845079422,2.373675584793091,1.1934305429458618,0.0870278924703598,-0.2555197477340698,-0.02664376236498356,-0.9625102281570435
27.279603800037876,-0.20356377959251404,2.3737680912017822,1.1936941146850586,0.0865086168050766,-0.25217559933662415,-0.026445146650075912,-0.9634439945220947
27.284172700019553,-0.20477516949176788,2.374094247817993,1.1942198276519775,0.08664587885141373,-0.25066182017326355,-0.027123335748910904,-0.9638078808784485
27.288171700027306,-0.20591431856155396,2.37420392036438,1.1945732831954956,0.0856744796037674,-0.24675694108009338,-0.027004148811101913,-0.9649050235748291
27.292033200035803,-0.20686578750610352,2.3741300106048584,1.194960355758667,0.08441095054149628,-0.243848979473114,-0.027439957484602928,-0.9657430648803711
27.296690699993633,-0.20818981528282166,2.3742947578430176,1.195458173751831,0.08526073396205902,-0.24034598469734192,-0.02722228690981865,-0.9665523171424866
27.30057860002853,-0.20915254950523376,2.3742830753326416,1.1959110498428345,0.08286755532026291,-0.23780950903892517,-0.02662300318479538,-0.9674041867256165
27.30576880002627,-0.21016724407672882,2.374403476715088,1.1962642669677734,0.08059584349393845,-0.2347715049982071,-0.025011682882905006,-0.9683806300163269
27.309773400018457,-0.2112373411655426,2.374401807785034,1.1968005895614624,0.08253812789916992,-0.23116624355316162,-0.027296479791402817,-0.9690224528312683
27.313395600009244,-0.21250392496585846,2.374321460723877,1.1974607706069946,0.0806577056646347,-0.22962798178195953,-0.023769550025463104,-0.9696393013000488
27.31717920000665,-0.21348130702972412,2.374321699142456,1.1980940103530884,0.07810955494642258,-0.22616809606552124,-0.023554494604468346,-0.9706658720970154
27.321219200035557,-0.21451225876808167,2.3744075298309326,1.1987230777740479,0.0775444507598877,-0.2244063913822174,-0.023283883929252625,-0.9711264371871948
27.325592800043523,-0.21569755673408508,2.37418794631958,1.1991887092590332,0.07786896824836731,-0.22024622559547424,-0.025981640443205833,-0.9719840884208679
27.329623900004663,-0.21700620651245117,2.3744161128997803,1.1997119188308716,0.07476852089166641,-0.21934783458709717,-0.021097717806696892,-0.9725488424301147
27.333669600018766,-0.21827691793441772,2.3743739128112793,1.1999872922897339,0.07492730766534805,-0.21690799295902252,-0.021046150475740433,-0.9730848073959351
27.33805860002758,-0.2193620204925537,2.3742823600769043,1.2001888751983643,0.07420207560062408,-0.2144576609134674,-0.02052951231598854,-0.9736942648887634
27.34199000004446,-0.22072434425354004,2.3742916584014893,1.2004811763763428,0.07377995550632477,-0.21130205690860748,-0.019988514482975006,-0.9744272828102112
27.346391600032803,-0.22188431024551392,2.3740615844726562,1.2005579471588135,0.07547550648450851,-0.2080632895231247,-0.02231679856777191,-0.9749436378479004
27.350399199989624,-0.22303563356399536,2.3740828037261963,1.2006086111068726,0.07634919881820679,-0.20494605600833893,-0.02263685315847397,-0.975528359413147
27.3544085000176,-0.22437278926372528,2.3741631507873535,1.200620412826538,0.07544282078742981,-0.20291537046432495,-0.021626807749271393,-0.9760461449623108
27.359065400029067,-0.22564758360385895,2.374281883239746,1.200657844543457,0.07707652449607849,-0.20013439655303955,-0.021900221705436707,-0.9764864444732666
27.363352700020187,-0.2268509566783905,2.374277353286743,1.2008055448532104,0.0752062276005745,-0.1974044293165207,-0.020835386589169502,-0.977211058139801
27.367475100036245,-0.22809647023677826,2.374255657196045,1.2009130716323853,0.07597286999225616,-0.19402015209197998,-0.021573150530457497,-0.9778134226799011
27.37125800002832,-0.22921793162822723,2.3742353916168213,1.2011046409606934,0.07737474143505096,-0.19103315472602844,-0.021244162693619728,-0.9782986640930176
27.375475300010294,-0.2303721010684967,2.374150276184082,1.2011760473251343,0.07825193554162979,-0.18873555958271027,-0.020622408017516136,-0.9786880016326904
27.379804000025615,-0.23161867260932922,2.3739540576934814,1.2014148235321045,0.07829801738262177,-0.1856752634048462,-0.021424349397420883,-0.9792523384094238
27.383912099990994,-0.23274698853492737,2.373931884765625,1.2016464471817017,0.07700398564338684,-0.18327248096466064,-0.02055647410452366,-0.979826033115387
27.388219800021034,-0.23390714824199677,2.373826026916504,1.2020208835601807,0.07701433449983597,-0.1806396245956421,-0.021508341655135155,-0.9802935719490051
27.392178300011437,-0.23490455746650696,2.373826026916504,1.202319860458374,0.07727053761482239,-0.17838627099990845,-0.02217123471200466,-0.9806712865829468
27.396333000040613,-0.23608002066612244,2.3738367557525635,1.202451467514038,0.07833720743656158,-0.17588570713996887,-0.02356933243572712,-0.9810056686401367
27.400739800010342,-0.23708903789520264,2.3736093044281006,1.2025328874588013,0.07817906141281128,-0.17291754484176636,-0.024980200454592705,-0.9815109372138977
27.404645600006916,-0.2380223423242569,2.373673915863037,1.202662706375122,0.07573752850294113,-0.17168942093849182,-0.021954035386443138,-0.9819900989532471
27.408780800004024,-0.2390545755624771,2.3736538887023926,1.2027606964111328,0.07522350549697876,-0.16944007575511932,-0.021230613812804222,-0.9824361801147461
27.413029699993785,-0.2400151640176773,2.373534917831421,1.202899694442749,0.07451167702674866,-0.16824239492416382,-0.019410710781812668,-0.9827337861061096
27.417109000030905,-0.2409345954656601,2.3734991550445557,1.2029764652252197,0.07542258501052856,-0.16616766154766083,-0.01975592039525509,-0.983010470867157
27.4217203000444,-0.24182644486427307,2.3733832836151123,1.2029041051864624,0.07455109804868698,-0.16366229951381683,-0.020367858931422234,-0.9834846258163452
27.425586700032,-0.24276944994926453,2.3732666969299316,1.2027729749679565,0.07552175968885422,-0.16132205724716187,-0.021675389260053635,-0.9837691783905029
27.429676300031133,-0.24363191425800323,2.373206615447998,1.2025206089019775,0.07786694914102554,-0.15831363201141357,-0.02357756346464157,-0.9840313792228699
27.433744000038132,-0.2445024847984314,2.373347520828247,1.2024844884872437,0.0770183727145195,-0.15641559660434723,-0.021261708810925484,-0.984454333782196
27.438103199994657,-0.24528425931930542,2.37325382232666,1.2023816108703613,0.076020747423172,-0.1542481631040573,-0.02056904137134552,-0.9848884344100952
27.442966800008435,-0.2462880164384842,2.3732075691223145,1.2023087739944458,0.07554227113723755,-0.15197648108005524,-0.02079574018716812,-0.9852736592292786
27.447040700004436,-0.24704189598560333,2.3730902671813965,1.2021840810775757,0.07505223900079727,-0.1493184119462967,-0.02148321270942688,-0.9857026934623718
27.45157090004068,-0.2477443367242813,2.372952461242676,1.2019702196121216,0.07706846296787262,-0.1460340917110443,-0.02299472875893116,-0.9860050082206726
27.455654599994887,-0.24853621423244476,2.3728699684143066,1.201898455619812,0.07800505310297012,-0.14293032884597778,-0.02239915542304516,-0.9863997101783752
27.459548100014217,-0.24930398166179657,2.3726372718811035,1.2018252611160278,0.0769256204366684,-0.14100386202335358,-0.020132679492235184,-0.9868105053901672
27.4633671999909,-0.2501324713230133,2.3724489212036133,1.2017782926559448,0.07633687555789948,-0.13848108053207397,-0.019234340637922287,-0.9872313141822815
27.46754520002287,-0.25079232454299927,2.3722429275512695,1.2015738487243652,0.07603935897350311,-0.13736411929130554,-0.017783358693122864,-0.9874374866485596
27.471381000010297,-0.25158554315567017,2.3721306324005127,1.2014436721801758,0.07463157176971436,-0.13462293148040771,-0.01656191423535347,-0.9879435300827026
27.475495100021362,-0.2525079548358917,2.3720128536224365,1.20133376121521,0.0748148038983345,-0.1315992772579193,-0.017136599868535995,-0.9883272051811218
27.479555100027937,-0.25331899523735046,2.371838092803955,1.2012426853179932,0.07470124959945679,-0.12865050137043,-0.017380883917212486,-0.9887197613716125
27.48460690001957,-0.2541237473487854,2.3716769218444824,1.2010747194290161,0.07503526657819748,-0.12670086324214935,-0.01745809242129326,-0.9889448881149292
27.48800479999045,-0.2549419403076172,2.3713419437408447,1.2007652521133423,0.07511524111032486,-0.12354981899261475,-0.018800729885697365,-0.9893127679824829
27.49215460004052,-0.2556638717651367,2.3711609840393066,1.2004830837249756,0.07562022656202316,-0.12181439995765686,-0.019035806879401207,-0.9894850254058838
27.496721300005447,-0.25643813610076904,2.3709850311279297,1.2001049518585205,0.07813795655965805,-0.1192137748003006,-0.020696742460131645,-0.9895727634429932
27.5004414000432,-0.2572759985923767,2.370861291885376,1.199784278869629,0.07994350790977478,-0.11701352894306183,-0.020164206624031067,-0.9897022247314453
27.504720300028566,-0.258028507232666,2.370631694793701,1.1993449926376343,0.07923152297735214,-0.11501691490411758,-0.019441789016127586,-0.9900078773498535
27.50867740000831,-0.25870481133461,2.3704674243927,1.1989210844039917,0.07969553023576736,-0.11248791962862015,-0.019383808597922325,-0.9902623295783997
27.513304200023413,-0.25938907265663147,2.370265245437622,1.1983444690704346,0.08016370236873627,-0.11152216047048569,-0.018861792981624603,-0.9903438091278076
27.51710150000872,-0.2600458860397339,2.3701372146606445,1.1980078220367432,0.07929850369691849,-0.10935082286596298,-0.017070703208446503,-0.9906880855560303
27.521150000044145,-0.26060354709625244,2.369997501373291,1.1976687908172607,0.0798080712556839,-0.10755351185798645,-0.016217926517128944,-0.9908581376075745
27.526360900024883,-0.261267751455307,2.369870185852051,1.1972466707229614,0.08125908672809601,-0.10504510998725891,-0.015652459114789963,-0.9910184741020203
27.53040950000286,-0.2617539167404175,2.3695907592773438,1.196846604347229,0.08065507560968399,-0.10288232564926147,-0.013723703101277351,-0.9913232326507568
27.53389610000886,-0.2622833549976349,2.3692781925201416,1.196242094039917,0.0810059905052185,-0.10049738734960556,-0.012986203655600548,-0.9915491342544556
27.537928300036583,-0.26273655891418457,2.369091510772705,1.1958450078964233,0.08109259605407715,-0.09842968732118607,-0.0117717944085598,-0.9917646050453186
27.54218829999445,-0.26314371824264526,2.3689725399017334,1.1954827308654785,0.08211973309516907,-0.09627725929021835,-0.01090390607714653,-0.9919013381004333
27.54689120000694,-0.2635782063007355,2.3687596321105957,1.1950956583023071,0.08275764435529709,-0.09442905336618423,-0.009346877224743366,-0.9920418858528137
27.55036900000414,-0.2641184329986572,2.3685333728790283,1.1946234703063965,0.08289278298616409,-0.09159613400697708,-0.00817522406578064,-0.9923065304756165
27.554837400035467,-0.2645653188228607,2.3681719303131104,1.1940162181854248,0.08451591432094574,-0.08936260640621185,-0.007489759009331465,-0.9923785924911499
27.55939330003457,-0.2649155855178833,2.3679463863372803,1.1937212944030762,0.08419302850961685,-0.08747019618749619,-0.006137567572295666,-0.9925839900970459
27.56316429999424,-0.2653304636478424,2.3676936626434326,1.1934517621994019,0.08397780358791351,-0.08552184700965881,-0.005041074473410845,-0.9927781224250793
27.567906600015704,-0.26589563488960266,2.3673858642578125,1.1930806636810303,0.08352165669202805,-0.08212290704250336,-0.004588691517710686,-0.9931057691574097
27.572016399994027,-0.2663760185241699,2.367067337036133,1.1927740573883057,0.08385641872882843,-0.07974404841661453,-0.004744463134557009,-0.9932705760002136
27.57571080001071,-0.26688840985298157,2.366671323776245,1.1923799514770508,0.08545853942632675,-0.07750099897384644,-0.006019230931997299,-0.9933047294616699
27.580167500011157,-0.2676055133342743,2.366234540939331,1.191938042640686,0.08532705903053284,-0.07518842816352844,-0.006333918776363134,-0.9934918284416199
27.58375220000744,-0.2676055133342743,2.366234540939331,1.191938042640686,0.08532705903053284,-0.07518842816352844,-0.006333918776363134,-0.9934918284416199
27.588094200007617,-0.2688414752483368,2.3653194904327393,1.1910780668258667,0.08544541150331497,-0.07012833654880524,-0.005274620838463306,-0.9938578605651855
27.591984099999536,-0.2694650888442993,2.364856719970703,1.1906191110610962,0.08494320511817932,-0.06718427687883377,-0.005487517453730106,-0.9941031336784363
27.596153000020422,-0.2700652480125427,2.364365816116333,1.1899774074554443,0.08657297492027283,-0.06490924954414368,-0.005961252376437187,-0.9941108822822571
27.600528999988455,-0.2705532908439636,2.3640458583831787,1.1895695924758911,0.086632139980793,-0.06276721507310867,-0.005859506782144308,-0.994243860244751
27.604545600013807,-0.2712046504020691,2.3636717796325684,1.1891093254089355,0.08591672033071518,-0.0602884478867054,-0.00504182418808341,-0.9944638609886169
27.608912500028964,-0.2717706859111786,2.363342523574829,1.1886048316955566,0.08675338327884674,-0.05748756602406502,-0.005010358989238739,-0.9945571422576904
27.61280230002012,-0.2721959054470062,2.3629510402679443,1.1880691051483154,0.0885678082704544,-0.05522466450929642,-0.006068786606192589,-0.9945195317268372
27.61711520003155,-0.2726398706436157,2.362659215927124,1.1876640319824219,0.08979013562202454,-0.05351310968399048,-0.005904829129576683,-0.9945045709609985
27.62126210000133,-0.2731335461139679,2.362154245376587,1.1871665716171265,0.0888209193944931,-0.050919704139232635,-0.0039106556214392185,-0.9947375655174255
27.62536290002754,-0.2734381854534149,2.3616678714752197,1.1867274045944214,0.0879584327340126,-0.04855373129248619,-0.002896813675761223,-0.9949359893798828
27.62979959999211,-0.27372482419013977,2.36125111579895,1.1862739324569702,0.08849833905696869,-0.04706840589642525,-0.0018209583358839154,-0.9949619770050049
27.633677700010594,-0.27397552132606506,2.3606393337249756,1.1857056617736816,0.08932753652334213,-0.044687215238809586,-0.0016599001828581095,-0.9949979782104492
27.637855600041803,-0.2741762399673462,2.3602168560028076,1.1851756572723389,0.08925275504589081,-0.043530598282814026,0.0007151575991883874,-0.9950571060180664
27.642117400013376,-0.2745373845100403,2.359846830368042,1.184695839881897,0.08915950357913971,-0.041183583438396454,0.0024089121725410223,-0.9951626062393188
27.64618810004322,-0.2746739983558655,2.3593997955322266,1.1840468645095825,0.09078216552734375,-0.03855128586292267,0.0019222982227802277,-0.9951224327087402
27.650682000035886,-0.27481552958488464,2.3590476512908936,1.1834782361984253,0.08982118964195251,-0.03622682765126228,0.003226083004847169,-0.9952936768531799
27.654552299994975,-0.2749432623386383,2.3587698936462402,1.1828999519348145,0.09140676259994507,-0.03408091887831688,0.0037002793978899717,-0.9952234029769897
27.658811800007243,-0.2751498520374298,2.3583009243011475,1.1822597980499268,0.09304418414831161,-0.032279398292303085,0.004473700653761625,-0.9951285123825073
27.66294360003667,-0.2754009962081909,2.3579952716827393,1.1816942691802979,0.09396662563085556,-0.029620356857776642,0.005692321807146072,-0.9951183795928955
27.667117900040466,-0.2756275236606598,2.3576676845550537,1.1810905933380127,0.0930829867720604,-0.027328694239258766,0.007278901524841785,-0.9952567219734192
27.6714062000392,-0.2758025527000427,2.3573429584503174,1.1806343793869019,0.09324471652507782,-0.02558324672281742,0.008028418757021427,-0.9952821731567383
27.675351999991108,-0.27595487236976624,2.356961250305176,1.180133581161499,0.0938006266951561,-0.02395675890147686,0.008769751526415348,-0.9952641129493713
27.679637800029013,-0.27617746591567993,2.356401205062866,1.1795454025268555,0.09453921765089035,-0.02127000130712986,0.008665269240736961,-0.9952561259269714
27.683773100026883,-0.27644863724708557,2.355978488922119,1.1789660453796387,0.0944058895111084,-0.019782284274697304,0.010441586375236511,-0.9952824711799622
27.687821300001815,-0.27662599086761475,2.3556182384490967,1.178565502166748,0.09386519342660904,-0.017981665208935738,0.011202911846339703,-0.995359480381012
27.692176999989897,-0.27680569887161255,2.355241537094116,1.1781775951385498,0.09352333843708038,-0.016266345977783203,0.011602240614593029,-0.9954167008399963
27.696328499994706,-0.2769714295864105,2.354872703552246,1.1777937412261963,0.09327871352434158,-0.01450449600815773,0.012148513458669186,-0.9954602718353271
27.70048520003911,-0.27717915177345276,2.3542940616607666,1.1772722005844116,0.09103002399206161,-0.01156934630125761,0.012239563278853893,-0.9957057237625122
27.704533000010997,-0.27742359042167664,2.3537981510162354,1.1768525838851929,0.09014134854078293,-0.010168059729039669,0.013985411264002323,-0.9957789182662964
27.708701900031883,-0.2776092290878296,2.353330612182617,1.1764007806777954,0.09084692597389221,-0.007425425574183464,0.013739701360464096,-0.9957423806190491
27.713132000004407,-0.2776695787906647,2.3529136180877686,1.176108717918396,0.0900622233748436,-0.0054185157641768456,0.014727679081261158,-0.9958124756813049
27.717019100033212,-0.2777996361255646,2.3523895740509033,1.1757489442825317,0.0884675532579422,-0.0031392136588692665,0.01554019469767809,-0.9959529042243958
27.721267200016882,-0.2779172658920288,2.3519492149353027,1.1755027770996094,0.08811405301094055,-0.0014046714641153812,0.016247890889644623,-0.9959769248962402
27.725590299989562,-0.2779412567615509,2.351381778717041,1.1752132177352905,0.0875631794333458,0.0003824908344540745,0.018206294625997543,-0.9959926009178162
27.733779500005767,-0.2780950665473938,2.3504457473754883,1.1746432781219482,0.0872877687215805,0.0033303124364465475,0.019666636362671852,-0.9959834814071655
27.737997899996117,-0.27815428376197815,2.349733591079712,1.1740881204605103,0.08967968076467514,0.005474528297781944,0.017734449356794357,-0.9957978129386902
27.74225720000686,-0.27825769782066345,2.3491575717926025,1.1736571788787842,0.09024735540151596,0.007309832610189915,0.01870972290635109,-0.9957168102264404
27.746373400033917,-0.27826133370399475,2.348726749420166,1.173294186592102,0.08999791741371155,0.008401823230087757,0.020209824666380882,-0.9957014322280884
27.750778199988417,-0.27823561429977417,2.348237991333008,1.1728293895721436,0.08919508755207062,0.009980377741158009,0.02147488482296467,-0.9957326054573059
27.75546780001605,-0.27812057733535767,2.34775710105896,1.172391653060913,0.08889172226190567,0.011197695508599281,0.02430160716176033,-0.9956818222999573
27.75996799999848,-0.27809152007102966,2.347240686416626,1.1719306707382202,0.08754611015319824,0.013040137477219105,0.02649608626961708,-0.9957226514816284
27.76418250001734,-0.278057724237442,2.3467864990234375,1.171460509300232,0.08762282878160477,0.01331857219338417,0.02890152484178543,-0.99564528465271
27.769045700028073,-0.2778972387313843,2.3462865352630615,1.1709195375442505,0.08823630958795547,0.013975950889289379,0.030147990211844444,-0.9955452084541321
27.774156100000255,-0.27783337235450745,2.345750331878662,1.1704814434051514,0.08815379440784454,0.014380225911736488,0.032820865511894226,-0.99546217918396
27.779369199997745,-0.2775804102420807,2.344599485397339,1.169669270515442,0.08938194811344147,0.016675012186169624,0.03575439378619194,-0.9952158331871033
27.783655200037174,-0.27745839953422546,2.3440909385681152,1.1693865060806274,0.08915643393993378,0.017694639042019844,0.03746902942657471,-0.995155394077301
27.78831050003646,-0.2773035764694214,2.3434064388275146,1.1690043210983276,0.08973085135221481,0.01950252242386341,0.0368475578725338,-0.9950931668281555
27.792125900043175,-0.27720943093299866,2.3428237438201904,1.1688185930252075,0.08885104954242706,0.020318077877163887,0.037967730313539505,-0.9951136708259583
27.796999200014398,-0.27714574337005615,2.342261791229248,1.1686714887619019,0.08808059990406036,0.021235771477222443,0.03947344422340393,-0.9951044321060181
27.800798000011127,-0.27701953053474426,2.3415911197662354,1.1685302257537842,0.08629337698221207,0.022184127941727638,0.04201268032193184,-0.9951363205909729
27.80476860003546,-0.27702033519744873,2.3409087657928467,1.168402075767517,0.08471980690956116,0.023236338049173355,0.04479043558239937,-0.9951263666152954
27.808881500037387,-0.2763301730155945,2.3409881591796875,1.168624758720398,0.07991061359643936,0.02411097288131714,0.054841820150613785,-0.9950002431869507
27.812840300030075,-0.2746712267398834,2.3415415287017822,1.1692692041397095,0.06904336810112,0.028965899720788002,0.07871182262897491,-0.9940816760063171
27.817195900017396,-0.2737928330898285,2.3411238193511963,1.16930091381073,0.06512370705604553,0.033029668033123016,0.08637397736310959,-0.9935831427574158
27.82132069999352,-0.27405521273612976,2.340111494064331,1.1692267656326294,0.06656922399997711,0.03608689829707146,0.0781085416674614,-0.9940650463104248
27.824982599995565,-0.27405521273612976,2.340111494064331,1.1692267656326294,0.06656922399997711,0.03608689829707146,0.0781085416674614,-0.9940650463104248
27.829349900013767,-0.27546486258506775,2.3382885456085205,1.169238805770874,0.0686572790145874,0.0370619110763073,0.06599003076553345,-0.9947652816772461
27.833586400025524,-0.2753317058086395,2.337637424468994,1.1691089868545532,0.06646660715341568,0.039681434631347656,0.07277175039052963,-0.9943400025367737
27.838005100027658,-0.27528688311576843,2.33687162399292,1.169126272201538,0.06178130954504013,0.04215420037508011,0.07711800932884216,-0.9942126870155334
27.842047800018918,-0.2756851613521576,2.335860252380371,1.1691259145736694,0.05918751284480095,0.04381372407078743,0.074095718562603,-0.9945285320281982
27.84614949999377,-0.2761172652244568,2.335097551345825,1.1691381931304932,0.05870995298027992,0.0443045012652874,0.0719754695892334,-0.9946908354759216
27.850750300043728,-0.2764374315738678,2.3344826698303223,1.169020652770996,0.05726037919521332,0.04541531205177307,0.07301059365272522,-0.9946498274803162
27.854542599990964,-0.2766423225402832,2.3338613510131836,1.168810486793518,0.055525071918964386,0.04625755921006203,0.07498335838317871,-0.9945626258850098
27.85898660001112,-0.2769352197647095,2.3329765796661377,1.1687079668045044,0.05442433059215546,0.047882456332445145,0.07474169880151749,-0.9945647120475769
27.86279420001665,-0.27735763788223267,2.3320319652557373,1.1684553623199463,0.05421743541955948,0.0488506481051445,0.07441391795873642,-0.9945535659790039
27.867322600039188,-0.2777358889579773,2.331306219100952,1.1682883501052856,0.053941819816827774,0.05029815435409546,0.07483921200037003,-0.9944643974304199
27.871358900039922,-0.2778575122356415,2.330463171005249,1.1679071187973022,0.05681856721639633,0.05178290233016014,0.07318750768899918,-0.9943509101867676
27.877767400001176,-0.27804696559906006,2.3297934532165527,1.1676020622253418,0.05584122613072395,0.05201015993952751,0.07521676272153854,-0.9942430853843689
27.881623100023717,-0.278290331363678,2.3291397094726562,1.1674420833587646,0.05434592440724373,0.05341807380318642,0.07631708681583405,-0.9941673874855042
27.885609499993734,-0.2785019278526306,2.3284201622009277,1.1671910285949707,0.05251371115446091,0.05488431826233864,0.078278087079525,-0.9940335154533386
27.889826000027824,-0.27865853905677795,2.327821731567383,1.166967749595642,0.052307870239019394,0.0553230345249176,0.07979559898376465,-0.9938993453979492
27.893971999990754,-0.2787898778915405,2.3272478580474854,1.1667250394821167,0.05243503674864769,0.05571950599551201,0.08074963092803955,-0.9937934875488281
27.89822080003796,-0.2789941132068634,2.326474905014038,1.1664633750915527,0.05357763171195984,0.055603768676519394,0.08116642385721207,-0.9937050938606262
27.90252360003069,-0.27919429540634155,2.32586669921875,1.166174054145813,0.05250066518783569,0.05641879141330719,0.08228731155395508,-0.9936244487762451
27.90665600000648,-0.2793574035167694,2.3252193927764893,1.1657438278198242,0.05366751551628113,0.056859854608774185,0.08185044676065445,-0.9935729503631592
27.911391200032085,-0.2796715497970581,2.3246536254882812,1.1654930114746094,0.053407907485961914,0.05662522464990616,0.08327116817235947,-0.9934822916984558
27.91568900004495,-0.27992770075798035,2.3239200115203857,1.165032148361206,0.050137199461460114,0.05606792867183685,0.0852692723274231,-0.993514895439148
27.920128800033126,-0.28023815155029297,2.323457717895508,1.1648294925689697,0.049643903970718384,0.05662546679377556,0.08555514365434647,-0.9934834837913513
27.925258700037375,-0.2810114622116089,2.3224711418151855,1.1645333766937256,0.04870343208312988,0.05811077356338501,0.0850088894367218,-0.9934911131858826
27.92975250002928,-0.2815603017807007,2.321856737136841,1.1643846035003662,0.049064263701438904,0.05971602723002434,0.082814060151577,-0.9935635924339294
27.934360200015362,-0.2822265326976776,2.3213720321655273,1.164311170578003,0.04839982092380524,0.06053703650832176,0.08241137862205505,-0.9935799837112427
27.938003999996,-0.28287169337272644,2.320615291595459,1.164061188697815,0.046486206352710724,0.06253870576620102,0.08210351318120956,-0.9935728311538696
27.94229890004499,-0.2833995819091797,2.320178270339966,1.1640830039978027,0.04570982977747917,0.06261014193296432,0.08183756470680237,-0.9936263561248779
27.946488399989903,-0.2839747369289398,2.3197765350341797,1.1639617681503296,0.04418754205107689,0.06294171512126923,0.08196231722831726,-0.9936639666557312
27.950521700026002,-0.2845255136489868,2.319215774536133,1.1637134552001953,0.04515370726585388,0.06487874686717987,0.07980373501777649,-0.9936715960502625
27.954718900029548,-0.285139262676239,2.3186094760894775,1.1634725332260132,0.04317101463675499,0.06449874490499496,0.08025556802749634,-0.9937480688095093
27.958850399998482,-0.2856632173061371,2.317945957183838,1.1633280515670776,0.04241984337568283,0.06553248316049576,0.07820901274681091,-0.993876039981842
27.963053999992553,-0.28623253107070923,2.317448377609253,1.1631653308868408,0.043008409440517426,0.06598366796970367,0.07669177651405334,-0.9939390420913696
27.966977400006726,-0.2868503928184509,2.3169589042663574,1.1629095077514648,0.042538732290267944,0.0669245645403862,0.07636386901140213,-0.9939216375350952
27.971537600038573,-0.2874385416507721,2.3164608478546143,1.1627079248428345,0.042729467153549194,0.06853014975786209,0.07520688325166702,-0.993892252445221
27.976068200019654,-0.2879074215888977,2.315988063812256,1.1625570058822632,0.04205084219574928,0.06943900883197784,0.07538716495037079,-0.9938443899154663
27.97963380004512,-0.28842654824256897,2.315399169921875,1.1623057126998901,0.0397564060986042,0.07113563269376755,0.07515008002519608,-0.9938368797302246
27.983848800009582,-0.2888895869255066,2.314915180206299,1.161977767944336,0.04128279909491539,0.07162798196077347,0.07366688549518585,-0.9938502907752991
27.98815490002744,-0.28939661383628845,2.3144989013671875,1.1617194414138794,0.04159609600901604,0.07212328910827637,0.07320341467857361,-0.9938356280326843
27.992413000029046,-0.28995227813720703,2.3139636516571045,1.161280870437622,0.04302866756916046,0.07277215272188187,0.07265783101320267,-0.9937674403190613
27.996770700032357,-0.29039713740348816,2.3136250972747803,1.1611343622207642,0.04185356944799423,0.07282073050737381,0.07333560287952423,-0.9937642812728882
28.000421200005803,-0.290861040353775,2.3130836486816406,1.160931944847107,0.040593113750219345,0.07379891723394394,0.07423682510852814,-0.9936774969100952
28.00485900003696,-0.2913009226322174,2.3128185272216797,1.1606285572052002,0.04002298042178154,0.07324351370334625,0.07530666887760162,-0.9936611652374268
28.00875450001331,-0.2917410433292389,2.31233549118042,1.1602301597595215,0.037957314401865005,0.07458841800689697,0.07544800639152527,-0.9936315417289734
28.012919300002977,-0.29211628437042236,2.3119680881500244,1.1598917245864868,0.03831332549452782,0.07498491555452347,0.07561331242322922,-0.993575394153595
28.017707800026983,-0.2926570475101471,2.3115079402923584,1.1595107316970825,0.04127742350101471,0.0767470970749855,0.07301414012908936,-0.9935165047645569
28.02161520003574,-0.29322877526283264,2.311044216156006,1.159153938293457,0.03990064561367035,0.07650116086006165,0.07419578731060028,-0.9935041666030884
28.02598490001401,-0.29363417625427246,2.3106582164764404,1.1589089632034302,0.041600003838539124,0.07740067690610886,0.07315638661384583,-0.9934418201446533
28.029669400013518,-0.2940386235713959,2.3102898597717285,1.1586657762527466,0.04135044664144516,0.07829467207193375,0.0739651471376419,-0.9933223128318787
28.03383190004388,-0.2945692241191864,2.3099279403686523,1.1584455966949463,0.03987906128168106,0.07922415435314178,0.07465876638889313,-0.9932568669319153
28.038176300004125,-0.29514092206954956,2.3095717430114746,1.158143401145935,0.038072794675827026,0.0790620967745781,0.07675308734178543,-0.9931811094284058
28.042027699993923,-0.2956892251968384,2.309098720550537,1.1577208042144775,0.03842820227146149,0.08084888011217117,0.07509098947048187,-0.9931506514549255
28.046369799994864,-0.2963767945766449,2.3087692260742188,1.1575078964233398,0.03795836120843887,0.08198029547929764,0.07521113008260727,-0.9930669069290161
28.050501700025052,-0.2969130575656891,2.3084821701049805,1.1572949886322021,0.037609491497278214,0.0827229917049408,0.07518182694911957,-0.9930207133293152
28.05506470002001,-0.29754436016082764,2.308084487915039,1.156987190246582,0.0378996804356575,0.08240389823913574,0.07579633593559265,-0.9929895401000977
28.05882420000853,-0.2981291711330414,2.3077809810638428,1.156805157661438,0.03810647875070572,0.08301717042922974,0.07552829384803772,-0.9929509162902832
28.062840100028552,-0.29869338870048523,2.3074347972869873,1.1565786600112915,0.03655038774013519,0.08406849205493927,0.07562924921512604,-0.9929133057594299
28.06729340000311,-0.29936498403549194,2.307135820388794,1.1564147472381592,0.038423847407102585,0.08577603846788406,0.07324082404375076,-0.9928755164146423
28.071165500034112,-0.2999512851238251,2.3067874908447266,1.1561545133590698,0.03954145684838295,0.08695352077484131,0.07196980714797974,-0.9928222298622131
28.075703800015617,-0.3006681799888611,2.3064417839050293,1.1560096740722656,0.03899603337049484,0.08796069025993347,0.07249107211828232,-0.9927171468734741
28.080312000005506,-0.3011637330055237,2.306145191192627,1.1558201313018799,0.03840014711022377,0.08869074285030365,0.07272060215473175,-0.9926586747169495
28.084172300004866,-0.3017441928386688,2.3057663440704346,1.155524730682373,0.03601616248488426,0.09028125554323196,0.07307074964046478,-0.9925788640975952
28.08864650002215,-0.3022152781486511,2.305415391921997,1.1552239656448364,0.03595986217260361,0.0905541405081749,0.07433921098709106,-0.9924618601799011
28.0922142000054,-0.3026943802833557,2.305131435394287,1.1549638509750366,0.03592172637581825,0.09156402200460434,0.07419523596763611,-0.9923813939094543
28.096401699993294,-0.30317503213882446,2.3047988414764404,1.154618501663208,0.036791782826185226,0.09289593994617462,0.07349885255098343,-0.9922775030136108
28.100579200021457,-0.30380672216415405,2.3044421672821045,1.1542946100234985,0.036025695502758026,0.09437382966279984,0.0734635442495346,-0.9921687841415405
28.104534000041895,-0.3043222427368164,2.3041722774505615,1.1540639400482178,0.03615054488182068,0.0950397476553917,0.07369739562273026,-0.9920833110809326
28.109959300025366,-0.30494987964630127,2.3040525913238525,1.153914213180542,0.036835480481386185,0.09660495817661285,0.07366430759429932,-0.991909384727478
28.113784199988004,-0.30561256408691406,2.3037049770355225,1.1535574197769165,0.03780762106180191,0.09808476269245148,0.07352621108293533,-0.9917378425598145
28.11771880002925,-0.30613020062446594,2.303438186645508,1.1533068418502808,0.038472410291433334,0.09886462241411209,0.07343750447034836,-0.9916414022445679
28.121351500041783,-0.30668583512306213,2.3030195236206055,1.1529513597488403,0.03952537849545479,0.10038869827985764,0.07280602306127548,-0.9914934039115906
28.12698790000286,-0.3072751760482788,2.302570104598999,1.1524661779403687,0.03673764690756798,0.10050885379314423,0.07448097318410873,-0.9914640188217163
28.1313983,-0.3077562153339386,2.3023314476013184,1.1522351503372192,0.03653678297996521,0.1012011468410492,0.07470326870679855,-0.9913843870162964
28.1365938000381,-0.3082987666130066,2.302069902420044,1.1519745588302612,0.03625436872243881,0.10230108350515366,0.0751207247376442,-0.9912502765655518
28.1424352999893,-0.30929553508758545,2.3013811111450195,1.1513408422470093,0.03541875630617142,0.10386322438716888,0.07542577385902405,-0.9910948276519775
28.146246500022244,-0.3097600042819977,2.3010079860687256,1.151006817817688,0.037336111068725586,0.10472007840871811,0.07450953125953674,-0.9910036325454712
28.150565500021912,-0.3101963400840759,2.3006114959716797,1.1507465839385986,0.03788638114929199,0.10490639507770538,0.07532253861427307,-0.9909015893936157
28.154518500028644,-0.31067609786987305,2.3002517223358154,1.1505192518234253,0.037791717797517776,0.1055564433336258,0.07564105093479156,-0.990811824798584
28.158729400020093,-0.3110697865486145,2.2998952865600586,1.1502046585083008,0.037264056503772736,0.10510002076625824,0.07707997411489487,-0.9907694458961487
28.163142000033986,-0.3115270435810089,2.299484968185425,1.1498823165893555,0.0371752493083477,0.10676431655883789,0.07598435133695602,-0.9906794428825378
28.167018200038,-0.311892032623291,2.2992634773254395,1.1496785879135132,0.03776741027832031,0.10696857422590256,0.07622407376766205,-0.9906166195869446
28.171413300035056,-0.31244170665740967,2.298977851867676,1.149312973022461,0.034016918390989304,0.10809041559696198,0.07771110534667969,-0.9905152320861816
28.175418700033333,-0.31285884976387024,2.2986016273498535,1.149023175239563,0.0352020189166069,0.10899197310209274,0.07739530503749847,-0.9903997182846069
28.179631100036204,-0.31323105096817017,2.298318862915039,1.148768663406372,0.034680210053920746,0.10934928804636002,0.07810226827859879,-0.9903231859207153
28.184209700033534,-0.31373944878578186,2.298043727874756,1.1485406160354614,0.03448000177741051,0.11008614301681519,0.07966852188110352,-0.9901238083839417
28.18804129998898,-0.3141553997993469,2.2976813316345215,1.148258090019226,0.03268956020474434,0.1112433448433876,0.08024244755506516,-0.9900088310241699
28.192267400037963,-0.3146201968193054,2.297301769256592,1.148019790649414,0.03274765610694885,0.11030831187963486,0.08152727782726288,-0.9900065660476685
28.196119200030807,-0.31501221656799316,2.297010660171509,1.147889494895935,0.03283044323325157,0.11107970774173737,0.08128432184457779,-0.9899375438690186
28.20101970003452,-0.3154095411300659,2.296724796295166,1.1477059125900269,0.032761797308921814,0.11174094676971436,0.08121294528245926,-0.9898713231086731
28.204749000025913,-0.31582504510879517,2.2963550090789795,1.147331953048706,0.0344642698764801,0.11233128607273102,0.07963284850120544,-0.9898750185966492
28.208683600008953,-0.3162896931171417,2.296097755432129,1.1471141576766968,0.03381013125181198,0.11309091746807098,0.07982400059700012,-0.9897957444190979
28.21308840002166,-0.31671202182769775,2.2956128120422363,1.1467654705047607,0.03200729563832283,0.11431162804365158,0.07918988913297653,-0.9897662997245789
28.217000400007237,-0.31709033250808716,2.295335054397583,1.1465343236923218,0.031259436160326004,0.11456011980772018,0.07992928475141525,-0.9897021055221558
28.221153300022706,-0.3174688220024109,2.295079231262207,1.1463160514831543,0.03064371645450592,0.11478138715028763,0.08055780827999115,-0.9896447658538818
28.225430399994366,-0.3178580105304718,2.294842481613159,1.1461204290390015,0.03056502528488636,0.11500079184770584,0.08040203899145126,-0.9896343946456909
28.2295199999935,-0.31821855902671814,2.294431686401367,1.1457725763320923,0.032609399408102036,0.11518482863903046,0.07889554649591446,-0.9896689057350159
28.2340089000063,-0.31870007514953613,2.294290542602539,1.1454999446868896,0.029838211834430695,0.11520099639892578,0.08169133961200714,-0.989527702331543
28.237559500033967,-0.31870007514953613,2.294290542602539,1.1454999446868896,0.029838211834430695,0.11520099639892578,0.08169133961200714,-0.989527702331543
28.24223680002615,-0.3196342885494232,2.293687343597412,1.1447157859802246,0.03149593248963356,0.1174452155828476,0.07909069210290909,-0.9894236922264099
28.246321699989494,-0.31999993324279785,2.293462038040161,1.1445181369781494,0.03162144497036934,0.11789055913686752,0.07957345247268677,-0.9893280863761902
28.250687399995513,-0.3202648162841797,2.293473243713379,1.1443288326263428,0.028961872681975365,0.11797850579023361,0.08186455070972443,-0.9892120957374573
28.254740500007756,-0.32061460614204407,2.293083429336548,1.143972635269165,0.029240284115076065,0.11875450611114502,0.08037127554416656,-0.9892334342002869
28.259179599990603,-0.3209940195083618,2.2929883003234863,1.1437983512878418,0.03233567997813225,0.11871592700481415,0.0797460749745369,-0.9891923666000366
28.263029300025664,-0.32131823897361755,2.292703866958618,1.1434470415115356,0.03095870092511177,0.11850868165493011,0.0806100070476532,-0.9891912341117859
28.267662100028247,-0.32168054580688477,2.292494535446167,1.1430662870407104,0.031151436269283295,0.11964872479438782,0.08007699996232986,-0.9890912175178528
28.271657900011633,-0.3220156729221344,2.292327642440796,1.1428471803665161,0.030361760407686234,0.12013369053602219,0.08055881410837173,-0.9890179634094238
28.2755010999972,-0.3223409056663513,2.292206287384033,1.142616629600525,0.03015805408358574,0.12042859941720963,0.08095871657133102,-0.9889556765556335
28.279486900020856,-0.3228341341018677,2.292177438735962,1.1424826383590698,0.03064448945224285,0.12156122177839279,0.08063387870788574,-0.9888285994529724
28.286308600043412,-0.323137104511261,2.292029619216919,1.1422817707061768,0.030004646629095078,0.12211127579212189,0.08110591024160385,-0.9887418150901794
28.290837900014594,-0.3233848214149475,2.291848659515381,1.1420499086380005,0.028851641342043877,0.12288893014192581,0.08174481987953186,-0.9886272549629211
28.29683170001954,-0.3239431083202362,2.2915329933166504,1.141469120979309,0.026975272223353386,0.12489328533411026,0.08243811130523682,-0.9883713722229004
28.301159400027245,-0.32426023483276367,2.2914440631866455,1.1412417888641357,0.02659178338944912,0.12482865154743195,0.0829566940665245,-0.988346517086029
28.30515570001444,-0.32461562752723694,2.291297674179077,1.1410582065582275,0.02598881907761097,0.12441781163215637,0.08418553322553635,-0.9883104562759399
28.308837499993388,-0.32493722438812256,2.2911946773529053,1.1408467292785645,0.02618904411792755,0.12458071857690811,0.08404556661844254,-0.9882965683937073
28.313008400029503,-0.32525527477264404,2.290926218032837,1.1404474973678589,0.027714693918824196,0.12403102219104767,0.08398299664258957,-0.9883294105529785
28.318087899999227,-0.3255513608455658,2.290804624557495,1.140323519706726,0.02748887985944748,0.12444518506526947,0.08403989672660828,-0.988278865814209
28.322278400009964,-0.32592183351516724,2.290692090988159,1.1402359008789062,0.027022909373044968,0.12551838159561157,0.08408065885305405,-0.9881525635719299
28.327258400036953,-0.32623085379600525,2.2905654907226562,1.1401764154434204,0.026080595329403877,0.12636011838912964,0.08422327041625977,-0.9880583882331848
28.331078200018965,-0.32656538486480713,2.2903926372528076,1.140001654624939,0.024266023188829422,0.1278631091117859,0.08431271463632584,-0.9879036545753479
28.33469700004207,-0.3268982172012329,2.2902839183807373,1.1399426460266113,0.023904981091618538,0.12913846969604492,0.08379589021205902,-0.9877905249595642
28.338502000027802,-0.32711318135261536,2.2901692390441895,1.139863133430481,0.023848949000239372,0.1297147274017334,0.08370481431484222,-0.9877240657806396
28.342275500006508,-0.32731372117996216,2.290034055709839,1.1397449970245361,0.0236055888235569,0.13026434183120728,0.08370067179203033,-0.987657904624939
28.346495000005234,-0.32752659916877747,2.289882183074951,1.1395902633666992,0.02346273511648178,0.1310357004404068,0.08360014110803604,-0.9875677824020386
28.350850799994078,-0.32770177721977234,2.2897608280181885,1.139406681060791,0.023515257984399796,0.1318342685699463,0.08326102793216705,-0.9874889254570007
28.354671000037342,-0.3278374671936035,2.28963565826416,1.139209508895874,0.02351256273686886,0.13248838484287262,0.08311132341623306,-0.9874140620231628
28.359834800008684,-0.3280012607574463,2.2895126342773438,1.1390551328659058,0.023354260250926018,0.1337108463048935,0.08320941030979156,-0.9872447848320007
28.363516000041272,-0.328203409910202,2.2892651557922363,1.1387345790863037,0.02475935034453869,0.13485857844352722,0.08182118833065033,-0.9871705174446106
28.367110799998045,-0.3282919228076935,2.2891643047332764,1.1385070085525513,0.024551087990403175,0.1355365514755249,0.08201044797897339,-0.9870670437812805
28.371962600038387,-0.3283790349960327,2.2890939712524414,1.138289213180542,0.02434667944908142,0.1361355036497116,0.08231771737337112,-0.9869641661643982
28.376091499987524,-0.3284541666507721,2.288980007171631,1.1380687952041626,0.02423078753054142,0.13671375811100006,0.08245047926902771,-0.9868760108947754
28.38351810001768,-0.32868093252182007,2.288696527481079,1.137527346611023,0.022058656439185143,0.13885872066020966,0.08368005603551865,-0.9865238666534424
28.387997000012547,-0.3287626802921295,2.288552761077881,1.137363314628601,0.022256502881646156,0.13953343033790588,0.0837249681353569,-0.9864203929901123
28.392122599994764,-0.32882067561149597,2.2883331775665283,1.1371480226516724,0.02192465029656887,0.13943688571453094,0.08465637266635895,-0.9863619804382324
28.39614910003729,-0.32885995507240295,2.2881526947021484,1.1369788646697998,0.02196110039949417,0.13975049555301666,0.08498496562242508,-0.9862885475158691
28.40054110001074,-0.3288687467575073,2.2879638671875,1.1369309425354004,0.022566838189959526,0.1405927538871765,0.0843968391418457,-0.9862056374549866
28.405100400035735,-0.32890719175338745,2.287727117538452,1.13675856590271,0.022849561646580696,0.14114467799663544,0.08442269265651703,-0.9861181378364563
28.409629000001587,-0.3289390206336975,2.2874255180358887,1.1364778280258179,0.022187311202287674,0.14093030989170074,0.0858999714255333,-0.9860363006591797
28.413004000030924,-0.3289378881454468,2.2872183322906494,1.1362894773483276,0.021948646754026413,0.14119118452072144,0.08622713387012482,-0.9859758019447327
28.41703240002971,-0.3289641737937927,2.28690767288208,1.1360445022583008,0.020809432491660118,0.14227108657360077,0.0866314098238945,-0.985809862613678
28.42141290003201,-0.32898470759391785,2.2866644859313965,1.1358298063278198,0.020189501345157623,0.1425861269235611,0.08692760020494461,-0.9857511520385742
28.42533880000701,-0.32896023988723755,2.2862796783447266,1.1354129314422607,0.019370870664715767,0.1423233300447464,0.08695328235626221,-0.9858032464981079
28.42944229999557,-0.3289640545845032,2.285919427871704,1.1351008415222168,0.019779043272137642,0.14275811612606049,0.08708974719047546,-0.9857202172279358
28.43390120001277,-0.3289926052093506,2.2856557369232178,1.1349008083343506,0.01922573894262314,0.14323395490646362,0.08727674931287766,-0.985645592212677
28.43793400004506,-0.32903945446014404,2.285383939743042,1.1346856355667114,0.018359340727329254,0.143748939037323,0.08755189925432205,-0.9855626821517944
28.442554700013716,-0.3291518986225128,2.2850804328918457,1.1345034837722778,0.018193047493696213,0.14376039803028107,0.08770991861820221,-0.985550045967102
28.45047630002955,-0.3293013572692871,2.284489393234253,1.134364128112793,0.017649728804826736,0.1450217068195343,0.0882120355963707,-0.98533034324646
28.45473870000569,-0.32947400212287903,2.284114122390747,1.1341190338134766,0.01751335710287094,0.14554160833358765,0.08776723593473434,-0.9852958917617798
28.458772400044836,-0.3295610547065735,2.2837977409362793,1.134013295173645,0.017652584239840508,0.14610764384269714,0.08778322488069534,-0.9852081537246704
28.463541300036013,-0.32968869805336,2.2834527492523193,1.133779764175415,0.018491914495825768,0.14640644192695618,0.087616465985775,-0.9851632714271545
28.467703800008167,-0.3297589123249054,2.283088445663452,1.1336305141448975,0.01792556419968605,0.1464834064245224,0.08880794048309326,-0.9850555658340454
28.472615000035148,-0.3298281729221344,2.282735824584961,1.1335901021957397,0.01868254318833351,0.14703050255775452,0.08884841948747635,-0.9849563241004944
28.480868600017857,-0.3300637900829315,2.281947135925293,1.1332889795303345,0.016451658681035042,0.1486911177635193,0.089756079018116,-0.9846644401550293
28.487125999992713,-0.33020442724227905,2.2815191745758057,1.1331028938293457,0.01558304950594902,0.14829230308532715,0.09115714579820633,-0.9846100807189941
28.492279199999757,-0.3305475413799286,2.280690908432007,1.133095145225525,0.014235647395253181,0.15008731186389923,0.09141317754983902,-0.9843347668647766
28.49783100001514,-0.3307322561740875,2.2802350521087646,1.1330718994140625,0.01283981092274189,0.15064218640327454,0.09280923753976822,-0.984138548374176
28.50322720000986,-0.3309365510940552,2.27980899810791,1.1329060792922974,0.01232511643320322,0.1513279378414154,0.09232696145772934,-0.984085202217102
28.50850520003587,-0.3313237726688385,2.2790985107421875,1.1327078342437744,0.011500557884573936,0.15143606066703796,0.09285327047109604,-0.9840291142463684
28.513816700025927,-0.3315299153327942,2.2787201404571533,1.1325234174728394,0.013285111635923386,0.1514798402786255,0.0919649675488472,-0.9840832948684692
28.517203100025654,-0.33170071244239807,2.2784392833709717,1.132440209388733,0.01364805642515421,0.1515747457742691,0.09218699485063553,-0.9840429425239563
28.521208800026216,-0.3320353031158447,2.2780745029449463,1.132307529449463,0.014323486015200615,0.15296831727027893,0.09117414057254791,-0.9839119911193848
28.525320900022052,-0.3321923613548279,2.277829170227051,1.1322492361068726,0.014583506621420383,0.1535392850637436,0.09125423431396484,-0.9838117957115173
28.529328100034036,-0.3322589099407196,2.2774956226348877,1.1321732997894287,0.014771945774555206,0.15398931503295898,0.09109774976968765,-0.9837532043457031
28.533471500035375,-0.33240440487861633,2.2771928310394287,1.1321393251419067,0.014277263544499874,0.15496264398097992,0.09202220290899277,-0.983521580696106
28.53800780000165,-0.3325135409832001,2.2769320011138916,1.1322071552276611,0.014573557302355766,0.15520182251930237,0.09243127703666687,-0.9834411144256592
28.54204790003132,-0.3326060175895691,2.2766575813293457,1.1321847438812256,0.01425720565021038,0.15551121532917023,0.09309215098619461,-0.9833346009254456
28.54633440001635,-0.3327091932296753,2.2763442993164062,1.1321415901184082,0.012846454046666622,0.1557784080505371,0.09352768957614899,-0.9832703471183777
28.55032919999212,-0.3328549563884735,2.2760157585144043,1.1320680379867554,0.012082694098353386,0.15561601519584656,0.0949355885386467,-0.9831708669662476
28.554593200038653,-0.3329903185367584,2.2757222652435303,1.1320042610168457,0.010815992020070553,0.1563834547996521,0.09562390297651291,-0.9829971790313721
28.558662399998866,-0.3332003057003021,2.27541184425354,1.1319831609725952,0.009478925727307796,0.15700183808803558,0.09617261588573456,-0.9828587770462036
28.56295340001816,-0.33339622616767883,2.275142192840576,1.1319994926452637,0.008891223929822445,0.15712736546993256,0.09673712402582169,-0.9827888607978821
28.567218000011053,-0.3335949778556824,2.274892807006836,1.1319657564163208,0.008050736971199512,0.15786762535572052,0.09711772203445435,-0.9826399087905884
28.57113210001262,-0.3338404893875122,2.274672746658325,1.1319620609283447,0.008608237840235233,0.15784987807273865,0.0971769317984581,-0.9826321601867676
28.57541350001702,-0.33415523171424866,2.2743542194366455,1.132067322731018,0.007949194870889187,0.1586339771747589,0.09730339050292969,-0.9824988842010498
28.58002110000234,-0.3343629837036133,2.274117946624756,1.1320711374282837,0.007648690603673458,0.15907055139541626,0.09738987684249878,-0.9824221730232239
28.583751300000586,-0.3345318138599396,2.2739107608795166,1.1320706605911255,0.007389690261334181,0.15940812230110168,0.09775305539369583,-0.9823333621025085
28.58814380003605,-0.33477094769477844,2.273695468902588,1.1320637464523315,0.008313308469951153,0.15973050892353058,0.09687050431966782,-0.9823610782623291
28.59306340001058,-0.33496910333633423,2.27345609664917,1.1320405006408691,0.008650151081383228,0.16012150049209595,0.09661393612623215,-0.9823197722434998
28.59661020000931,-0.3352069854736328,2.2729742527008057,1.1317757368087769,0.00847100280225277,0.1591617316007614,0.09853518009185791,-0.9822864532470703
28.60184620000655,-0.3353218138217926,2.2727015018463135,1.1317858695983887,0.007773447781801224,0.15909607708454132,0.09943296015262604,-0.9822124242782593
28.60568229999626,-0.3354802429676056,2.2724969387054443,1.1317776441574097,0.007394102867692709,0.15927359461784363,0.09969156980514526,-0.9821603298187256
28.609330200008117,-0.3355673551559448,2.2722671031951904,1.131724238395691,0.008466171100735664,0.15993554890155792,0.09892020374536514,-0.9821221232414246
28.613641200005077,-0.3356856107711792,2.2720658779144287,1.1316742897033691,0.008567679673433304,0.16038644313812256,0.09866303205490112,-0.9820735454559326
28.61722880002344,-0.3357963263988495,2.271907329559326,1.1316604614257812,0.00847742147743702,0.16072413325309753,0.09864106774330139,-0.9820213317871094
28.621420899988152,-0.3359471261501312,2.2717032432556152,1.1316144466400146,0.00740391481667757,0.16141416132450104,0.09877533465623856,-0.9819033145904541
28.62585430004401,-0.33612775802612305,2.271500587463379,1.1316109895706177,0.0058663394302129745,0.16135047376155853,0.09894449263811111,-0.9819071292877197
28.63004630000796,-0.33620041608810425,2.2714030742645264,1.131676197052002,0.005655158776789904,0.1610846072435379,0.09962254017591476,-0.9818835258483887
28.633798099996056,-0.3363132178783417,2.2711613178253174,1.1317155361175537,0.0048197973519563675,0.1625438779592514,0.09929889440536499,-0.981680154800415
28.637919300002977,-0.3364003598690033,2.271023988723755,1.1317481994628906,0.004717954900115728,0.16288170218467712,0.09960037469863892,-0.9815942049026489
28.642094400012866,-0.3364768326282501,2.270900249481201,1.1318340301513672,0.00430114334449172,0.16312652826309204,0.10001082718372345,-0.9815136790275574
28.64621370000532,-0.33661606907844543,2.2706708908081055,1.1318129301071167,0.004546483047306538,0.16378340125083923,0.09986783564090729,-0.981417715549469
28.6511236000224,-0.33675143122673035,2.2705190181732178,1.1318448781967163,0.003972791135311127,0.16447165608406067,0.10010358691215515,-0.9812811017036438
28.65520869998727,-0.33683696389198303,2.2703962326049805,1.1318845748901367,0.0036549747455865145,0.1647428721189499,0.10032950341701508,-0.9812138080596924
28.658864500001073,-0.33687761425971985,2.2703235149383545,1.131928563117981,0.003845905652269721,0.1651902049779892,0.1000380665063858,-0.9811675548553467
28.662890000035986,-0.3369826674461365,2.2701191902160645,1.1318506002426147,0.003264996223151684,0.1647239774465561,0.10133685171604156,-0.9811148047447205
28.668400900030974,-0.3370918929576874,2.2699761390686035,1.1318397521972656,0.003039933741092682,0.16481411457061768,0.10167316347360611,-0.981065571308136
28.672040300036315,-0.33714380860328674,2.26985764503479,1.131851315498352,0.002979913027957082,0.16499419510364532,0.1017284020781517,-0.981029748916626
28.67593470000429,-0.33719104528427124,2.2697417736053467,1.1318376064300537,0.0030934209935367107,0.16526134312152863,0.101753830909729,-0.9809818267822266
28.67961310001556,-0.3372570872306824,2.2696330547332764,1.1318285465240479,0.003024787874892354,0.16555987298488617,0.10179885476827621,-0.9809269905090332
28.683768599992618,-0.3373124897480011,2.2695248126983643,1.1317996978759766,0.0027766197454184294,0.16584894061088562,0.10181089490652084,-0.9808776378631592
28.687819300044794,-0.33738505840301514,2.269411087036133,1.1318225860595703,0.003259589895606041,0.16595712304115295,0.1015634760260582,-0.9808835387229919
28.692493700014893,-0.33743277192115784,2.269360065460205,1.1318386793136597,0.00330359092913568,0.16645312309265137,0.10118706524372101,-0.9808382391929626
28.696344500000123,-0.3374119997024536,2.2693161964416504,1.1317552328109741,0.0030530772637575865,0.16674047708511353,0.10128795355558395,-0.9807798266410828
28.70044320001034,-0.3373691737651825,2.2692458629608154,1.1317216157913208,0.003145101945847273,0.16688869893550873,0.10137876123189926,-0.9807449579238892
28.70510700001614,-0.33739882707595825,2.2691714763641357,1.1317631006240845,0.003672491293400526,0.16704194247722626,0.10097992420196533,-0.9807581901550293
28.710821699991357,-0.33734744787216187,2.2691030502319336,1.1317039728164673,0.003225331660360098,0.1673266887664795,0.10132712125778198,-0.9806753993034363
28.714757000037935,-0.3372902572154999,2.269047260284424,1.1316699981689453,0.0032983787823468447,0.1674690544605255,0.10130587220191956,-0.9806530475616455
28.719008399988525,-0.33719682693481445,2.2689340114593506,1.1316235065460205,0.004314013756811619,0.16773909330368042,0.1007697805762291,-0.9806581735610962
28.7230177000165,-0.3371496796607971,2.268841028213501,1.1315994262695312,0.005048524588346481,0.16778694093227386,0.10029850900173187,-0.9806947708129883
28.72727939998731,-0.3371194899082184,2.268742799758911,1.1316365003585815,0.005796738900244236,0.16770578920841217,0.09977870434522629,-0.9807575941085815
28.731523900001775,-0.3369939923286438,2.2686944007873535,1.1316031217575073,0.005430744029581547,0.16801297664642334,0.10007595270872116,-0.9806767702102661
28.735517400025856,-0.3369377553462982,2.268622636795044,1.1316417455673218,0.005812879651784897,0.16790175437927246,0.09998121857643127,-0.9807033538818359
28.739519499999005,-0.336793452501297,2.2685163021087646,1.1316124200820923,0.005758488085120916,0.16772957146167755,0.10023839771747589,-0.9807068109512329
28.743014200008474,-0.33661988377571106,2.268450975418091,1.1316630840301514,0.005079938098788261,0.16805635392665863,0.10074660927057266,-0.9806025624275208
28.746641500038095,-0.33649587631225586,2.2683682441711426,1.1316583156585693,0.005098633002489805,0.16819532215595245,0.10062980651855469,-0.9805906414985657
28.75039530004142,-0.33637335896492004,2.2682735919952393,1.1316310167312622,0.0050044916570186615,0.16833922266960144,0.10054294019937515,-0.9805753231048584
28.75467380002374,-0.33625373244285583,2.2682056427001953,1.1316176652908325,0.005160808097571135,0.168649360537529,0.10024857521057129,-0.9805513620376587
28.759373000008054,-0.3361392915248871,2.2681469917297363,1.131606936454773,0.005171590019017458,0.16890092194080353,0.1000465452671051,-0.9805286526679993
28.76317430002382,-0.3359454274177551,2.2680678367614746,1.1316384077072144,0.005107076372951269,0.16998191177845,0.09988211840391159,-0.9803589582443237
28.767167899990454,-0.33581113815307617,2.268021821975708,1.1316566467285156,0.005429594777524471,0.16971254348754883,0.09972511976957321,-0.980419933795929
28.771158599993214,-0.3356812298297882,2.2679176330566406,1.131606936454773,0.004672160372138023,0.1703777015209198,0.0993015393614769,-0.9803513884544373
28.775742000027094,-0.33556511998176575,2.2678449153900146,1.1315873861312866,0.004561403300613165,0.17055825889110565,0.09911555051803589,-0.9803393483161926
28.77975049999077,-0.3354507386684418,2.2677664756774902,1.131553053855896,0.004360560793429613,0.17067302763462067,0.09889958798885345,-0.9803420901298523
28.784336799988523,-0.33528265357017517,2.267639636993408,1.1315107345581055,0.0050863535143435,0.1711573302745819,0.09807140380144119,-0.9803373217582703
28.788265100040007,-0.33515217900276184,2.267526388168335,1.1314865350723267,0.005171372555196285,0.1712641566991806,0.0977415218949318,-0.9803512692451477
28.792147500033025,-0.33502548933029175,2.2674381732940674,1.1314994096755981,0.005237963516265154,0.17146986722946167,0.0973963811993599,-0.9803491830825806
28.79778299998725,-0.33487918972969055,2.2673187255859375,1.1315022706985474,0.005334451794624329,0.17154182493686676,0.09709375351667404,-0.9803661704063416
28.80186980002327,-0.33460062742233276,2.2671754360198975,1.1315397024154663,0.0035535097122192383,0.17191725969314575,0.09745132178068161,-0.9802729487419128
28.80885460000718,-0.3342858552932739,2.266925811767578,1.1315971612930298,0.0035160731058567762,0.17163249850273132,0.09676536172628403,-0.9803910255432129
28.812952500011306,-0.3340487480163574,2.2667713165283203,1.131611943244934,0.004675577394664288,0.17182143032550812,0.09582564979791641,-0.980445384979248
28.817146399989724,-0.33382073044776917,2.2666561603546143,1.1316946744918823,0.004919900558888912,0.17127598822116852,0.09557022154331207,-0.980564534664154
28.821151799988,-0.3336312472820282,2.2665586471557617,1.1317261457443237,0.005002523306757212,0.1712600588798523,0.09547708183526993,-0.9805759787559509
28.825227099994663,-0.3334595263004303,2.266420364379883,1.1317087411880493,0.004513260442763567,0.17142076790332794,0.0954500138759613,-0.9805528521537781
28.82960820000153,-0.3331683576107025,2.266327381134033,1.1317694187164307,0.004003985784947872,0.17178751528263092,0.09546583890914917,-0.9804893732070923
28.83460970001761,-0.3329381048679352,2.266230821609497,1.1317675113677979,0.004574221093207598,0.17185521125793457,0.09502819925546646,-0.9805174469947815
28.838883200020064,-0.3327471911907196,2.2661123275756836,1.131759524345398,0.004644532687962055,0.17178714275360107,0.09490375220775604,-0.9805411696434021
28.842700500041246,-0.33257177472114563,2.266003370285034,1.131754994392395,0.0046062651090323925,0.17168870568275452,0.09495442360639572,-0.9805536270141602
28.846201800042763,-0.33235979080200195,2.265947103500366,1.131859302520752,0.002502243500202894,0.171212837100029,0.09581741690635681,-0.9805606007575989
28.850579900026787,-0.3321608603000641,2.265784978866577,1.1318494081497192,0.001769742462784052,0.17099569737911224,0.09689795225858688,-0.9804938435554504
28.854631500027608,-0.33196088671684265,2.2657241821289062,1.131914496421814,0.0021288995631039143,0.17037580907344818,0.09715643525123596,-0.980575442314148
28.859013300039805,-0.3317904770374298,2.2656452655792236,1.1319215297698975,0.0022104543168097734,0.16994167864322662,0.09737428277730942,-0.9806289672851562
28.862856100022327,-0.3315903842449188,2.2655463218688965,1.1319266557693481,0.002042023930698633,0.16973862051963806,0.09747116267681122,-0.9806549549102783
28.86658410000382,-0.3315903842449188,2.2655463218688965,1.1319266557693481,0.002042023930698633,0.16973862051963806,0.09747116267681122,-0.9806549549102783
28.871275500045158,-0.3312455713748932,2.2653541564941406,1.1319580078125,0.0013631664915010333,0.16910675168037415,0.0980943962931633,-0.9807031154632568
28.87535490002483,-0.3310922086238861,2.2652463912963867,1.1319104433059692,0.001599932904355228,0.16893929243087769,0.09805581718683243,-0.9807354807853699
28.87954410002567,-0.3309323191642761,2.2651610374450684,1.132042407989502,0.0017847927520051599,0.1690252125263214,0.09796173870563507,-0.9807297587394714
28.883702000021003,-0.33078527450561523,2.265089750289917,1.1321744918823242,0.0017800381174311042,0.16832414269447327,0.09813236445188522,-0.9808332920074463
28.88790999999037,-0.33059054613113403,2.2650065422058105,1.132185459136963,0.0019420877797529101,0.16855597496032715,0.09797348082065582,-0.9808090925216675
28.892118500021752,-0.33050230145454407,2.264888048171997,1.132357120513916,0.0025153211317956448,0.16880738735198975,0.09799647331237793,-0.9807621836662292
28.896351100003812,-0.33047157526016235,2.264763832092285,1.1323858499526978,0.0033093069214373827,0.16865262389183044,0.09755168110132217,-0.9808308482170105
28.900465700018685,-0.330374151468277,2.2646753787994385,1.132466197013855,0.003729029791429639,0.16871307790279388,0.09736961871385574,-0.9808369278907776
28.904832600033842,-0.33029162883758545,2.2645723819732666,1.1325377225875854,0.003664033254608512,0.16872638463974,0.09770241379737854,-0.9808018803596497
28.908889000013005,-0.330227255821228,2.264476776123047,1.132594347000122,0.003574938978999853,0.16875766217708588,0.09790411591529846,-0.9807767271995544
28.913001200009603,-0.33015358448028564,2.2643489837646484,1.1326321363449097,0.0042784432880580425,0.1687994748353958,0.09759651124477386,-0.980797290802002
28.916981999995187,-0.33008843660354614,2.264244318008423,1.1326725482940674,0.00451046135276556,0.16880637407302856,0.09766153991222382,-0.9807886481285095
28.9215547000058,-0.33003899455070496,2.264153480529785,1.1326794624328613,0.004558795131742954,0.16863754391670227,0.09771057963371277,-0.9808125495910645
28.92536440002732,-0.32998958230018616,2.2640740871429443,1.1326773166656494,0.00473926542326808,0.16863462328910828,0.09763427078723907,-0.9808197617530823
28.929605300014373,-0.32996314764022827,2.2639989852905273,1.1326947212219238,0.004684055224061012,0.16854244470596313,0.09770623594522476,-0.9808288216590881
28.933767200040165,-0.3299444019794464,2.2639222145080566,1.1327236890792847,0.004593387711793184,0.16853214800357819,0.09775941073894501,-0.9808256030082703
28.93782570003532,-0.3299350142478943,2.263791799545288,1.1327028274536133,0.005073264241218567,0.16845057904720306,0.09714852273464203,-0.9808979630470276
28.94248740002513,-0.3299104869365692,2.2636184692382812,1.1327478885650635,0.003924370277673006,0.16850368678569794,0.09703340381383896,-0.9809055328369141
28.946529300010297,-0.3298904001712799,2.263463258743286,1.1328176259994507,0.005250233691185713,0.1687498241662979,0.09623012691736221,-0.9809361696243286
28.950553000031505,-0.3299160897731781,2.2633683681488037,1.1329243183135986,0.005521249491721392,0.1687750667333603,0.09594178944826126,-0.9809585213661194
28.955235100002028,-0.3299379050731659,2.263235569000244,1.1331701278686523,0.005768034607172012,0.16916319727897644,0.09579204022884369,-0.9809049367904663
28.958839100028854,-0.33000651001930237,2.2630865573883057,1.1333022117614746,0.005567307583987713,0.1688675433397293,0.09627567231655121,-0.9809096455574036
28.96318080002675,-0.33005765080451965,2.2629787921905518,1.1334648132324219,0.005358408205211163,0.16874264180660248,0.0963623970746994,-0.9809237718582153
28.968403200036846,-0.33012762665748596,2.2628448009490967,1.1337006092071533,0.004882057663053274,0.1683550626039505,0.09628858417272568,-0.9810001850128174
28.972517999995034,-0.3301936089992523,2.262722969055176,1.1338597536087036,0.004713770002126694,0.16825775802135468,0.09621693938970566,-0.9810247421264648
28.9766215000418,-0.3302569091320038,2.262593984603882,1.1340166330337524,0.004544296767562628,0.16825121641159058,0.09606438130140305,-0.9810416102409363
28.98032690002583,-0.33035948872566223,2.2624154090881348,1.1340984106063843,0.0036673739086836576,0.16846799850463867,0.09592892229557037,-0.9810212850570679
28.984186100016814,-0.3304218351840973,2.26224422454834,1.1343454122543335,0.0036306942347437143,0.16837403178215027,0.09584615379571915,-0.9810456037521362
28.988083500007633,-0.33048108220100403,2.26212215423584,1.1344517469406128,0.003637653775513172,0.16809532046318054,0.09589479863643646,-0.9810886383056641
28.99216530000558,-0.33058688044548035,2.2619409561157227,1.1344588994979858,0.0024250426795333624,0.16849614679813385,0.09587051719427109,-0.9810259938240051
28.99634120002156,-0.3306788504123688,2.2617990970611572,1.1345162391662598,0.0020918669179081917,0.16845034062862396,0.09596217423677444,-0.981025755405426
29.000358999997843,-0.3307618498802185,2.261676788330078,1.1345911026000977,0.0016874680295586586,0.1683758646249771,0.09613632410764694,-0.9810221791267395
29.005345000012312,-0.3309074342250824,2.2615981101989746,1.1347136497497559,0.0017004850087687373,0.16871079802513123,0.0956743136048317,-0.9810097813606262
29.00880250002956,-0.33101311326026917,2.261455774307251,1.1347838640213013,0.0014696699799969792,0.16867950558662415,0.09604030102491379,-0.980979859828949
29.012969400035217,-0.33111444115638733,2.2613131999969482,1.1348696947097778,0.001327712438069284,0.16859668493270874,0.09658446907997131,-0.9809408783912659
29.01714810001431,-0.3312074840068817,2.2611372470855713,1.13493013381958,0.002217387780547142,0.16863150894641876,0.0962960496544838,-0.9809616208076477
29.02123890002258,-0.331289142370224,2.260958671569824,1.135063886642456,0.0020767217501997948,0.16886763274669647,0.09697063267230988,-0.980854868888855
29.025744499987923,-0.3315413296222687,2.260770320892334,1.1352232694625854,0.0028968220576643944,0.1686878502368927,0.09667711704969406,-0.9809126257896423
29.030060400022194,-0.3316343128681183,2.2605643272399902,1.1353580951690674,0.0025005042552948,0.16799980401992798,0.0975082665681839,-0.9809495806694031
29.033969300042372,-0.3316935896873474,2.2603962421417236,1.135450839996338,0.0026389588601887226,0.16801118850708008,0.09776291996240616,-0.9809219241142273
29.037943500035908,-0.3317889869213104,2.2602176666259766,1.1355654001235962,0.0025310437195003033,0.16796216368675232,0.09809580445289612,-0.9808973670005798
29.041452100034803,-0.3317889869213104,2.2602176666259766,1.1355654001235962,0.0025310437195003033,0.16796216368675232,0.09809580445289612,-0.9808973670005798
29.046062000037637,-0.3319850265979767,2.2598860263824463,1.135796070098877,0.0024392425548285246,0.1685393750667572,0.09858465939760208,-0.9807495474815369
29.05018140003085,-0.3320601284503937,2.2596583366394043,1.135867714881897,0.0011510471813380718,0.16864556074142456,0.09853341430425644,-0.9807387590408325
29.054335799999535,-0.33217814564704895,2.259561538696289,1.13600754737854,0.001670371857471764,0.16836245357990265,0.09870927780866623,-0.9807690382003784
29.05884780001361,-0.3323248624801636,2.2592601776123047,1.136004090309143,0.0030240986961871386,0.16961507499217987,0.09740075469017029,-0.9806807637214661
29.06290080002509,-0.3324821889400482,2.259093761444092,1.1361008882522583,0.003624370787292719,0.16985593736171722,0.09713106602430344,-0.9806637763977051
29.067262199998368,-0.33267223834991455,2.2589612007141113,1.136236310005188,0.003391744801774621,0.16977697610855103,0.09741663187742233,-0.9806499481201172
29.071162900014315,-0.33286672830581665,2.2588388919830322,1.136350393295288,0.00291076535359025,0.1697925329208374,0.0978010818362236,-0.9806106090545654
29.075433499994688,-0.3331376016139984,2.2587356567382812,1.1365090608596802,0.002272584941238165,0.17023824155330658,0.09750257432460785,-0.9805646538734436
29.079599899996538,-0.333332359790802,2.258620262145996,1.1366418600082397,0.002225534524768591,0.1704961657524109,0.09728360921144485,-0.9805417060852051
29.083664200035855,-0.33358117938041687,2.2584240436553955,1.1367251873016357,0.0031310825143009424,0.1705750972032547,0.09679527580738068,-0.980573832988739
29.088796700001694,-0.33381545543670654,2.258241891860962,1.1368749141693115,0.002799148205667734,0.1707155406475067,0.09767165035009384,-0.9804635643959045
29.09259130002465,-0.3340146839618683,2.2581210136413574,1.1369789838790894,0.0024392532650381327,0.1707967221736908,0.0978965014219284,-0.9804279208183289
29.096357100002933,-0.3341996371746063,2.2579636573791504,1.137171983718872,0.0027291891165077686,0.17073310911655426,0.09771456569433212,-0.9804563522338867
29.10099890001584,-0.33435189723968506,2.2578213214874268,1.1373506784439087,0.002193482592701912,0.17098617553710938,0.09809853881597519,-0.9803752303123474
29.104667900013737,-0.33435189723968506,2.2578213214874268,1.1373506784439087,0.002193482592701912,0.17098617553710938,0.09809853881597519,-0.9803752303123474
29.108900999999605,-0.3349231779575348,2.2573812007904053,1.1375609636306763,0.0017366056563332677,0.1691064089536667,0.09886167198419571,-0.980625569820404
29.11315970000578,-0.3351219892501831,2.2572853565216064,1.1378430128097534,0.001731665339320898,0.17002525925636292,0.0984923467040062,-0.9805037975311279
29.117341800010763,-0.3353477120399475,2.257047176361084,1.1378891468048096,0.0006614187150262296,0.1698443591594696,0.09962202608585358,-0.98042231798172
29.12233089999063,-0.33547306060791016,2.256887674331665,1.1381373405456543,0.0005917093367315829,0.1701652556657791,0.09998103976249695,-0.9803301692008972
29.12632089998806,-0.3356921076774597,2.2567203044891357,1.138264536857605,0.0001566778519190848,0.17062367498874664,0.10033450275659561,-0.9802145957946777
29.131671200040728,-0.3359672427177429,2.256549119949341,1.138338565826416,-5.2325729484437034e-05,0.17050641775131226,0.10065332055091858,-0.9802022576332092
29.135963200009428,-0.3361648619174957,2.2564163208007812,1.1384588479995728,-2.1197263777139597e-05,0.17085574567317963,0.10039721429347992,-0.9801677465438843
29.13975810003467,-0.336373507976532,2.2562358379364014,1.138546347618103,0.0011132152285426855,0.17106707394123077,0.09950526803731918,-0.9802212119102478
29.144080099998973,-0.33660441637039185,2.256089687347412,1.1387428045272827,0.0012908435892313719,0.1719479113817215,0.09919562935829163,-0.9800982475280762
29.148214299988467,-0.33684486150741577,2.255819320678711,1.1386513710021973,0.0015332166804000735,0.17140433192253113,0.10006328672170639,-0.9801048636436462
29.1521730000386,-0.3369901180267334,2.2555837631225586,1.1386744976043701,0.0003996506566181779,0.1711992472410202,0.1002700924873352,-0.9801207184791565
29.156173299998045,-0.33716335892677307,2.2553603649139404,1.1389237642288208,0.0003491906973067671,0.17148232460021973,0.10046745836734772,-0.9800511002540588
29.160464900021907,-0.33733466267585754,2.2551233768463135,1.1390184164047241,0.0013732640072703362,0.17186816036701202,0.09997401386499405,-0.9800329804420471
29.16704289999325,-0.3376827538013458,2.2548086643218994,1.139136552810669,0.00106445187702775,0.17185258865356445,0.10028728097677231,-0.9800041317939758
29.171423899999354,-0.3380451500415802,2.2545390129089355,1.1392678022384644,-0.0009569985559210181,0.1721663624048233,0.10063479095697403,-0.9799135327339172
29.175431600015145,-0.33827924728393555,2.254354953765869,1.139386773109436,-0.0013405935605987906,0.17240923643112183,0.10055828094482422,-0.9798781871795654
29.179577900038566,-0.3385096788406372,2.2541511058807373,1.1395490169525146,-0.001580079784616828,0.17287784814834595,0.10091011226177216,-0.9797590970993042
29.183688600023743,-0.33875641226768494,2.253962755203247,1.1397755146026611,-0.001872116350568831,0.17283032834529877,0.10122603178024292,-0.979734480381012
29.18793190002907,-0.3390958905220032,2.253633975982666,1.1399725675582886,-0.002597652841359377,0.173091858625412,0.10290337353944778,-0.9795117974281311
29.192241700016893,-0.33940139412879944,2.253380060195923,1.1400426626205444,-0.0031491927802562714,0.17372412979602814,0.10255689173936844,-0.9794345498085022
29.196180500031915,-0.3396160900592804,2.2531421184539795,1.1400710344314575,-0.002474531764164567,0.17372636497020721,0.10224153101444244,-0.9794690608978271
29.200490900024306,-0.3398091197013855,2.2529542446136475,1.1401914358139038,-0.00286679295822978,0.17368505895137787,0.10255937278270721,-0.9794421792030334
29.204766100039706,-0.3400340676307678,2.252750873565674,1.1402873992919922,-0.0033996079582720995,0.17405295372009277,0.10267619788646698,-0.9793628454208374
29.208958200004417,-0.34018266201019287,2.2525253295898438,1.140348196029663,-0.004002849571406841,0.17397457361221313,0.10300889611244202,-0.9793396592140198
29.213149600022007,-0.34036582708358765,2.2523374557495117,1.1405242681503296,-0.0035422183573246002,0.17327171564102173,0.10300995409488678,-0.9794658422470093
29.217058400041424,-0.34057343006134033,2.2520790100097656,1.1405930519104004,-0.0053293039090931416,0.17433221638202667,0.10309257358312607,-0.9792609214782715
29.221382300020196,-0.34076425433158875,2.2518296241760254,1.1405965089797974,-0.004363385960459709,0.1744680553674698,0.10263977944850922,-0.9792889952659607
29.226056699990295,-0.34085357189178467,2.2515714168548584,1.1405508518218994,-0.005086221266537905,0.1743422895669937,0.10219084471464157,-0.9793548583984375
29.229825799993705,-0.3409673869609833,2.251370429992676,1.1405075788497925,-0.004877007566392422,0.17467601597309113,0.10200653225183487,-0.9793157577514648
29.2339595000376,-0.3410934805870056,2.2511634826660156,1.140574336051941,-0.005045115947723389,0.17438118159770966,0.1020338162779808,-0.9793645739555359
29.237868099997286,-0.3412221372127533,2.2509517669677734,1.1405870914459229,-0.0051819030195474625,0.17420294880867004,0.10220648348331451,-0.9793775677680969
29.241985200031195,-0.34131738543510437,2.250767707824707,1.140627384185791,-0.004356696270406246,0.17463555932044983,0.10126951336860657,-0.9794018268585205
29.247675399994478,-0.3414555490016937,2.250488519668579,1.1406270265579224,-0.004363442305475473,0.17429515719413757,0.10199981182813644,-0.9793866276741028
29.25447670003632,-0.34167346358299255,2.2499942779541016,1.1407369375228882,-0.003836223157122731,0.17461322247982025,0.10121534019708633,-0.979413628578186
29.258666999987327,-0.3417648375034332,2.2497808933258057,1.1408058404922485,-0.0035980348475277424,0.17481815814971924,0.10096921771764755,-0.9794033169746399
29.262877500033937,-0.3418884575366974,2.249485492706299,1.1408541202545166,-0.002058531856164336,0.1754978746175766,0.10034339129924774,-0.9793505668640137
29.267314800003078,-0.34199249744415283,2.2492620944976807,1.1409616470336914,-0.0020841993391513824,0.17572616040706635,0.10083097964525223,-0.9792594909667969
29.27115169999888,-0.3420866131782532,2.249088764190674,1.1410249471664429,-0.0022350542712956667,0.17568789422512054,0.10112379491329193,-0.979235827922821
29.275439399993047,-0.34219202399253845,2.2489123344421387,1.141075611114502,-0.0022486161906272173,0.17551395297050476,0.10140761733055115,-0.9792376756668091
29.27956350002205,-0.3423057198524475,2.248748779296875,1.1411099433898926,-0.002354829339310527,0.17545488476753235,0.10167168080806732,-0.9792206287384033
29.28375490003964,-0.3424537479877472,2.248549222946167,1.141069769859314,-0.003136842278763652,0.1759578436613083,0.10191981494426727,-0.9791023135185242
29.287851900036912,-0.34256866574287415,2.248382329940796,1.1410510540008545,-0.0030764907132834196,0.1758568286895752,0.10233507305383682,-0.9790773987770081
29.29203440004494,-0.34270694851875305,2.2482173442840576,1.1411176919937134,-0.0030794814229011536,0.17568765580654144,0.1024329662322998,-0.9790975451469421
29.298408400034532,-0.3428058326244354,2.24807071685791,1.1411195993423462,-0.003341268515214324,0.1755799651145935,0.10264778882265091,-0.9790934324264526
29.302574400033336,-0.3429735600948334,2.247878313064575,1.141095519065857,-0.0031915539875626564,0.1756690889596939,0.10241805762052536,-0.9791020750999451
29.306171500007622,-0.3429735600948334,2.247878313064575,1.141095519065857,-0.0031915539875626564,0.1756690889596939,0.10241805762052536,-0.9791020750999451
29.312598099990282,-0.3435063064098358,2.2473158836364746,1.1410881280899048,-0.0033163726329803467,0.1751052439212799,0.10235428065061569,-0.979209303855896
29.317342400026973,-0.3437379002571106,2.2470927238464355,1.141154170036316,-0.004263849463313818,0.17463940382003784,0.10211733728647232,-0.9793135523796082
29.322259500040673,-0.3439429700374603,2.2468857765197754,1.1411380767822266,-0.0037347080651670694,0.17524376511573792,0.10143350809812546,-0.9792788028717041
29.326238300011028,-0.34412872791290283,2.2467284202575684,1.1411519050598145,-0.0034020969178527594,0.1751820296049118,0.10127359628677368,-0.9793075919151306
29.330480400007218,-0.34434524178504944,2.2465505599975586,1.1411782503128052,-0.002482278738170862,0.1753440499305725,0.10055916756391525,-0.9793550372123718
29.333910000044852,-0.3445735275745392,2.2464239597320557,1.141263723373413,-0.0019132207380607724,0.17574955523014069,0.09979885816574097,-0.979361355304718
29.338048900011927,-0.3447185754776001,2.2462167739868164,1.1413400173187256,-0.0019484228687360883,0.176539808511734,0.09923667460680008,-0.9792762994766235
29.34272770001553,-0.34493938088417053,2.246061325073242,1.141411542892456,-0.0016107149422168732,0.1764104664325714,0.09911080449819565,-0.9793130159378052
29.34678469999926,-0.34518536925315857,2.2458620071411133,1.141279697418213,-0.003249960020184517,0.17710328102111816,0.09927998483181,-0.9791666269302368
29.350622400001157,-0.34539636969566345,2.2456769943237305,1.141257882118225,-0.004055264871567488,0.17690801620483398,0.10073766857385635,-0.9790500998497009
29.354485300020315,-0.3455636203289032,2.245487689971924,1.141256332397461,-0.0025145658291876316,0.1772356629371643,0.09976686537265778,-0.9790953993797302
29.358795100008138,-0.3457311689853668,2.245354175567627,1.1412214040756226,-0.0019182846881449223,0.1774619072675705,0.09937393665313721,-0.9790956974029541
29.36279630003264,-0.3458119332790375,2.2452423572540283,1.1412099599838257,-0.001923643285408616,0.17800579965114594,0.09950553625822067,-0.9789835810661316
29.36703550000675,-0.34601378440856934,2.2451043128967285,1.1411263942718506,-0.0018895353423431516,0.17778600752353668,0.10012611001729965,-0.978960394859314
29.371864999993704,-0.3462037146091461,2.2450079917907715,1.1410191059112549,-0.0018296336056664586,0.17817141115665436,0.10021618008613586,-0.9788811206817627
29.375420800002757,-0.34636542201042175,2.24489426612854,1.1409260034561157,-0.0014990081544965506,0.1782013475894928,0.10033004730939865,-0.9788646697998047
29.379687600012403,-0.346558153629303,2.244856119155884,1.1408852338790894,-0.0022186432033777237,0.17806808650493622,0.1010456457734108,-0.9788139462471008
29.38378760003252,-0.34680983424186707,2.2447752952575684,1.1408426761627197,-0.002363804029300809,0.17800211906433105,0.10130878537893295,-0.9787983298301697
29.38816550001502,-0.34708383679389954,2.244619607925415,1.1408188343048096,-0.002395776566118002,0.17746801674365997,0.10223915427923203,-0.9787985682487488
29.392395200033206,-0.34733110666275024,2.244450092315674,1.14077627658844,-0.0007601627730764449,0.17771224677562714,0.10144583135843277,-0.9788393974304199
29.396333100041375,-0.3475710451602936,2.2443575859069824,1.1408146619796753,-0.0006291319150477648,0.17778541147708893,0.10138628631830215,-0.9788323640823364
29.400679300015327,-0.3479468524456024,2.2442235946655273,1.140930414199829,0.00036811624886468053,0.17822493612766266,0.10108039528131485,-0.9787841439247131
29.404604300041683,-0.34816721081733704,2.2441577911376953,1.1410120725631714,3.552478301571682e-05,0.17828252911567688,0.1012793630361557,-0.9787532091140747
29.40877450001426,-0.348442018032074,2.2440714836120605,1.141144871711731,0.00016332203813362867,0.1782573163509369,0.10125426203012466,-0.9787604212760925
29.41299159999471,-0.3486452102661133,2.2440078258514404,1.1412230730056763,0.0001614507200429216,0.1783701330423355,0.10152049362659454,-0.9787123203277588
29.417047700029798,-0.3488215506076813,2.2439396381378174,1.141239047050476,-1.5098788935574703e-05,0.17851291596889496,0.10191265493631363,-0.9786454439163208
29.421959600003902,-0.34901005029678345,2.2438948154449463,1.1412396430969238,0.000187183846719563,0.17865107953548431,0.10201147198677063,-0.9786099195480347
29.425888400000986,-0.34923022985458374,2.24385666847229,1.1412336826324463,-4.421439371071756e-05,0.1796216368675232,0.10138784348964691,-0.9784971475601196
29.42955580004491,-0.349395751953125,2.243814468383789,1.1411961317062378,0.00026513091870583594,0.1798371970653534,0.10133334249258041,-0.9784631133079529
29.433897700044326,-0.3495832085609436,2.2438087463378906,1.1411727666854858,0.0007884482038207352,0.17986615002155304,0.10124197602272034,-0.9784669876098633
29.437959000002593,-0.3498196601867676,2.2437469959259033,1.1412184238433838,0.0004825537034776062,0.18048065900802612,0.10156597942113876,-0.9783204793930054
29.44224669999676,-0.34999725222587585,2.2437262535095215,1.1412078142166138,0.0009178797481581569,0.18059949576854706,0.10158883035182953,-0.9782958626747131
29.44615989999147,-0.3501755893230438,2.2437384128570557,1.1411726474761963,0.001292303903028369,0.18105687201023102,0.10191589593887329,-0.9781768321990967
29.450531200040132,-0.35037586092948914,2.243729591369629,1.1412209272384644,0.0018290039151906967,0.1805860847234726,0.10211203992366791,-0.9782425761222839
29.45469010004308,-0.35057592391967773,2.243734359741211,1.1412121057510376,0.002249944256618619,0.18094266951084137,0.10236934572458267,-0.9781489372253418
29.45877130003646,-0.3508845567703247,2.2437446117401123,1.1412020921707153,0.0026126238517463207,0.1806425005197525,0.10260066390037537,-0.9781792759895325
29.462888000009116,-0.3510895073413849,2.243741035461426,1.1412442922592163,0.0028410637751221657,0.1806090921163559,0.10285067558288574,-0.9781584739685059
29.4671534000081,-0.3512846827507019,2.243774890899658,1.1413098573684692,0.0037206760607659817,0.1802501082420349,0.10299213975667953,-0.9782068729400635
29.471293000038713,-0.3514339029788971,2.243776798248291,1.1413242816925049,0.0036588916555047035,0.18050388991832733,0.10317232459783554,-0.9781413674354553
29.475393400003668,-0.3516579270362854,2.2437751293182373,1.1413099765777588,0.003653367515653372,0.1803673654794693,0.10347060859203339,-0.9781349897384644
29.47968769998988,-0.3518597483634949,2.243791103363037,1.1413230895996094,0.0037440962623804808,0.1807127445936203,0.1037663072347641,-0.9780396819114685
29.484414400008973,-0.3520250916481018,2.2437984943389893,1.1413530111312866,0.003765767440199852,0.18086129426956177,0.10390057414770126,-0.9779978394508362
29.488761999993585,-0.3522324562072754,2.2437283992767334,1.1413236856460571,0.0026533438358455896,0.18154564499855042,0.1041317880153656,-0.977850079536438
29.492586400010623,-0.35243895649909973,2.243720054626465,1.1413905620574951,0.0022664356511086226,0.18157225847244263,0.10470683872699738,-0.9777847528457642
29.496439300011843,-0.3527381122112274,2.2436459064483643,1.14137864112854,0.0022781919687986374,0.18052533268928528,0.1057177260518074,-0.9778697490692139
29.50044680002611,-0.3529324233531952,2.2436435222625732,1.141469955444336,0.0025304595474153757,0.1806255728006363,0.10569733381271362,-0.9778528213500977
29.50460700003896,-0.3531939387321472,2.2436509132385254,1.1416237354278564,0.0020999787375330925,0.18095575273036957,0.10579382628202438,-0.9777823686599731
29.508663100015838,-0.3533956706523895,2.2436537742614746,1.1417325735092163,0.0021416295785456896,0.18062564730644226,0.10559984296560287,-0.9778643250465393
29.51283790002344,-0.35364940762519836,2.243741273880005,1.1418640613555908,0.0025732899084687233,0.18099072575569153,0.10482724010944366,-0.9778788089752197
29.517053799994756,-0.3538742661476135,2.2438063621520996,1.1419247388839722,0.003043264616280794,0.18121233582496643,0.1041511669754982,-0.9779086709022522
29.52117190003628,-0.3540836572647095,2.2438607215881348,1.141981840133667,0.0031631074380129576,0.1812715381383896,0.10407380759716034,-0.9779055714607239
29.526107800018508,-0.3542816936969757,2.2439188957214355,1.141998529434204,0.003308925312012434,0.18132497370243073,0.10419110208749771,-0.9778826832771301
29.53206560004037,-0.35445916652679443,2.243962526321411,1.1419994831085205,0.0035308231599628925,0.18132194876670837,0.10410396009683609,-0.9778918027877808
29.53610110003501,-0.35459810495376587,2.244013547897339,1.141963243484497,0.0038641735445708036,0.1814073771238327,0.10416097193956375,-0.9778686165809631
29.540080000006128,-0.35476142168045044,2.2440528869628906,1.142088532447815,0.004344876389950514,0.18191997706890106,0.10419431328773499,-0.9777677655220032
29.54413240001304,-0.35495322942733765,2.2441515922546387,1.1421319246292114,0.003818655852228403,0.18153797090053558,0.10485146194696426,-0.9777707457542419
29.548286900040694,-0.3551446199417114,2.2442009449005127,1.1421692371368408,0.0038835937157273293,0.18144403398036957,0.10496986657381058,-0.9777751564979553
29.552730399998836,-0.3553152084350586,2.2441673278808594,1.1421393156051636,0.005776317324489355,0.1816239356994629,0.10396435856819153,-0.9778398275375366
29.55660320003517,-0.35543495416641235,2.2442076206207275,1.142207384109497,0.005954527296125889,0.1816481649875641,0.10415024310350418,-0.9778144955635071
29.56070810003439,-0.3556591272354126,2.244227886199951,1.1423826217651367,0.005720947403460741,0.1812223643064499,0.10435187071561813,-0.9778734445571899
29.56470139999874,-0.3558542728424072,2.2442243099212646,1.1425143480300903,0.006439106073230505,0.181440532207489,0.10425303131341934,-0.9778391122817993
29.568173700012267,-0.35596442222595215,2.2443134784698486,1.1426664590835571,0.00570876756682992,0.18134894967079163,0.10494362562894821,-0.9777867794036865
29.571612200001255,-0.3561132848262787,2.2443246841430664,1.1427321434020996,0.006623608060181141,0.18138675391674042,0.10463269054889679,-0.9778072237968445
29.575453500030562,-0.3562701344490051,2.244356393814087,1.1427713632583618,0.006433303467929363,0.1818304806947708,0.10465659946203232,-0.9777235388755798
29.579463300004136,-0.3563750088214874,2.2444822788238525,1.1428636312484741,0.007130052428692579,0.18156364560127258,0.1048915833234787,-0.9777431488037109
29.583539600018412,-0.35648247599601746,2.2445831298828125,1.1429073810577393,0.007436638697981834,0.18165406584739685,0.10486353933811188,-0.9777270555496216
29.58843910001451,-0.35660555958747864,2.2447149753570557,1.1428965330123901,0.006345480214804411,0.1815834641456604,0.105577252805233,-0.9776710271835327
29.592218700039666,-0.35660555958747864,2.2447149753570557,1.1428965330123901,0.006345480214804411,0.1815834641456604,0.105577252805233,-0.9776710271835327
29.59649610001361,-0.3568308651447296,2.24491548538208,1.1429051160812378,0.006268347147852182,0.18211030960083008,0.1056043729186058,-0.977570652961731
29.60126319999108,-0.3569561541080475,2.245046854019165,1.142945647239685,0.006435242947191,0.1821683943271637,0.10548611730337143,-0.977571427822113
29.604858200007584,-0.35708075761795044,2.2452476024627686,1.1429781913757324,0.007813590578734875,0.1821960210800171,0.10578863322734833,-0.9775236248970032
29.60884460003581,-0.3572004437446594,2.2453858852386475,1.1430200338363647,0.008070142939686775,0.1822017878293991,0.10573827475309372,-0.9775258898735046
29.61282310000388,-0.3573351502418518,2.2455523014068604,1.1430100202560425,0.008740807883441448,0.18197835981845856,0.10549435764551163,-0.9775880575180054
29.618371799995657,-0.3574734330177307,2.2456984519958496,1.1430538892745972,0.009488762356340885,0.18192601203918457,0.10550277680158615,-0.9775899052619934
29.622211000008974,-0.3575955033302307,2.2458271980285645,1.1430953741073608,0.009841312654316425,0.18206675350666046,0.10534418374300003,-0.9775773882865906
29.629311400000006,-0.3578491806983948,2.2461049556732178,1.1432045698165894,0.010017488151788712,0.18219216167926788,0.1052403375506401,-0.9775633811950684
29.633682399988174,-0.3580639660358429,2.24631404876709,1.1432512998580933,0.010515576228499413,0.1825902760028839,0.10445891320705414,-0.9775676727294922
29.637409100017976,-0.3580639660358429,2.24631404876709,1.1432512998580933,0.010515576228499413,0.1825902760028839,0.10445891320705414,-0.9775676727294922
29.642002600012347,-0.3584331274032593,2.2467219829559326,1.143489122390747,0.01143133919686079,0.18240174651145935,0.10409250110387802,-0.977631688117981
29.646157899987884,-0.35865384340286255,2.246846914291382,1.1435987949371338,0.011805630289018154,0.1821179836988449,0.10396439582109451,-0.9776937961578369
29.650509400002193,-0.35882121324539185,2.2470176219940186,1.1437216997146606,0.01109255664050579,0.1820298135280609,0.10446813702583313,-0.9776648879051208
29.654620699991938,-0.3590114116668701,2.24721622467041,1.1438572406768799,0.01008414477109909,0.18182623386383057,0.10533406585454941,-0.9776207804679871
29.658717999991495,-0.3591791093349457,2.2473363876342773,1.1439872980117798,0.009903213009238243,0.18211698532104492,0.10564714670181274,-0.9775346517562866
29.66299230000004,-0.3593375086784363,2.2474703788757324,1.1441041231155396,0.009621387347579002,0.18241077661514282,0.10569259524345398,-0.9774777889251709
29.6669931000215,-0.3594838082790375,2.2476160526275635,1.1442124843597412,0.009886499494314194,0.1823863536119461,0.10564018040895462,-0.9774854183197021
29.67294540000148,-0.3596396744251251,2.247751235961914,1.1443586349487305,0.009992646053433418,0.18262936174869537,0.10592418164014816,-0.977408230304718
29.67709360003937,-0.359790176153183,2.24790358543396,1.144409418106079,0.009920560754835606,0.18232987821102142,0.10607517510652542,-0.9774485230445862
29.680801600043196,-0.35997331142425537,2.2480523586273193,1.1445033550262451,0.01008592639118433,0.18241070210933685,0.10634960979223251,-0.977401852607727
29.684928700036835,-0.3601014316082001,2.2482120990753174,1.1445238590240479,0.010313330218195915,0.1821272075176239,0.10643001645803452,-0.9774436354637146
29.68840949999867,-0.36023128032684326,2.2483527660369873,1.1445704698562622,0.010616068728268147,0.18215815722942352,0.10649799555540085,-0.9774272441864014
29.6940820000018,-0.36037540435791016,2.2484891414642334,1.1446199417114258,0.010958698578178883,0.18224237859249115,0.10650525242090225,-0.9774069786071777
29.698112800018862,-0.3605841100215912,2.248636484146118,1.1445773839950562,0.010604065842926502,0.1825776994228363,0.10666077584028244,-0.9773313403129578
29.702142400026787,-0.3607308268547058,2.248758554458618,1.1446298360824585,0.01056384015828371,0.1826719343662262,0.10686429589986801,-0.9772919416427612
29.70566159998998,-0.36079952120780945,2.2489335536956787,1.1447480916976929,0.010391773656010628,0.18229365348815918,0.10750637948513031,-0.9772939085960388
29.709035700012464,-0.3609964847564697,2.249082088470459,1.1448596715927124,0.010773347690701485,0.18267104029655457,0.10773453116416931,-0.9771941900253296
29.71311260003131,-0.36112454533576965,2.249166488647461,1.1449971199035645,0.010674518533051014,0.18249455094337463,0.10792771726846695,-0.9772070050239563
29.717039000010118,-0.3613277077674866,2.249309778213501,1.1451666355133057,0.010934678837656975,0.18231917917728424,0.1073441356420517,-0.9773010611534119
29.721272199996747,-0.3615478277206421,2.249483346939087,1.145395040512085,0.011977337300777435,0.182277649641037,0.10774507373571396,-0.9772525429725647
29.72595029999502,-0.36168739199638367,2.24957537651062,1.1456133127212524,0.011849405243992805,0.18186670541763306,0.10800477117300034,-0.9773019552230835
29.731585900008213,-0.36181640625,2.249659538269043,1.1457802057266235,0.011922202073037624,0.18172992765903473,0.1081780418753624,-0.9773073196411133
29.73514140001498,-0.3619854152202606,2.249788999557495,1.1459262371063232,0.011123495176434517,0.18150694668293,0.10879289358854294,-0.9772899150848389
29.742141099995933,-0.36237987875938416,2.249964952468872,1.1461656093597412,0.01073830109089613,0.1811535358428955,0.10902339965105057,-0.977334201335907
29.74634170002537,-0.36257538199424744,2.2500975131988525,1.1463061571121216,0.011005821637809277,0.1814822554588318,0.10878201574087143,-0.9772970676422119
29.750365699990653,-0.36273282766342163,2.2501957416534424,1.1463745832443237,0.011029885150492191,0.18151433765888214,0.1088174432516098,-0.9772869348526001
29.75462270004209,-0.36292505264282227,2.2503228187561035,1.146412968635559,0.011868719942867756,0.18170961737632751,0.10867758095264435,-0.9772564172744751
29.75809489999665,-0.36292505264282227,2.2503228187561035,1.146412968635559,0.011868719942867756,0.18170961737632751,0.10867758095264435,-0.9772564172744751
29.7624507000437,-0.3630744218826294,2.250499963760376,1.1466357707977295,0.010304221883416176,0.18192459642887115,0.10969794541597366,-0.977120041847229
29.767293900018558,-0.36339330673217773,2.250717878341675,1.1467094421386719,0.010251430794596672,0.18227961659431458,0.11017545312643051,-0.9770007133483887
29.771311499993317,-0.3636348247528076,2.2507901191711426,1.1465893983840942,0.01250534038990736,0.182064950466156,0.10876626521348953,-0.9771724343299866
29.776127799996175,-0.3638552129268646,2.250976324081421,1.1467268466949463,0.01118716411292553,0.18175876140594482,0.10973169654607773,-0.9771375060081482
29.77997289999621,-0.3638552129268646,2.250976324081421,1.1467268466949463,0.01118716411292553,0.18175876140594482,0.10973169654607773,-0.9771375060081482
29.78444820002187,-0.3642529845237732,2.2512032985687256,1.146963119506836,0.010878243483603,0.181649848818779,0.10995018482208252,-0.9771366715431213
29.788237700005993,-0.3645203113555908,2.251331090927124,1.1471223831176758,0.00962659902870655,0.1815309375524521,0.11031551659107208,-0.977130651473999
29.7919944000314,-0.36476993560791016,2.251323699951172,1.1472153663635254,0.010842675343155861,0.18159444630146027,0.10934019088745117,-0.9772157669067383
29.79619810002623,-0.3650011122226715,2.251441240310669,1.1474334001541138,0.011518742889165878,0.18161416053771973,0.1088290885090828,-0.9772614240646362
29.800342400034424,-0.3652552366256714,2.2515392303466797,1.147679328918457,0.011395333334803581,0.18138284981250763,0.10882047563791275,-0.9773067831993103
29.804870099993423,-0.36549410223960876,2.251650333404541,1.147888422012329,0.011389725841581821,0.18122564256191254,0.10877491533756256,-0.9773410558700562
29.80880250001792,-0.3658369779586792,2.2517921924591064,1.1479990482330322,0.011029287241399288,0.18149840831756592,0.108023501932621,-0.9773779511451721
29.812905900005717,-0.36603760719299316,2.2519099712371826,1.1481173038482666,0.010988895781338215,0.1814669817686081,0.10781539976596832,-0.9774072170257568
29.81734539999161,-0.3662832975387573,2.2521278858184814,1.1482138633728027,0.008496148511767387,0.18113666772842407,0.10921242088079453,-0.9773382544517517
29.821563500037882,-0.3664892315864563,2.252249002456665,1.1482845544815063,0.008128618821501732,0.18125925958156586,0.10915416479110718,-0.9773250818252563
29.82550010003615,-0.366691529750824,2.2523674964904785,1.1483299732208252,0.007975086569786072,0.18142573535442352,0.10917260497808456,-0.9772934317588806
29.829672900028527,-0.36697840690612793,2.2525248527526855,1.1484471559524536,0.008452815003693104,0.1814902424812317,0.10851429402828217,-0.9773508310317993
29.834056799998507,-0.367192804813385,2.252645254135132,1.1485130786895752,0.008741133846342564,0.18151536583900452,0.10848934203386307,-0.9773463606834412
29.838065800024197,-0.3673790693283081,2.2527663707733154,1.148535132408142,0.008818134665489197,0.18166890740394592,0.10863808542490005,-0.9773005843162537
29.84203649999108,-0.3675695061683655,2.2528858184814453,1.1486515998840332,0.009156671352684498,0.18177558481693268,0.10894522815942764,-0.9772434830665588
29.84624610003084,-0.3678448498249054,2.2530131340026855,1.1487524509429932,0.009424084797501564,0.1816471368074417,0.1090269610285759,-0.9772557616233826
29.850606599997263,-0.3680148720741272,2.2531373500823975,1.1488476991653442,0.009349074214696884,0.18156518042087555,0.10937231779098511,-0.9772331118583679
29.85449380002683,-0.3681797683238983,2.253246784210205,1.148970365524292,0.009398852474987507,0.18164193630218506,0.10950794816017151,-0.9772030711174011
29.858761799987406,-0.36834341287612915,2.2533395290374756,1.1491069793701172,0.009341594763100147,0.18167941272258759,0.1096503734588623,-0.9771807193756104
29.8628514999873,-0.368545264005661,2.2534711360931396,1.1491962671279907,0.009503780864179134,0.18185506761074066,0.10976632684469223,-0.9771335124969482
29.868958900042344,-0.3686698079109192,2.253605365753174,1.1493407487869263,0.008502224460244179,0.18176299333572388,0.11035166680812836,-0.9770938754081726
29.873090700013563,-0.36883389949798584,2.2536745071411133,1.1495534181594849,0.008709852583706379,0.18154174089431763,0.11011087149381638,-0.9771603345870972
29.877248300006613,-0.3689591884613037,2.2537665367126465,1.1497286558151245,0.008806111291050911,0.18166515231132507,0.11018349975347519,-0.9771283864974976
29.881723000027705,-0.36908969283103943,2.253850221633911,1.1497995853424072,0.009005840867757797,0.18163800239562988,0.11006427556276321,-0.9771450161933899
29.885689200018533,-0.36919817328453064,2.2539069652557373,1.1498385667800903,0.008785597048699856,0.1815895438194275,0.10991623252630234,-0.9771727919578552
29.889131600037217,-0.36931732296943665,2.253970146179199,1.1498545408248901,0.00886524748057127,0.18141907453536987,0.10992751270532608,-0.9772023558616638
29.893051300023217,-0.369472861289978,2.254009962081909,1.1498217582702637,0.009094001725316048,0.18115480244159698,0.1097671166062355,-0.9772673845291138
29.897073000029195,-0.3696180284023285,2.254150152206421,1.149727463722229,0.009242773987352848,0.1810358166694641,0.10891786217689514,-0.9773829579353333
29.90087610000046,-0.36968177556991577,2.25418758392334,1.1497243642807007,0.009323726408183575,0.1810648888349533,0.1087506115436554,-0.9773954749107361
29.905038900033105,-0.36974257230758667,2.254235029220581,1.1497546434402466,0.009019320830702782,0.18097428977489471,0.10879507660865784,-0.9774101376533508
29.90884350001579,-0.3697971701622009,2.254272699356079,1.149796724319458,0.009096412919461727,0.18082267045974731,0.10874833911657333,-0.977442741394043
29.912484700034838,-0.3697971701622009,2.254272699356079,1.149796724319458,0.009096412919461727,0.18082267045974731,0.10874833911657333,-0.977442741394043
29.916741600027308,-0.36988821625709534,2.254246234893799,1.14989173412323,0.007992695085704327,0.18082493543624878,0.10916798561811447,-0.9774051308631897
29.921242400014307,-0.36992934346199036,2.254258871078491,1.1500134468078613,0.007595174014568329,0.1807171255350113,0.10918556898832321,-0.9774263501167297
29.9254462000099,-0.36994409561157227,2.2542314529418945,1.1501415967941284,0.007276520133018494,0.18051373958587646,0.10927873104810715,-0.9774559140205383
29.92960170004517,-0.37001490592956543,2.254162311553955,1.1503530740737915,0.006558693014085293,0.18049003183841705,0.10917166620492935,-0.9774773716926575
29.93386420002207,-0.3699820041656494,2.2541697025299072,1.150623083114624,0.0038893793243914843,0.18025930225849152,0.11053061485290527,-0.9773814678192139
29.938326100003906,-0.36996951699256897,2.2541160583496094,1.1507782936096191,0.003479357110336423,0.1801779419183731,0.11048131436109543,-0.9774036407470703
29.94307109998772,-0.36995989084243774,2.253946542739868,1.150850772857666,0.0033225121442228556,0.1800026148557663,0.11102893948554993,-0.9773743748664856
29.946859700023197,-0.36996787786483765,2.253887176513672,1.150986909866333,0.0025194790214300156,0.17989805340766907,0.11131194233894348,-0.9773638248443604
29.950818700017408,-0.3699690103530884,2.253800868988037,1.1510764360427856,0.0018490352667868137,0.17980390787124634,0.11152475327253342,-0.977358341217041
29.95502660004422,-0.3699650168418884,2.2537264823913574,1.1511201858520508,0.001207234337925911,0.17966462671756744,0.11185641586780548,-0.9773470759391785
29.958764000039082,-0.3699509799480438,2.253645181655884,1.1511980295181274,0.0003233626193832606,0.17979533970355988,0.11194725334644318,-0.9773133397102356
29.96307060000254,-0.36996009945869446,2.2535829544067383,1.1512278318405151,2.8259890314075164e-05,0.17995339632034302,0.11152813583612442,-0.9773322939872742
29.96734309999738,-0.3700100779533386,2.2535202503204346,1.1511818170547485,-0.00010226883023278788,0.17942911386489868,0.11134885996580124,-0.9774491190910339
29.971347499988042,-0.370090126991272,2.2534866333007812,1.151253581047058,-0.0002476118679624051,0.17913798987865448,0.11077840626239777,-0.9775672554969788
29.975826900044922,-0.370143860578537,2.2533481121063232,1.151246190071106,0.0001898084592539817,0.17910344898700714,0.11024248600006104,-0.9776341319084167
29.979508800024632,-0.37014174461364746,2.253279447555542,1.1513432264328003,-0.0005214231787249446,0.17924518883228302,0.11062513291835785,-0.977564811706543
29.983726200007368,-0.37015631794929504,2.2531378269195557,1.151339054107666,2.4786828362266533e-05,0.1793246865272522,0.1100144013762474,-0.9776192903518677
29.987848500022665,-0.37021973729133606,2.2529847621917725,1.1513954401016235,-0.00048413308104500175,0.17925402522087097,0.10981516540050507,-0.9776545166969299
29.992226900008973,-0.37026605010032654,2.2528226375579834,1.151450753211975,-0.0009489356889389455,0.17900796234607697,0.10973193496465683,-0.977708637714386
29.996363700018264,-0.37032759189605713,2.2526910305023193,1.1515491008758545,-0.001199996448121965,0.17873336374759674,0.10979117453098297,-0.9777519106864929
30.00034660001984,-0.37042173743247986,2.2525148391723633,1.1516342163085938,-0.0019014260033145547,0.17844191193580627,0.10997612774372101,-0.9777832627296448
30.004624099994544,-0.3706020414829254,2.2521860599517822,1.1516871452331543,-0.004197373986244202,0.1786089986562729,0.11138515174388885,-0.9775861501693726
30.008696000033524,-0.37072625756263733,2.2519936561584473,1.1517630815505981,-0.004697262775152922,0.1790424883365631,0.1113758236169815,-0.977505624294281
30.01296000002185,-0.37077614665031433,2.2517223358154297,1.151793122291565,-0.006350390613079071,0.1786089539527893,0.11155667901039124,-0.9775549173355103
30.01750280003762,-0.3708505928516388,2.2515485286712646,1.1518464088439941,-0.006926942616701126,0.17846539616584778,0.11160611361265182,-0.9775716662406921
30.021429100015666,-0.3709259331226349,2.25128173828125,1.151833415031433,-0.005872817710042,0.17841589450836182,0.11077671498060226,-0.9776818156242371
30.025838800007477,-0.3710624575614929,2.2509820461273193,1.1518038511276245,-0.005081905517727137,0.1784777045249939,0.10962673276662827,-0.9778046011924744
30.029973400000017,-0.37114769220352173,2.250786066055298,1.1517925262451172,-0.005450018215924501,0.17839260399341583,0.10938411951065063,-0.9778453707695007
30.034313600044698,-0.37128931283950806,2.2505807876586914,1.1518207788467407,-0.005529147572815418,0.17813202738761902,0.10914000123739243,-0.9779196977615356
30.0379091000068,-0.37128931283950806,2.2505807876586914,1.1518207788467407,-0.005529147572815418,0.17813202738761902,0.10914000123739243,-0.9779196977615356
30.041968900011852,-0.37153398990631104,2.250201940536499,1.1517621278762817,-0.005889383610337973,0.17761224508285522,0.1089901551604271,-0.9780288338661194
30.046258500020485,-0.3716137707233429,2.2500200271606445,1.1517174243927002,-0.0066140624694526196,0.17751196026802063,0.10905639827251434,-0.9780350923538208
30.05032169999322,-0.3717171847820282,2.2498185634613037,1.1516274213790894,-0.006463639438152313,0.17754046618938446,0.10875233262777328,-0.978064775466919
30.054532000038307,-0.37179264426231384,2.249647617340088,1.151677131652832,-0.006917411461472511,0.17704322934150696,0.10865850001573563,-0.9781621694564819
30.05880800000159,-0.37196311354637146,2.249415397644043,1.1516368389129639,-0.008269455283880234,0.17702211439609528,0.10885875672101974,-0.9781332015991211
30.063154000032227,-0.3720725476741791,2.2492103576660156,1.1516374349594116,-0.00860912911593914,0.17699211835861206,0.10882816463708878,-0.9781391024589539
30.06725090002874,-0.3721841275691986,2.2490034103393555,1.151659369468689,-0.009270576760172844,0.17680002748966217,0.10912381112575531,-0.9781348705291748
30.071195600030478,-0.37226665019989014,2.2487680912017822,1.1516718864440918,-0.009930549189448357,0.17684383690357208,0.10904275625944138,-0.978129506111145
30.07548440003302,-0.37239646911621094,2.248418092727661,1.1515934467315674,-0.012534870766103268,0.17714504897594452,0.10902830958366394,-0.9780466556549072
30.08030890004011,-0.3724755644798279,2.248192071914673,1.1516106128692627,-0.012757174670696259,0.17750029265880585,0.10898429900407791,-0.9779843688011169
30.08375500002876,-0.37261736392974854,2.247897148132324,1.151532530784607,-0.012241877615451813,0.17722804844379425,0.10902954638004303,-0.9780352115631104
30.08804030000465,-0.3727731704711914,2.2476863861083984,1.1514760255813599,-0.012567435391247272,0.176999032497406,0.10924513638019562,-0.97804856300354
30.092030800005887,-0.3729676902294159,2.247448205947876,1.1513720750808716,-0.013411265797913074,0.1776232272386551,0.10914181917905807,-0.9779356718063354
30.096390200022142,-0.37307289242744446,2.2472567558288574,1.1513041257858276,-0.013627128675580025,0.17763662338256836,0.10897286981344223,-0.9779491424560547
30.100854700023774,-0.373188316822052,2.247072696685791,1.1512762308120728,-0.014084595255553722,0.17771169543266296,0.10906470566987991,-0.977918803691864
30.104667900013737,-0.3733064830303192,2.2468984127044678,1.1512014865875244,-0.014403743669390678,0.17770430445671082,0.10922998934984207,-0.977897047996521
30.1087952000089,-0.3734072744846344,2.2466392517089844,1.1509325504302979,-0.014318431727588177,0.17685963213443756,0.11005532741546631,-0.9779587984085083
30.113153300015256,-0.3734923005104065,2.246507406234741,1.150866150856018,-0.013821042142808437,0.1764845997095108,0.11008092761039734,-0.9780308604240417
30.117092700034846,-0.3736077845096588,2.2463619709014893,1.1507933139801025,-0.014051361940801144,0.17665907740592957,0.10998497903347015,-0.9780068397521973
30.121396000031382,-0.37377500534057617,2.246084213256836,1.150669813156128,-0.013659544289112091,0.17730921506881714,0.10912217944860458,-0.9779914021492004
30.125613300013356,-0.37384888529777527,2.2459001541137695,1.1506069898605347,-0.013125162571668625,0.17749972641468048,0.10866671800613403,-0.9780148863792419
30.12916320003569,-0.37384888529777527,2.2459001541137695,1.1506069898605347,-0.013125162571668625,0.17749972641468048,0.10866671800613403,-0.9780148863792419
30.133668800001033,-0.3739880323410034,2.2455384731292725,1.15052330493927,-0.013137824833393097,0.17745418846607208,0.10885412991046906,-0.97800213098526
30.137894999992568,-0.374045193195343,2.245325803756714,1.1504799127578735,-0.013431261293590069,0.1773432046175003,0.10916658490896225,-0.9779835343360901
30.142419799987692,-0.37409332394599915,2.2451231479644775,1.1504862308502197,-0.013907509855926037,0.17706462740898132,0.10927841812372208,-0.9780148267745972
30.146845999988727,-0.3742212653160095,2.244978189468384,1.1505242586135864,-0.013734131120145321,0.1773395538330078,0.1088985726237297,-0.9780098795890808
30.150818200025242,-0.3743595778942108,2.2447192668914795,1.1504673957824707,-0.01238190196454525,0.1775263249874115,0.10762585699558258,-0.97813481092453
30.154995699995197,-0.37453773617744446,2.244548797607422,1.150459885597229,-0.012915241532027721,0.17776893079280853,0.10765046626329422,-0.9780811667442322
30.15882860001875,-0.37470534443855286,2.244414806365967,1.1505786180496216,-0.013653933070600033,0.17734156548976898,0.10787368565797806,-0.9781241416931152
30.163146700011566,-0.37482085824012756,2.2442424297332764,1.150665044784546,-0.01322069950401783,0.1780329793691635,0.10745864361524582,-0.978050172328949
30.167018300038762,-0.3749302327632904,2.2440273761749268,1.1506798267364502,-0.014755490235984325,0.17816580832004547,0.10738005489110947,-0.9780126214027405
30.17136410000967,-0.3750660717487335,2.24379563331604,1.1506003141403198,-0.016025083139538765,0.17804434895515442,0.10811062902212143,-0.9779343008995056
30.175397300045006,-0.3751709759235382,2.243682622909546,1.150619626045227,-0.016252804547548294,0.1779220849275589,0.10830866545438766,-0.9779309034347534
30.179591800027993,-0.3753063678741455,2.243567705154419,1.1505935192108154,-0.01645846851170063,0.17785656452178955,0.10842203348875046,-0.9779267907142639
30.183872000023257,-0.3755381405353546,2.2434158325195312,1.1504957675933838,-0.016674887388944626,0.17769062519073486,0.10816312581300735,-0.9779819846153259
30.18919400003506,-0.37564629316329956,2.243305206298828,1.1504144668579102,-0.016563767567276955,0.17776109278202057,0.10810598731040955,-0.9779773950576782
30.19277520000469,-0.3757387101650238,2.243246078491211,1.1503939628601074,-0.016008952632546425,0.17733626067638397,0.1083962544798851,-0.9780316948890686
30.1966126000043,-0.37575873732566833,2.2430851459503174,1.1503008604049683,-0.016555607318878174,0.17720088362693787,0.10959352552890778,-0.9779136776924133
30.200900199997704,-0.37582626938819885,2.24298095703125,1.15024995803833,-0.016539793461561203,0.17730143666267395,0.1096310093998909,-0.9778914451599121
30.204676699999254,-0.37592774629592896,2.2428765296936035,1.1502306461334229,-0.016621621325612068,0.1773228645324707,0.1098637506365776,-0.9778600931167603
30.209412000025623,-0.3760479688644409,2.2426815032958984,1.1501554250717163,-0.017703045159578323,0.17805346846580505,0.10980350524187088,-0.9777151346206665
30.213075100036804,-0.37618038058280945,2.2425389289855957,1.1501368284225464,-0.01680331863462925,0.17795681953430176,0.10946968197822571,-0.9777860045433044
30.217075399996247,-0.37628352642059326,2.2424376010894775,1.1501535177230835,-0.016434744000434875,0.17790691554546356,0.10949407517910004,-0.9777986407279968
30.22139200003585,-0.37642359733581543,2.242356300354004,1.150195837020874,-0.016526905819773674,0.17852987349033356,0.10940074175596237,-0.9776939153671265
30.226541800017003,-0.3765224814414978,2.2422783374786377,1.1502318382263184,-0.016660340130329132,0.17849723994731903,0.10955067723989487,-0.9776809215545654
30.23033510003006,-0.3766852021217346,2.2422597408294678,1.150205135345459,-0.015918217599391937,0.17832651734352112,0.10855395346879959,-0.9778355956077576
30.235549300035927,-0.37682434916496277,2.2421929836273193,1.1501643657684326,-0.015215090475976467,0.17820894718170166,0.10830051451921463,-0.9778963327407837
30.23960030003218,-0.376976877450943,2.2421975135803223,1.1501680612564087,-0.01616930216550827,0.1780513972043991,0.108839251101017,-0.9778498411178589
30.24315320001915,-0.37713125348091125,2.2421228885650635,1.1500502824783325,-0.016513623297214508,0.17742137610912323,0.10978131741285324,-0.9778532385826111
30.24721280002268,-0.3772682547569275,2.242096185684204,1.149982213973999,-0.01649504341185093,0.17726580798625946,0.11008536070585251,-0.977847695350647
30.2506608000258,-0.3774344325065613,2.2420942783355713,1.1498645544052124,-0.016448896378278732,0.1769511103630066,0.11003071814775467,-0.9779115319252014
30.25452660000883,-0.3774344325065613,2.2420942783355713,1.1498645544052124,-0.016448896378278732,0.1769511103630066,0.11003071814775467,-0.9779115319252014
30.258714399999008,-0.3777320981025696,2.242084503173828,1.1497300863265991,-0.01637086272239685,0.17687660455703735,0.11015788465738297,-0.9779120683670044
30.265753499988932,-0.3779270350933075,2.242058038711548,1.149690866470337,-0.016400381922721863,0.1767481118440628,0.11013585329055786,-0.9779372811317444
30.272369500016794,-0.3782203495502472,2.2420272827148438,1.1497102975845337,-0.016634510830044746,0.1769009828567505,0.11025260388851166,-0.9778924584388733
30.277405600005295,-0.37833869457244873,2.2419984340667725,1.1497257947921753,-0.016582636162638664,0.176941379904747,0.11030538380146027,-0.9778801798820496
30.28459679998923,-0.37866276502609253,2.241974353790283,1.1498204469680786,-0.016716500744223595,0.1772645264863968,0.11044618487358093,-0.9778034687042236
30.28858560003573,-0.37866276502609253,2.241974353790283,1.1498204469680786,-0.016716500744223595,0.1772645264863968,0.11044618487358093,-0.9778034687042236
30.292229400016367,-0.37891486287117004,2.2419803142547607,1.1500985622406006,-0.016139721497893333,0.17790427803993225,0.11050305515527725,-0.9776905179023743
30.297461800044402,-0.3791188597679138,2.242011308670044,1.1501141786575317,-0.016054315492510796,0.1776496171951294,0.11081325262784958,-0.9777031540870667
30.302394700003788,-0.37932103872299194,2.242051124572754,1.1501368284225464,-0.014455441385507584,0.17808610200881958,0.10949449241161346,-0.9777972102165222
30.305901000043377,-0.3794642686843872,2.242103099822998,1.150136113166809,-0.013954462483525276,0.17822393774986267,0.10935647040605545,-0.977794885635376
30.310030699998606,-0.3796558082103729,2.2421348094940186,1.1500961780548096,-0.012702209874987602,0.17815037071704865,0.10883302986621857,-0.9778836965560913
30.314038800017443,-0.37979957461357117,2.2422122955322266,1.1501504182815552,-0.012472404167056084,0.17800849676132202,0.1089681014418602,-0.9778974652290344
30.317680600041058,-0.3799382746219635,2.2422842979431152,1.1500531435012817,-0.012457978911697865,0.17793941497802734,0.10906588286161423,-0.9778993129730225
30.322069499990903,-0.38007035851478577,2.2423555850982666,1.1499289274215698,-0.012261893600225449,0.17825309932231903,0.10879160463809967,-0.9778752326965332
30.32597960002022,-0.3801818788051605,2.242441177368164,1.1498701572418213,-0.012524903751909733,0.178244486451149,0.10904069244861603,-0.9778457283973694
30.330765600025188,-0.3802679181098938,2.2425570487976074,1.1498173475265503,-0.011666052974760532,0.1781502068042755,0.10896573215723038,-0.9778818488121033
30.33418080001138,-0.3803956210613251,2.2426347732543945,1.1497646570205688,-0.011391337029635906,0.17810356616973877,0.10913383215665817,-0.9778748154640198
30.338744700013194,-0.3804832398891449,2.242701292037964,1.1497712135314941,-0.010936103761196136,0.17841048538684845,0.10919985920190811,-0.9778167605400085
30.34263190004276,-0.38061848282814026,2.242704153060913,1.1496747732162476,-0.011973547749221325,0.17885367572307587,0.10926099121570587,-0.9777167439460754
30.346566900028847,-0.3807487189769745,2.242757797241211,1.1496777534484863,-0.01198339369148016,0.17871108651161194,0.10945303738117218,-0.9777212738990784
30.350996799999848,-0.3809250295162201,2.242816209793091,1.1496944427490234,-0.012001514434814453,0.17816953361034393,0.10968267172574997,-0.9777941107749939
30.35484899999574,-0.3810648024082184,2.242849826812744,1.149765133857727,-0.012052519246935844,0.17806847393512726,0.10965357720851898,-0.9778152108192444
30.358902900014073,-0.38120099902153015,2.2429072856903076,1.1498996019363403,-0.012153619900345802,0.17803695797920227,0.10967539250850677,-0.9778172373771667
30.362910000025295,-0.38138478994369507,2.242966890335083,1.1500520706176758,-0.012199915945529938,0.1779467910528183,0.10977798700332642,-0.9778215885162354
30.367143100011162,-0.3815181255340576,2.24300479888916,1.15019690990448,-0.012012713588774204,0.1779783070087433,0.10951603949069977,-0.9778474569320679
30.371375299990177,-0.38171541690826416,2.243020534515381,1.1503528356552124,-0.011733660474419594,0.17759713530540466,0.10930623859167099,-0.9779436588287354
30.375460000010207,-0.38183411955833435,2.2431039810180664,1.1505341529846191,-0.012884458526968956,0.1781453639268875,0.10998167842626572,-0.977753758430481
30.379600999993272,-0.3819948136806488,2.2431366443634033,1.150508999824524,-0.013806159608066082,0.1777462661266327,0.11097991466522217,-0.9777010083198547
30.383727300039027,-0.3821306824684143,2.243223190307617,1.150447130203247,-0.01320714596658945,0.1778257042169571,0.10984394699335098,-0.97782301902771
30.38793369999621,-0.38227468729019165,2.243265151977539,1.1503028869628906,-0.013271425850689411,0.17741571366786957,0.10955633223056793,-0.9779289364814758
30.391936500032898,-0.38242048025131226,2.2432749271392822,1.15012526512146,-0.012385411188006401,0.17751486599445343,0.10905737429857254,-0.9779782891273499
30.39603140001418,-0.3824527859687805,2.24330472946167,1.1500037908554077,-0.013783451169729233,0.1775253713130951,0.11055533587932587,-0.9777895212173462
30.40035509999143,-0.38254478573799133,2.2433321475982666,1.1499217748641968,-0.013729562982916832,0.17772440612316132,0.11064064502716064,-0.9777445197105408
30.404497999988962,-0.38260942697525024,2.2433688640594482,1.1498894691467285,-0.013787359930574894,0.1777649074792862,0.11090554296970367,-0.977706253528595
30.40866489999462,-0.3827591836452484,2.2434799671173096,1.149940013885498,-0.012945416383445263,0.1775842308998108,0.11141949146986008,-0.9776921272277832
30.413288700045086,-0.38283687829971313,2.2434959411621094,1.149980902671814,-0.012907820753753185,0.17758679389953613,0.11153611540794373,-0.9776788949966431
30.416996699990705,-0.3829345405101776,2.2435176372528076,1.1500492095947266,-0.013039561919867992,0.17742203176021576,0.11158465594053268,-0.9777015447616577
30.421425300010014,-0.3830462098121643,2.2435450553894043,1.1501582860946655,-0.012663539499044418,0.17761103808879852,0.11162304133176804,-0.9776678085327148
30.42535630002385,-0.3831242024898529,2.2435531616210938,1.150299310684204,-0.012630954384803772,0.17750205099582672,0.11152972280979156,-0.9776986241340637
30.42974029999459,-0.3832648992538452,2.2435522079467773,1.1505056619644165,-0.013033979572355747,0.17743048071861267,0.11177127063274384,-0.9776787757873535
30.43432280002162,-0.3833366334438324,2.2435851097106934,1.1506880521774292,-0.013136254623532295,0.17725928127765656,0.11172239482402802,-0.9777140021324158
30.43783519999124,-0.3833445608615875,2.2435848712921143,1.1508948802947998,-0.013370797038078308,0.17715361714363098,0.1118822693824768,-0.9777117967605591
30.442401100008283,-0.38342994451522827,2.2436225414276123,1.1509507894515991,-0.013336683623492718,0.1768736094236374,0.11173241585493088,-0.9777799844741821
30.44639090000419,-0.38347068428993225,2.243671417236328,1.1510165929794312,-0.013324045576155186,0.17676056921482086,0.11185184866189957,-0.9777870178222656
30.450441499997396,-0.38349515199661255,2.2437071800231934,1.1510452032089233,-0.013460895977914333,0.1767396628856659,0.11191429942846298,-0.9777817726135254
30.4545378999901,-0.383527547121048,2.243762731552124,1.1510653495788574,-0.01321218628436327,0.17674224078655243,0.11184725165367126,-0.9777923822402954
30.458636499999557,-0.38353997468948364,2.2438435554504395,1.1510485410690308,-0.013077017851173878,0.17673642933368683,0.11185123026371002,-0.9777947664260864
30.462831599987112,-0.3835253119468689,2.2439277172088623,1.1510313749313354,-0.01313854567706585,0.17673790454864502,0.112031951546669,-0.9777730107307434
30.46805460000178,-0.3835299611091614,2.2439916133880615,1.1510242223739624,-0.012781407684087753,0.17674900591373444,0.11194649338722229,-0.9777855277061462
30.47155080002267,-0.383453905582428,2.244079351425171,1.150990605354309,-0.012585751712322235,0.1765448898077011,0.11187142133712769,-0.9778335094451904
30.475728499994148,-0.38339126110076904,2.2442209720611572,1.1510939598083496,-0.011485525406897068,0.17593063414096832,0.11202577501535416,-0.977940022945404
30.479732800042257,-0.3833378255367279,2.2443602085113525,1.1511857509613037,-0.010609634220600128,0.1761428862810135,0.11115642637014389,-0.978010892868042
30.48420060001081,-0.3833053708076477,2.2444417476654053,1.1512422561645508,-0.010604829527437687,0.17598527669906616,0.1112694963812828,-0.9780265688896179
30.488313300011214,-0.38325679302215576,2.2445261478424072,1.1513208150863647,-0.010677028447389603,0.17566809058189392,0.1114295944571495,-0.9780645370483398
30.4921531000291,-0.3831508755683899,2.2446107864379883,1.1515095233917236,-0.010239538736641407,0.17510883510112762,0.11146532744169235,-0.9781654477119446
30.496331800008193,-0.3831382393836975,2.2446985244750977,1.151655912399292,-0.010198919102549553,0.17481234669685364,0.11197969317436218,-0.9781600832939148
30.50049810000928,-0.3830535411834717,2.244795083999634,1.1517702341079712,-0.010054176673293114,0.17454180121421814,0.11227037757635117,-0.9781766533851624
30.504748600011226,-0.3829408288002014,2.244884967803955,1.1518476009368896,-0.010304396972060204,0.1744360327720642,0.11243302375078201,-0.9781742095947266
30.508772900037002,-0.3828033208847046,2.2450008392333984,1.1519138813018799,-0.0101082818582654,0.17426607012748718,0.11241300404071808,-0.9782087802886963
30.512917599990033,-0.3826364278793335,2.2451508045196533,1.1520476341247559,-0.011108207516372204,0.1740248203277588,0.11316775530576706,-0.9781539440155029
30.517141100019217,-0.38252541422843933,2.245241403579712,1.1521239280700684,-0.011083538644015789,0.1739397644996643,0.1132907122373581,-0.9781550765037537
30.52122049999889,-0.38242578506469727,2.2453296184539795,1.1521700620651245,-0.011180187575519085,0.17383910715579987,0.11344343423843384,-0.978154182434082
30.525493299996015,-0.38234424591064453,2.245434522628784,1.152215600013733,-0.010996975004673004,0.17367596924304962,0.11347516626119614,-0.9781815409660339
30.529834899993148,-0.38229092955589294,2.2455670833587646,1.152180790901184,-0.01124214194715023,0.17323628067970276,0.11366346478462219,-0.9782349467277527
30.533960500033572,-0.3821898102760315,2.245725393295288,1.1522784233093262,-0.010954838246107101,0.17242081463336945,0.11408358067274094,-0.9783333539962769
30.538362200022675,-0.3820895850658417,2.245830535888672,1.1523114442825317,-0.010981439612805843,0.17226654291152954,0.11408250778913498,-0.9783602952957153
30.542067800008226,-0.3820174038410187,2.245938539505005,1.1523618698120117,-0.011193229816854,0.17207512259483337,0.1141476035118103,-0.9783840179443359
30.546415199991316,-0.38196253776550293,2.2460315227508545,1.1523929834365845,-0.011177901178598404,0.17191177606582642,0.1140817254781723,-0.9784205555915833
30.550513299996965,-0.38198086619377136,2.2461369037628174,1.1524652242660522,-0.011016777716577053,0.17185281217098236,0.11380422115325928,-0.9784650802612305
30.555025100009516,-0.38189300894737244,2.2462005615234375,1.1525262594223022,-0.011087589897215366,0.1715666949748993,0.11399875581264496,-0.9784917831420898
30.55916420003632,-0.3818317651748657,2.2462656497955322,1.152605414390564,-0.011109528131783009,0.17123213410377502,0.11430932581424713,-0.9785140156745911
30.562853800016455,-0.381798654794693,2.2463414669036865,1.1527040004730225,-0.011850958690047264,0.17095200717449188,0.11480137705802917,-0.9784966707229614
30.56708599999547,-0.38179484009742737,2.2464442253112793,1.1529291868209839,-0.012770763598382473,0.17054946720600128,0.1154538169503212,-0.9784785509109497
30.571370900026523,-0.3816957473754883,2.2464935779571533,1.153110384941101,-0.012609895318746567,0.1707901507616043,0.11518753319978714,-0.978469967842102
30.575854199996684,-0.38166290521621704,2.24650502204895,1.1532504558563232,-0.012381937354803085,0.17056874930858612,0.11518333107233047,-0.9785121083259583
30.57981640001526,-0.38164377212524414,2.2464981079101562,1.1534318923950195,-0.012401780113577843,0.17049142718315125,0.11506414413452148,-0.9785393476486206
30.583774800004903,-0.38159361481666565,2.2465052604675293,1.153586745262146,-0.012272363528609276,0.17025385797023773,0.11496716737747192,-0.9785937070846558
30.588075800042134,-0.38157621026039124,2.2465765476226807,1.1537457704544067,-0.013451749458909035,0.16987039148807526,0.11552483588457108,-0.9785791039466858
30.591970400011633,-0.38157621026039124,2.2465765476226807,1.1537457704544067,-0.013451749458909035,0.16987039148807526,0.11552483588457108,-0.9785791039466858
30.59629880002467,-0.3813943564891815,2.2467305660247803,1.1540234088897705,-0.013041005469858646,0.17009226977825165,0.11461802572011948,-0.978652834892273
30.600616700015962,-0.3813150227069855,2.2467868328094482,1.154065728187561,-0.012870210222899914,0.16994325816631317,0.11475500464439392,-0.9786649346351624
30.60449170001084,-0.3812445402145386,2.2468650341033936,1.1541156768798828,-0.012767137959599495,0.16984999179840088,0.11490411311388016,-0.9786649346351624
30.60878120001871,-0.38116511702537537,2.246962785720825,1.1541565656661987,-0.012729384005069733,0.1698092669248581,0.11495847254991531,-0.9786660671234131
30.612797400041018,-0.38109925389289856,2.2470643520355225,1.1542168855667114,-0.012437723577022552,0.1696646809577942,0.1151672825217247,-0.9786704182624817
30.61692880000919,-0.3810429275035858,2.247159242630005,1.154261827468872,-0.012271861545741558,0.16955970227718353,0.11530508100986481,-0.9786744117736816
30.62116550002247,-0.3809841275215149,2.247260093688965,1.1543278694152832,-0.012242595665156841,0.16948361694812775,0.11537807434797287,-0.9786794185638428
30.625256600033026,-0.38095569610595703,2.2473535537719727,1.1543699502944946,-0.012062962166965008,0.16920635104179382,0.11528069525957108,-0.9787411093711853
30.62939690001076,-0.38092041015625,2.2474300861358643,1.1544626951217651,-0.012131384573876858,0.16912277042865753,0.11533241719007492,-0.9787485599517822
30.63359829998808,-0.3808560073375702,2.247553825378418,1.1547120809555054,-0.013733591884374619,0.16920553147792816,0.11631400883197784,-0.9785969853401184
30.63805810001213,-0.3808303475379944,2.2476208209991455,1.1548473834991455,-0.014281583949923515,0.16918572783470154,0.11651185154914856,-0.9785690307617188
30.642141200019978,-0.38079899549484253,2.2476601600646973,1.1549723148345947,-0.014185984618961811,0.16912372410297394,0.11638221144676208,-0.978596568107605
30.646159900003113,-0.38078758120536804,2.2476916313171387,1.155114769935608,-0.013825771398842335,0.16902616620063782,0.11602222174406052,-0.978661298751831
30.65049500000896,-0.3808107078075409,2.247706651687622,1.1552655696868896,-0.014211412519216537,0.16892170906066895,0.11631869524717331,-0.9786385893821716
30.654472100024577,-0.38079512119293213,2.247743844985962,1.1553680896759033,-0.014280266128480434,0.16886398196220398,0.1160431057214737,-0.9786802530288696
30.658673300000373,-0.38077735900878906,2.2477893829345703,1.1554561853408813,-0.01446080207824707,0.16858617961406708,0.11604323983192444,-0.9787254929542542
30.66308550001122,-0.3807433545589447,2.2478482723236084,1.155517339706421,-0.014366427436470985,0.16843435168266296,0.11586126685142517,-0.9787745475769043
30.667407200031448,-0.3807187080383301,2.2479159832000732,1.1555695533752441,-0.01441776193678379,0.16828827559947968,0.11602146923542023,-0.9787800312042236
30.671620800043456,-0.38066884875297546,2.248030662536621,1.1556707620620728,-0.013761095702648163,0.16778607666492462,0.11629290878772736,-0.9788434505462646
30.677256599999964,-0.3806036412715912,2.2481162548065186,1.1556551456451416,-0.013634740374982357,0.16759143769741058,0.11627202481031418,-0.9788810014724731
30.681481100036763,-0.38058000802993774,2.248196840286255,1.155633807182312,-0.013528897427022457,0.16763335466384888,0.1163264587521553,-0.9788689017295837
30.68648969999049,-0.38055163621902466,2.248277425765991,1.155606746673584,-0.013521358370780945,0.16752883791923523,0.11643222719430923,-0.9788742661476135
30.69087460002629,-0.38053277134895325,2.2483975887298584,1.1555567979812622,-0.014338424429297447,0.16705633699893951,0.11705205589532852,-0.9788694977760315
30.696258999989368,-0.38049376010894775,2.2485220432281494,1.1555293798446655,-0.014329357072710991,0.16672217845916748,0.11738860607147217,-0.9788862466812134
30.70048040000256,-0.3804653286933899,2.248565673828125,1.155545711517334,-0.014171448536217213,0.16662771999835968,0.1174236312508583,-0.9789004325866699
30.704741600027774,-0.380420058965683,2.248626708984375,1.1556016206741333,-0.014649338088929653,0.16630057990550995,0.11782276630401611,-0.9789011478424072
30.710058199998457,-0.38035327196121216,2.24869441986084,1.155660629272461,-0.013765837997198105,0.16608278453350067,0.11796104162931442,-0.9789342284202576
30.713713700009976,-0.3803102970123291,2.2487149238586426,1.1557400226593018,-0.013314655981957912,0.1661761850118637,0.11777215451002121,-0.9789474010467529
30.71732360002352,-0.3802673816680908,2.248711109161377,1.1558746099472046,-0.013137324713170528,0.1660601943731308,0.11770793795585632,-0.9789772033691406
30.721249299996998,-0.38015735149383545,2.2486283779144287,1.1560266017913818,-0.014197822660207748,0.16584019362926483,0.11776959151029587,-0.9789922833442688
30.72610110003734,-0.3801332712173462,2.248628854751587,1.156233549118042,-0.014571988955140114,0.1655915081501007,0.11774402111768723,-0.9790319204330444
30.72976750001544,-0.38010096549987793,2.248624563217163,1.1563820838928223,-0.014077690429985523,0.1650385707616806,0.11734959483146667,-0.9791797995567322
30.73387380002532,-0.3801184594631195,2.248645305633545,1.1565169095993042,-0.014167003333568573,0.16504141688346863,0.11744442582130432,-0.9791666865348816
30.737874799990095,-0.38015440106391907,2.2486658096313477,1.1566976308822632,-0.014965462498366833,0.16474288702011108,0.11760454624891281,-0.9791858792304993
30.742144800024107,-0.38014960289001465,2.2487032413482666,1.156760573387146,-0.014876004308462143,0.16466407477855682,0.1173250675201416,-0.9792340993881226
30.746534700039774,-0.38011953234672546,2.248751401901245,1.156801700592041,-0.014749233610928059,0.16477617621421814,0.11704391986131668,-0.9792507886886597
30.750365399988368,-0.38013091683387756,2.248774766921997,1.1568180322647095,-0.014908717945218086,0.16479839384555817,0.11719243228435516,-0.9792268872261047
30.754527000011876,-0.3800894320011139,2.248788356781006,1.156786561012268,-0.014871831052005291,0.16481263935565948,0.11697903275489807,-0.9792505502700806
30.759247400041204,-0.3800528943538666,2.2488105297088623,1.1567295789718628,-0.015014920383691788,0.16489259898662567,0.11711278557777405,-0.9792189002037048
30.76378239999758,-0.380056768655777,2.2488081455230713,1.1566929817199707,-0.015357466414570808,0.1650187224149704,0.1171552836894989,-0.9791872501373291
30.767948199994862,-0.38007497787475586,2.248798131942749,1.15668785572052,-0.015584101900458336,0.1649177074432373,0.11739163100719452,-0.97917240858078
30.771349099988583,-0.3800683319568634,2.248800754547119,1.1566985845565796,-0.015395798720419407,0.1648900955915451,0.11725395917892456,-0.9791964888572693
30.7756566000171,-0.38005781173706055,2.2487871646881104,1.1567214727401733,-0.01552503276616335,0.16477423906326294,0.11742766201496124,-0.9791932106018066
30.78328319999855,-0.3800770342350006,2.248755693435669,1.1569099426269531,-0.015820877626538277,0.16449566185474396,0.11722074449062347,-0.9792600274085999
30.788117700023577,-0.3800707757472992,2.2487282752990723,1.156999111175537,-0.015703365206718445,0.1644020676612854,0.11710962653160095,-0.9792909026145935
30.79205380001804,-0.38011279702186584,2.248706340789795,1.1571149826049805,-0.015784775838255882,0.1644003838300705,0.11732276529073715,-0.9792643785476685
30.796207900042646,-0.3800951838493347,2.248657464981079,1.1572389602661133,-0.01664649322628975,0.16490034759044647,0.11727067828178406,-0.9791722893714905
30.80039540003054,-0.38005030155181885,2.248683452606201,1.1573237180709839,-0.016209136694669724,0.16450032591819763,0.11743483692407608,-0.9792272448539734
30.80479780002497,-0.3800261318683624,2.2486472129821777,1.157340407371521,-0.01699002832174301,0.1651063710451126,0.11742714047431946,-0.979112982749939
30.808952099992894,-0.3800692558288574,2.2486653327941895,1.157356858253479,-0.016948778182268143,0.16508372128009796,0.1173987165093422,-0.9791208505630493
30.81285410001874,-0.38004425168037415,2.2487287521362305,1.157452940940857,-0.016588516533374786,0.16602733731269836,0.11628139019012451,-0.9791008830070496
30.817125000001397,-0.3800521492958069,2.2487337589263916,1.157427191734314,-0.016678309068083763,0.16604724526405334,0.11632708460092545,-0.9790904521942139
30.82121050002752,-0.3800051510334015,2.248743772506714,1.1573671102523804,-0.016646478325128555,0.1660299450159073,0.11608579009771347,-0.9791225790977478
30.825373700005002,-0.3799968659877777,2.2487475872039795,1.1573395729064941,-0.01671353168785572,0.16616137325763702,0.11595708131790161,-0.9791144132614136
30.829414000036195,-0.38001692295074463,2.2487454414367676,1.1572381258010864,-0.016580935567617416,0.16629691421985626,0.11588992923498154,-0.9791016578674316
30.833673599991016,-0.3799973726272583,2.24873423576355,1.157223105430603,-0.016912056133151054,0.16645728051662445,0.11597774177789688,-0.9790583252906799
30.837860500032548,-0.37997227907180786,2.248697280883789,1.1573288440704346,-0.016979707404971123,0.16645854711532593,0.11588091403245926,-0.979068398475647
30.84192350000376,-0.38000696897506714,2.2486348152160645,1.1573946475982666,-0.016307218000292778,0.16628891229629517,0.11537713557481766,-0.979168176651001
30.846382900024764,-0.38002100586891174,2.248608350753784,1.1575109958648682,-0.017496364191174507,0.16624078154563904,0.11629180610179901,-0.9790475368499756
30.85081730003003,-0.37997308373451233,2.2485358715057373,1.1575617790222168,-0.01682097092270851,0.16634975373744965,0.11568903177976608,-0.9791122674942017
30.854575300007127,-0.38005155324935913,2.2484657764434814,1.1576135158538818,-0.01664602942764759,0.16617879271507263,0.11547383666038513,-0.9791697263717651
30.858817900007125,-0.38005369901657104,2.248424530029297,1.157676339149475,-0.01690635085105896,0.16593363881111145,0.11567903310060501,-0.9791826605796814
30.86283410002943,-0.37995779514312744,2.2483882904052734,1.1577119827270508,-0.01679469458758831,0.16605381667613983,0.11557234823703766,-0.9791768193244934
30.86709419998806,-0.3799334466457367,2.2483558654785156,1.1577140092849731,-0.01715029962360859,0.16595718264579773,0.11568525433540344,-0.9791736602783203
30.871208800002933,-0.3799106180667877,2.248307943344116,1.1576932668685913,-0.01715412549674511,0.1660010665655136,0.11560847610235214,-0.9791752696037292
30.87533050001366,-0.37985262274742126,2.24831223487854,1.1576995849609375,-0.016800904646515846,0.1656196415424347,0.11581934988498688,-0.979220986366272
30.879711200017482,-0.37979748845100403,2.2482714653015137,1.1576451063156128,-0.0170604158192873,0.16579239070415497,0.1158236712217331,-0.9791867733001709
30.883869900018908,-0.3797338604927063,2.2482542991638184,1.157623052597046,-0.01677234284579754,0.16571205854415894,0.11584386229515076,-0.979202926158905
30.888017999997828,-0.379670649766922,2.24822998046875,1.1575981378555298,-0.0169332567602396,0.16560675203800201,0.11609010398387909,-0.979188859462738
30.892289700044785,-0.3795097768306732,2.2482190132141113,1.1575851440429688,-0.01717975176870823,0.16580413281917572,0.11649572104215622,-0.9791030287742615
30.896750500018243,-0.37942975759506226,2.248157501220703,1.1575429439544678,-0.016916116699576378,0.16580389440059662,0.11648192256689072,-0.9791092872619629
30.900870300014503,-0.3793438971042633,2.2481250762939453,1.1575490236282349,-0.017330238595604897,0.16573765873908997,0.11670899391174316,-0.9790862202644348
30.904325300012715,-0.3793438971042633,2.2481250762939453,1.1575490236282349,-0.017330238595604897,0.16573765873908997,0.11670899391174316,-0.9790862202644348
30.908755999989808,-0.379146933555603,2.2480733394622803,1.1576284170150757,-0.017139242962002754,0.16519594192504883,0.11695585399866104,-0.9791516065597534
30.912881200027186,-0.37902289628982544,2.2479684352874756,1.157655119895935,-0.017810463905334473,0.16519033908843994,0.11816849559545517,-0.9789950251579285
30.91723300004378,-0.37897905707359314,2.247948169708252,1.1577337980270386,-0.018457496538758278,0.16513760387897491,0.11862684041261673,-0.9789364337921143
30.921326600015163,-0.3789706826210022,2.2479376792907715,1.1579777002334595,-0.019759437069296837,0.16473384201526642,0.1194487065076828,-0.9788792133331299
30.925302400020882,-0.37892043590545654,2.2479207515716553,1.1580705642700195,-0.019260963425040245,0.1643170267343521,0.11948329955339432,-0.9789549112319946
30.929721200023778,-0.37890681624412537,2.2478742599487305,1.1581279039382935,-0.019408073276281357,0.1643432080745697,0.11948951333761215,-0.9789469242095947
30.933806899993215,-0.37877357006073,2.2478415966033936,1.1582201719284058,-0.020164454355835915,0.1647469848394394,0.11983570456504822,-0.9788213968276978
30.937890700006392,-0.378729909658432,2.247771739959717,1.1582412719726562,-0.020648183301091194,0.16481271386146545,0.11990346014499664,-0.9787919521331787
30.942096700018737,-0.3787088990211487,2.247716188430786,1.15822434425354,-0.020713208243250847,0.16483037173748016,0.11978907138109207,-0.9788015484809875
30.94608960003825,-0.3786624073982239,2.247663974761963,1.158183217048645,-0.02074636146426201,0.16491162776947021,0.11965454369783401,-0.9788036942481995
30.950309700041544,-0.37863752245903015,2.2476210594177246,1.1581337451934814,-0.020648611709475517,0.16481803357601166,0.11952804774045944,-0.9788369536399841
30.95440420001978,-0.3786245584487915,2.247554302215576,1.1580519676208496,-0.020989904180169106,0.16487234830856323,0.11964770406484604,-0.9788059592247009
30.9584941000212,-0.3785691559314728,2.2474777698516846,1.1579535007476807,-0.021014664322137833,0.16489309072494507,0.1195186972618103,-0.9788176417350769
30.963017500005662,-0.3785179853439331,2.2473864555358887,1.157658338546753,-0.02288593165576458,0.16541506350040436,0.11994859576225281,-0.9786349534988403
30.96762290003244,-0.378440797328949,2.247333288192749,1.1574875116348267,-0.023142924532294273,0.16557326912879944,0.12008820474147797,-0.9785851240158081
30.97149530000752,-0.3783847987651825,2.247239589691162,1.1573907136917114,-0.022830741479992867,0.16574358940124512,0.1199096217751503,-0.9785854816436768
30.975629599997774,-0.3783247768878937,2.247163772583008,1.1573243141174316,-0.02255888842046261,0.1656978726387024,0.11980418115854263,-0.9786124229431152
30.979550599993672,-0.37829747796058655,2.2470762729644775,1.1572633981704712,-0.022669106721878052,0.16559578478336334,0.11996221542358398,-0.9786077737808228
30.983884099987336,-0.37826305627822876,2.2469630241394043,1.1571987867355347,-0.02207280695438385,0.16576088964939117,0.11971106380224228,-0.9786242842674255
30.98786100000143,-0.37822291254997253,2.246741533279419,1.1570390462875366,-0.019045598804950714,0.1662328839302063,0.11790259182453156,-0.9788272976875305
30.992168200027663,-0.37819552421569824,2.246609687805176,1.1569879055023193,-0.018016980960965157,0.16644777357578278,0.11733551323413849,-0.978878378868103
30.99631340004271,-0.3781905174255371,2.2465195655822754,1.1569654941558838,-0.018447894603013992,0.1663293093442917,0.11769969016313553,-0.9788468480110168
31.0003366000019,-0.3781640827655792,2.2464072704315186,1.1569368839263916,-0.01849139854311943,0.16632284224033356,0.11781330406665802,-0.9788333773612976
31.005002500023693,-0.378152996301651,2.2462613582611084,1.1569925546646118,-0.018053844571113586,0.16612960398197174,0.11767333000898361,-0.9788911938667297
31.00887600000715,-0.3781602680683136,2.246135711669922,1.1570039987564087,-0.01830374263226986,0.16607026755809784,0.11787058413028717,-0.9788728952407837
31.01293430000078,-0.378152459859848,2.246018409729004,1.156973958015442,-0.018470775336027145,0.16613835096359253,0.1178727000951767,-0.9788579344749451
31.017632300034165,-0.378146767616272,2.2458460330963135,1.156854510307312,-0.019019942730665207,0.1654844433069229,0.11889080703258514,-0.9788351058959961
31.021181799995247,-0.37816619873046875,2.245676279067993,1.1567506790161133,-0.01827864535152912,0.16552500426769257,0.118511863052845,-0.9788883328437805
31.025656700017862,-0.3781808018684387,2.2455523014068604,1.1566886901855469,-0.018476950004696846,0.16555680334568024,0.11865495145320892,-0.978861927986145
31.029672600037884,-0.37818050384521484,2.2454264163970947,1.1565873622894287,-0.01868649572134018,0.16560125350952148,0.11872708052396774,-0.9788416028022766
31.033750500006136,-0.37816551327705383,2.2452361583709717,1.1564717292785645,-0.02018849365413189,0.1655658781528473,0.11866270005702972,-0.978825569152832
31.03784689999884,-0.3782006502151489,2.24511981010437,1.1563785076141357,-0.020156625658273697,0.16556692123413086,0.11872188001871109,-0.9788188934326172
31.04186669999035,-0.37823250889778137,2.2450037002563477,1.1562464237213135,-0.020272403955459595,0.16561350226402283,0.11878751218318939,-0.9788007140159607
31.04632500000298,-0.3782461881637573,2.244889497756958,1.156124472618103,-0.020250579342246056,0.1656629890203476,0.1188797578215599,-0.978781521320343
31.05056990002049,-0.3782877027988434,2.2447714805603027,1.155996561050415,-0.020334867760539055,0.16579008102416992,0.1189841702580452,-0.9787455797195435
31.054556599992793,-0.37837910652160645,2.2446162700653076,1.155855417251587,-0.020786568522453308,0.16546399891376495,0.12018050998449326,-0.9786450862884521
31.060182799992617,-0.3784022927284241,2.2445008754730225,1.1557598114013672,-0.02080383524298668,0.16550302505493164,0.12029769271612167,-0.9786237478256226
31.064181299996562,-0.37846821546554565,2.2443883419036865,1.1556775569915771,-0.021087195724248886,0.16549444198608398,0.12060550600290298,-0.9785812497138977
31.068038400029764,-0.37851518392562866,2.2442963123321533,1.155603289604187,-0.02148997224867344,0.1655201017856598,0.12092949450016022,-0.9785282015800476
31.07165860000532,-0.37859025597572327,2.2441751956939697,1.1555616855621338,-0.02181357890367508,0.16570599377155304,0.12124217301607132,-0.9784508943557739
31.075608300045133,-0.3786896765232086,2.2440648078918457,1.1555156707763672,-0.0220746211707592,0.16554348170757294,0.12135187536478043,-0.9784588813781738
31.0801189999911,-0.37876519560813904,2.2439610958099365,1.1554789543151855,-0.02258448302745819,0.16590365767478943,0.12168645113706589,-0.9783446788787842
31.083702900039498,-0.3788081705570221,2.2438321113586426,1.1554713249206543,-0.02256501279771328,0.16598564386367798,0.1217203363776207,-0.9783269762992859
31.087994900008198,-0.378883421421051,2.2437312602996826,1.155487298965454,-0.022842654958367348,0.1659550815820694,0.12194245308637619,-0.9782981276512146
31.0919974000426,-0.37894946336746216,2.2436296939849854,1.1554971933364868,-0.022683382034301758,0.16588512063026428,0.12192510068416595,-0.9783158302307129
31.096066800004337,-0.37903711199760437,2.2435035705566406,1.1554394960403442,-0.023680785670876503,0.16627630591392517,0.12215298414230347,-0.9781973958015442
31.09932929999195,-0.37903711199760437,2.2435035705566406,1.1554394960403442,-0.023680785670876503,0.16627630591392517,0.12215298414230347,-0.9781973958015442
31.105047399993055,-0.37919849157333374,2.243389844894409,1.1553266048431396,-0.02381393499672413,0.1662214696407318,0.12235870957374573,-0.9781777858734131
31.110544800001662,-0.3792648911476135,2.2433481216430664,1.15521240234375,-0.023759305477142334,0.1663755476474762,0.12241969257593155,-0.9781452417373657
31.11479620001046,-0.37942472100257874,2.243293046951294,1.1550471782684326,-0.02319946698844433,0.16628898680210114,0.12203547358512878,-0.9782214760780334
31.118851700040977,-0.3795247972011566,2.2432801723480225,1.1548386812210083,-0.02359379455447197,0.16638994216918945,0.12221303582191467,-0.9781726598739624
31.12331739999354,-0.3795691728591919,2.2432754039764404,1.1546688079833984,-0.023708151653409004,0.16656270623207092,0.12236061692237854,-0.9781219959259033
31.127320100029465,-0.37963441014289856,2.2432861328125,1.1545116901397705,-0.02397194691002369,0.16676074266433716,0.12243514508008957,-0.9780725240707397
31.131453200010583,-0.37970057129859924,2.243290662765503,1.154367208480835,-0.023758236318826675,0.16680672764778137,0.12244553118944168,-0.9780686497688293
31.13553910003975,-0.3797333836555481,2.24322772026062,1.1541374921798706,-0.022416749969124794,0.16712729632854462,0.12178319692611694,-0.97812819480896
31.13962430000538,-0.37975504994392395,2.243217706680298,1.154014229774475,-0.022487584501504898,0.16724571585655212,0.12184285372495651,-0.9780989289283752
31.144446499994956,-0.3798195719718933,2.2432010173797607,1.1538902521133423,-0.02269265428185463,0.16723817586898804,0.12201013416051865,-0.9780746698379517
31.148502800031565,-0.37982407212257385,2.2431588172912598,1.1538193225860596,-0.022834207862615585,0.16720153391361237,0.12221655994653702,-0.9780518412590027
31.15232009999454,-0.37987422943115234,2.243130683898926,1.1537328958511353,-0.023009641095995903,0.1675182431936264,0.12240853905677795,-0.9779695272445679
31.156573500018567,-0.3799068033695221,2.2430784702301025,1.153679370880127,-0.02327711693942547,0.16750653088092804,0.12248721718788147,-0.9779554009437561
31.160428100032732,-0.37992772459983826,2.243032455444336,1.1536295413970947,-0.023662008345127106,0.16743925213813782,0.12254401296377182,-0.9779505133628845
31.164650699996855,-0.37997472286224365,2.2429327964782715,1.1534830331802368,-0.024274583905935287,0.16642963886260986,0.12409507483243942,-0.9779122471809387
31.168643600016367,-0.380003422498703,2.2429039478302,1.1534360647201538,-0.024341491982340813,0.1664242148399353,0.12415441870689392,-0.9779039621353149
31.17581169999903,-0.38005656003952026,2.242893934249878,1.153366208076477,-0.024270648136734962,0.1663666069507599,0.12428119033575058,-0.977899432182312
31.179696600011084,-0.38012537360191345,2.2428581714630127,1.153442144393921,-0.023781735450029373,0.16636064648628235,0.12393639236688614,-0.9779561758041382
31.184272000042256,-0.3801811933517456,2.2428488731384277,1.1534423828125,-0.023803573101758957,0.1663726419210434,0.12389639765024185,-0.9779586791992188
31.187930100015365,-0.38022366166114807,2.2428879737854004,1.1532797813415527,-0.024078678339719772,0.16671635210514069,0.12411583960056305,-0.9778655767440796
31.192270900006406,-0.380277544260025,2.2429115772247314,1.153207540512085,-0.024042349308729172,0.1667686551809311,0.12419439852237701,-0.9778475761413574
31.19616049999604,-0.3803688585758209,2.2429184913635254,1.1531257629394531,-0.023929553106427193,0.1668844223022461,0.12423346936702728,-0.9778256416320801
31.200348799990024,-0.38044261932373047,2.242936611175537,1.1530269384384155,-0.02376728132367134,0.1670057624578476,0.12422516942024231,-0.9778099656105042
31.204625300015323,-0.3805520832538605,2.242964029312134,1.1529357433319092,-0.02371998131275177,0.16707727313041687,0.1239926815032959,-0.9778283834457397
31.208663700032048,-0.38064655661582947,2.2429802417755127,1.1528195142745972,-0.023525869473814964,0.16724388301372528,0.12375233322381973,-0.9778351187705994
31.213772399991285,-0.38074013590812683,2.243006944656372,1.1526881456375122,-0.023467782884836197,0.1673673391342163,0.12374774366617203,-0.9778158664703369
31.217499200021848,-0.38083863258361816,2.2430291175842285,1.1525633335113525,-0.023328954353928566,0.16750468313694,0.12363285571336746,-0.977810263633728
31.221497200021986,-0.3809743821620941,2.2429871559143066,1.1524156332015991,-0.024330617859959602,0.1682262271642685,0.12343358993530273,-0.9776871800422668
31.22553739999421,-0.38108399510383606,2.2429990768432617,1.1523548364639282,-0.024341650307178497,0.16836512088775635,0.12324079871177673,-0.9776872992515564
31.22953230002895,-0.38119009137153625,2.243020534515381,1.1523276567459106,-0.024142557755112648,0.16843093931674957,0.12317319959402084,-0.9776893854141235
31.234394500032067,-0.38133686780929565,2.242988348007202,1.1522853374481201,-0.0245662909001112,0.16891585290431976,0.12318070232868195,-0.977594256401062
31.238026800041553,-0.38144877552986145,2.2430176734924316,1.1523112058639526,-0.025467922911047935,0.16877208650112152,0.12367633730173111,-0.9775334000587463
31.242139300040435,-0.3815496861934662,2.2430195808410645,1.1523208618164062,-0.02555668167769909,0.16889017820358276,0.12374177575111389,-0.9775024056434631
31.24662829999579,-0.38169190287590027,2.2430083751678467,1.1523593664169312,-0.025097236037254333,0.16871322691440582,0.12351714819669724,-0.9775732755661011
31.250416800030507,-0.3817913830280304,2.2430384159088135,1.152361512184143,-0.024605106562376022,0.16888387501239777,0.12350113689899445,-0.9775583148002625
31.254545300034806,-0.3818712532520294,2.2430572509765625,1.1523228883743286,-0.024781648069620132,0.16889739036560059,0.12360875308513641,-0.9775379300117493
31.258754000009503,-0.3819468915462494,2.2430925369262695,1.1522830724716187,-0.024881824851036072,0.16897477209568024,0.12368142604827881,-0.9775128960609436
31.262994899996556,-0.38198336958885193,2.243166923522949,1.1522490978240967,-0.024565258994698524,0.16877952218055725,0.12398885190486908,-0.9775156378746033
31.267239600012545,-0.3820304274559021,2.2431843280792236,1.1521610021591187,-0.02452271804213524,0.1687493920326233,0.1241752877831459,-0.9774982929229736
31.27120110002579,-0.38205578923225403,2.243217945098877,1.1520746946334839,-0.02462681010365486,0.16885429620742798,0.12421686202287674,-0.9774722456932068
31.27549860003637,-0.3820854723453522,2.243241548538208,1.1519675254821777,-0.024445172399282455,0.16888079047203064,0.12428271025419235,-0.9774637818336487
31.280390400032047,-0.3820651173591614,2.2432961463928223,1.1518453359603882,-0.024139462038874626,0.16900332272052765,0.12453332543373108,-0.9774183630943298
31.284897900011856,-0.38205453753471375,2.243340492248535,1.1517223119735718,-0.023834465071558952,0.16903984546661377,0.12470399588346481,-0.9773977398872375
31.290145600039978,-0.3820616602897644,2.2433762550354004,1.1516107320785522,-0.023720214143395424,0.16948994994163513,0.12488530576229095,-0.9772994518280029
31.294184900005348,-0.38208478689193726,2.2434520721435547,1.1514370441436768,-0.023810382932424545,0.16925102472305298,0.12508827447891235,-0.9773126840591431
31.29814870003611,-0.3820594549179077,2.2434351444244385,1.151214599609375,-0.021848164498806,0.16947749257087708,0.12414968013763428,-0.9774389863014221
31.30231040000217,-0.3820527195930481,2.2434699535369873,1.151140809059143,-0.021517014130949974,0.16955699026584625,0.12411219626665115,-0.9774372577667236
31.306216900004074,-0.382083922624588,2.243577718734741,1.15109384059906,-0.020469974726438522,0.16975750029087067,0.12423884868621826,-0.9774088859558105
31.310075999994297,-0.3821461796760559,2.2436153888702393,1.1510554552078247,-0.020289519801735878,0.16952891647815704,0.12428459525108337,-0.9774464964866638
31.313769200001843,-0.3821461796760559,2.2436153888702393,1.1510554552078247,-0.020289519801735878,0.16952891647815704,0.12428459525108337,-0.9774464964866638
31.317458300036378,-0.3821810781955719,2.243699789047241,1.150970697402954,-0.020274296402931213,0.16943366825580597,0.12422312796115875,-0.977471113204956
31.321325600030832,-0.3821917772293091,2.2437193393707275,1.150950312614441,-0.020341070368885994,0.16932860016822815,0.12419948726892471,-0.977491021156311
31.325657500012312,-0.38215067982673645,2.2437660694122314,1.1508913040161133,-0.020121904090046883,0.16910859942436218,0.1238059401512146,-0.9775835275650024
31.32975279999664,-0.38216790556907654,2.243807077407837,1.150879979133606,-0.019834784790873528,0.16905330121517181,0.12344563007354736,-0.9776444435119629
31.333800000022165,-0.38222935795783997,2.2438244819641113,1.1509379148483276,-0.019855981692671776,0.16926777362823486,0.1235944926738739,-0.9775881767272949
31.338489399990067,-0.38222959637641907,2.24385404586792,1.1509687900543213,-0.0198616161942482,0.16929754614830017,0.12339981645345688,-0.9776074290275574
31.342249700042885,-0.3822300434112549,2.243870258331299,1.150988221168518,-0.019964680075645447,0.1691960096359253,0.12336990982294083,-0.9776268005371094
31.34630100004142,-0.38223522901535034,2.243896961212158,1.1510231494903564,-0.019795937463641167,0.16914045810699463,0.1230349987745285,-0.9776819348335266
31.350007500033826,-0.38223522901535034,2.243896961212158,1.1510231494903564,-0.019795937463641167,0.16914045810699463,0.1230349987745285,-0.9776819348335266
31.354518400039524,-0.38216134905815125,2.2439193725585938,1.1510374546051025,-0.019638093188405037,0.16922582685947418,0.12290199846029282,-0.9776871800422668
31.35931339999661,-0.3821541666984558,2.2439522743225098,1.1510577201843262,-0.01956275850534439,0.16930793225765228,0.12277455627918243,-0.9776903986930847
31.36294810002437,-0.3821493685245514,2.2440202236175537,1.1510072946548462,-0.01912481151521206,0.16920673847198486,0.12254366278648376,-0.977745532989502
31.36722210003063,-0.38221004605293274,2.244119167327881,1.1509571075439453,-0.018665440380573273,0.16905739903450012,0.1217459887266159,-0.9778799414634705
31.371495700033847,-0.38219085335731506,2.244178295135498,1.1508320569992065,-0.018544770777225494,0.16864842176437378,0.12171055376529694,-0.9779572486877441
31.375370900030248,-0.3821767270565033,2.244227170944214,1.1507608890533447,-0.01823984645307064,0.16873523592948914,0.12170667946338654,-0.9779485464096069
31.379634300014004,-0.38216936588287354,2.244290590286255,1.1506980657577515,-0.018177982419729233,0.16879941523075104,0.12179548293352127,-0.977927565574646
31.383679300022777,-0.3822205364704132,2.2443389892578125,1.1506836414337158,-0.01799740083515644,0.1689852774143219,0.1217406839132309,-0.9779055714607239
31.387777400028426,-0.38224366307258606,2.244381904602051,1.1505942344665527,-0.019294466823339462,0.1680527925491333,0.12356208264827728,-0.9778131246566772
31.39217100001406,-0.38215458393096924,2.2445340156555176,1.1506544351577759,-0.018570559099316597,0.16885842382907867,0.12196505814790726,-0.977888822555542
31.396179200033657,-0.3822222054004669,2.2445571422576904,1.1506562232971191,-0.01846042461693287,0.1686011552810669,0.12253905087709427,-0.9778634905815125
31.400391600036528,-0.3822484612464905,2.244598150253296,1.1506919860839844,-0.018182840198278427,0.16859762370586395,0.12251149863004684,-0.9778728485107422
31.405147200042848,-0.38226839900016785,2.2446515560150146,1.1507200002670288,-0.018003758043050766,0.1686341017484665,0.12238457053899765,-0.9778857231140137
31.408721400017384,-0.3822813034057617,2.244682550430298,1.150747299194336,-0.017818229272961617,0.16870923340320587,0.12228237837553024,-0.9778889417648315
31.413022900000215,-0.38229072093963623,2.2447502613067627,1.150825023651123,-0.017177853733301163,0.1682252585887909,0.12244883924722672,-0.9779629111289978
31.417088799993508,-0.38229814171791077,2.244802236557007,1.150834560394287,-0.017028052359819412,0.16821132600307465,0.12239428609609604,-0.9779747724533081
31.421159100020304,-0.38230636715888977,2.2448253631591797,1.150809645652771,-0.017051950097084045,0.16821542382240295,0.12238147854804993,-0.9779752492904663
31.425237599993125,-0.38232171535491943,2.2448716163635254,1.1507948637008667,-0.016858568415045738,0.1681329756975174,0.12233428657054901,-0.9779987335205078
31.42949240002781,-0.3823412358760834,2.244920492172241,1.1507118940353394,-0.016846178099513054,0.16768452525138855,0.12231706082820892,-0.9780780673027039
31.4338071999955,-0.3823346197605133,2.2450239658355713,1.1508018970489502,-0.016460327431559563,0.16843187808990479,0.12131258100271225,-0.9780812859535217
31.437981499999296,-0.38237717747688293,2.245011806488037,1.1507264375686646,-0.016924232244491577,0.16752411425113678,0.12238295376300812,-0.9780959486961365
31.442284899996594,-0.3823785185813904,2.245105743408203,1.1508375406265259,-0.0163568165153265,0.16824427247047424,0.12132678180932999,-0.9781136512756348
31.446395600039978,-0.38238269090652466,2.245138645172119,1.150866150856018,-0.016297446563839912,0.16818882524967194,0.12128526717424393,-0.9781292080879211
31.450712300022133,-0.3824250102043152,2.245241641998291,1.150917649269104,-0.01743832603096962,0.16784223914146423,0.1221609115600586,-0.9780601859092712
31.455354800040368,-0.3824140429496765,2.2452380657196045,1.15093994140625,-0.016330819576978683,0.16791214048862457,0.12153903394937515,-0.9781447052955627
31.458879300043918,-0.3824024498462677,2.2452566623687744,1.1509830951690674,-0.015956804156303406,0.16788406670093536,0.12137346714735031,-0.9781762957572937
31.46351680002408,-0.382408082485199,2.24535870552063,1.1510478258132935,-0.017202887684106827,0.1675754338502884,0.12222544103860855,-0.9781019687652588
31.46775880001951,-0.38240349292755127,2.245405912399292,1.1510816812515259,-0.017144707962870598,0.1674305945634842,0.12236593663692474,-0.9781102538108826
31.471349700004794,-0.38237956166267395,2.245447874069214,1.1511023044586182,-0.01706148311495781,0.16735705733299255,0.12237762659788132,-0.9781227707862854
31.475753900012933,-0.38236722350120544,2.24548077583313,1.1511386632919312,-0.01692093349993229,0.16724681854248047,0.12234307825565338,-0.9781484603881836
31.479621300008148,-0.3823640048503876,2.245511531829834,1.1511657238006592,-0.016762491315603256,0.16717715561389923,0.122430719435215,-0.9781520962715149
31.484226300031878,-0.382332444190979,2.2455296516418457,1.1512022018432617,-0.016496039927005768,0.16711536049842834,0.12247028946876526,-0.9781622290611267
31.48826630000258,-0.38233157992362976,2.245513916015625,1.1512025594711304,-0.016954632475972176,0.16732802987098694,0.12250003218650818,-0.9781143665313721
31.49226450000424,-0.38232308626174927,2.2455058097839355,1.1512480974197388,-0.016770021989941597,0.16737958788871765,0.1223582774400711,-0.9781264662742615
31.496540700027253,-0.38230401277542114,2.245511770248413,1.1513020992279053,-0.016854574903845787,0.16725054383277893,0.12241961807012558,-0.978139340877533
31.50055410002824,-0.3822877109050751,2.2455241680145264,1.1513984203338623,-0.016655277460813522,0.16752801835536957,0.1224256232380867,-0.9780946373939514
31.50466440001037,-0.3823179602622986,2.245561361312866,1.1514631509780884,-0.0164627842605114,0.1675797402858734,0.12234246730804443,-0.9780994057655334
31.508695600030478,-0.3823288381099701,2.245612382888794,1.1515252590179443,-0.01607835851609707,0.1674918681383133,0.12232193350791931,-0.9781233668327332
31.513883500010706,-0.38234445452690125,2.2456517219543457,1.1515793800354004,-0.01612827554345131,0.16746695339679718,0.12235262244939804,-0.9781230092048645
31.51928860001499,-0.3823404312133789,2.2457516193389893,1.1516989469528198,-0.017251458019018173,0.16736237704753876,0.12314105033874512,-0.9780227541923523
31.523057400016114,-0.38235709071159363,2.2458016872406006,1.1517401933670044,-0.017218438908457756,0.16725264489650726,0.1232207790017128,-0.978032112121582
31.526697700028308,-0.3823656439781189,2.245847463607788,1.1517655849456787,-0.017251061275601387,0.1673027127981186,0.12326055020093918,-0.9780179858207703
31.53040869999677,-0.38238662481307983,2.245905876159668,1.1517704725265503,-0.0168327447026968,0.16744576394557953,0.12332352995872498,-0.9779927730560303
31.533958000014536,-0.3823864459991455,2.2459511756896973,1.151787281036377,-0.01687740348279476,0.16739700734615326,0.12352737784385681,-0.9779746532440186
31.53808750002645,-0.38241416215896606,2.2459986209869385,1.1517754793167114,-0.016794908791780472,0.1670462042093277,0.12351000308990479,-0.9780383110046387
31.54212689999258,-0.38241541385650635,2.2460031509399414,1.1518343687057495,-0.016733277589082718,0.16739365458488464,0.12342717498540878,-0.9779903888702393
31.546564100019168,-0.3824355900287628,2.2460145950317383,1.1518751382827759,-0.016648417338728905,0.16733604669570923,0.12355732172727585,-0.9779852628707886
31.550890600017738,-0.38245025277137756,2.2460129261016846,1.1519159078598022,-0.016478797420859337,0.1673155426979065,0.12338101863861084,-0.9780138731002808
31.554791100032162,-0.38248005509376526,2.2460222244262695,1.151936411857605,-0.016348883509635925,0.16728195548057556,0.12328529357910156,-0.9780338406562805
31.559084500011522,-0.38251563906669617,2.2460525035858154,1.1519352197647095,-0.016276847571134567,0.16699402034282684,0.12321311235427856,-0.9780933856964111
31.562823500018567,-0.3825337588787079,2.2460787296295166,1.151940941810608,-0.016155600547790527,0.16698680818080902,0.12312427908182144,-0.978107750415802
31.56711649999488,-0.38255658745765686,2.246131181716919,1.1519674062728882,-0.016325585544109344,0.16698342561721802,0.12325258553028107,-0.9780893921852112
31.571433100034483,-0.38257262110710144,2.2461767196655273,1.151984691619873,-0.01598278246819973,0.16694769263267517,0.12316073477268219,-0.9781127572059631
31.575514700030908,-0.3825762867927551,2.2462236881256104,1.1520143747329712,-0.016056450083851814,0.1668882668018341,0.123236283659935,-0.9781121015548706
31.57967790000839,-0.3825855851173401,2.246273994445801,1.15205979347229,-0.0160231813788414,0.166848823428154,0.12324529886245728,-0.9781182408332825
31.58364760002587,-0.38257667422294617,2.24630069732666,1.1521224975585938,-0.016152426600456238,0.16675877571105957,0.1232067421078682,-0.9781363606452942
31.588329099991824,-0.3825618326663971,2.246338367462158,1.1522034406661987,-0.016171300783753395,0.16677729785442352,0.12310311198234558,-0.978145956993103
31.592286800034344,-0.3825620114803314,2.2463736534118652,1.1523001194000244,-0.016121385619044304,0.16657568514347076,0.12324901670217514,-0.9781627058982849
31.596331500040833,-0.3825060725212097,2.246410846710205,1.1524953842163086,-0.01521620899438858,0.16634224355220795,0.12337764352560043,-0.9782007932662964
31.60083890001988,-0.3824862241744995,2.2464206218719482,1.1526012420654297,-0.014983619563281536,0.16626238822937012,0.12337204813957214,-0.9782186150550842
31.604486800031736,-0.3824630379676819,2.246429920196533,1.1526875495910645,-0.014839982613921165,0.1661657691001892,0.12326745688915253,-0.9782504439353943
31.60875280003529,-0.3824257552623749,2.246422052383423,1.1527925729751587,-0.014799768105149269,0.1661517173051834,0.12317373603582382,-0.9782651662826538
31.617453399987426,-0.3823602497577667,2.246406316757202,1.152939796447754,-0.014853836968541145,0.1659919023513794,0.12314896285533905,-0.9782946109771729
